   1196.00012    0.8900800      46.93
   1196.00183    0.8766200      46.22
   1196.00342    0.8605900      45.37
   1196.00513    0.8413700      44.36
   1196.00671    0.8185400      43.15
   1196.00842    0.7916400      41.74
   1196.01001    0.7599400      40.06
   1196.01172    0.7228500      38.11
   1196.01331    0.6806400      35.88
   1196.01501    0.6344600      33.45
   1196.01660    0.5862500      30.91
   1196.01831    0.5394500      28.44
   1196.01990    0.5000300      26.36
   1196.02161    0.4756300      25.07
   1196.02332    0.4721800      24.89
   1196.02490    0.4904800      25.86
   1196.02661    0.5258100      27.72
   1196.02820    0.5709100      30.10
   1196.02991    0.6193100      32.65
   1196.03149    0.6666300      35.14
   1196.03320    0.7101900      37.44
   1196.03479    0.7486200      39.47
   1196.03650    0.7816900      41.21
   1196.03809    0.8099400      42.70
   1196.03979    0.8339900      43.97
   1196.04138    0.8542500      45.03
   1196.04309    0.8711200      45.92
   1196.04468    0.8851800      46.66
   1196.04639    0.8970300      47.29
   1196.04797    0.9071600      47.82
   1196.04968    0.9159800      48.29
   1196.05139    0.9238400      48.70
   1196.05298    0.9308700      49.07
   1196.05469    0.9368700      49.39
   1196.05627    0.9417500      49.65
   1196.05798    0.9458100      49.86
   1196.05957    0.9494800      50.05
   1196.06128    0.9528600      50.23
   1196.06287    0.9557200      50.38
   1196.06458    0.9580500      50.50
   1196.06616    0.9602100      50.62
   1196.06787    0.9625500      50.74
   1196.06946    0.9650100      50.87
   1196.07117    0.9672400      50.99
   1196.07275    0.9690900      51.08
   1196.07446    0.9707100      51.17
   1196.07617    0.9722400      51.25
   1196.07776    0.9735800      51.32
   1196.07947    0.9746500      51.38
   1196.08105    0.9755000      51.42
   1196.08276    0.9762600      51.46
   1196.08435    0.9769400      51.50
   1196.08606    0.9775100      51.53
   1196.08765    0.9780300      51.55
   1196.08936    0.9786600      51.59
   1196.09094    0.9793900      51.63
   1196.09265    0.9800700      51.66
   1196.09424    0.9805800      51.69
   1196.09595    0.9809900      51.71
   1196.09753    0.9813100      51.73
   1196.09924    0.9814400      51.73
   1196.10083    0.9813800      51.73
   1196.10254    0.9813700      51.73
   1196.10425    0.9817600      51.75
   1196.10583    0.9825300      51.79
   1196.10754    0.9832900      51.83
   1196.10913    0.9838000      51.86
   1196.11084    0.9842600      51.88
   1196.11243    0.9849600      51.92
   1196.11414    0.9857900      51.96
   1196.11572    0.9863500      51.99
   1196.11743    0.9864700      52.00
   1196.11902    0.9864300      51.99
   1196.12073    0.9865900      52.00
   1196.12231    0.9869800      52.02
   1196.12402    0.9873500      52.04
   1196.12561    0.9875800      52.05
   1196.12732    0.9877400      52.06
   1196.12903    0.9879000      52.07
   1196.13062    0.9879900      52.08
   1196.13232    0.9878800      52.07
   1196.13391    0.9875900      52.05
   1196.13562    0.9872800      52.04
   1196.13721    0.9870700      52.03
   1196.13892    0.9869900      52.02
   1196.14050    0.9868600      52.02
   1196.14221    0.9864700      51.99
   1196.14380    0.9857400      51.96
   1196.14551    0.9848100      51.91
   1196.14709    0.9838600      51.86
   1196.14880    0.9828600      51.80
   1196.15039    0.9816200      51.74
   1196.15210    0.9800900      51.66
   1196.15369    0.9784500      51.57
   1196.15540    0.9769100      51.49
   1196.15710    0.9754100      51.41
   1196.15869    0.9737700      51.32
   1196.16040    0.9718900      51.22
   1196.16199    0.9698100      51.11
   1196.16370    0.9674600      50.99
   1196.16528    0.9646800      50.84
   1196.16699    0.9613200      50.67
   1196.16858    0.9572700      50.45
   1196.17029    0.9523600      50.19
   1196.17188    0.9463900      49.88
   1196.17358    0.9391800      49.50
   1196.17517    0.9304200      49.04
   1196.17688    0.9195400      48.46
   1196.17847    0.9059600      47.75
   1196.18018    0.8896300      46.89
   1196.18188    0.8711900      45.92
   1196.18347    0.8517900      44.89
   1196.18518    0.8332600      43.92
   1196.18677    0.8187100      43.15
   1196.18848    0.8120000      42.80
   1196.19006    0.8156100      42.99
   1196.19177    0.8286100      43.67
   1196.19336    0.8470500      44.64
   1196.19507    0.8667200      45.68
   1196.19666    0.8852500      46.66
   1196.19836    0.9019300      47.53
   1196.19995    0.9163500      48.29
   1196.20166    0.9281400      48.92
   1196.20325    0.9374700      49.41
   1196.20496    0.9450600      49.81
   1196.20667    0.9513900      50.14
   1196.20825    0.9563800      50.40
   1196.20996    0.9600100      50.59
   1196.21155    0.9626900      50.74
   1196.21326    0.9648200      50.85
   1196.21484    0.9662900      50.92
   1196.21655    0.9667900      50.95
   1196.21814    0.9664600      50.93
   1196.21985    0.9658100      50.90
   1196.22144    0.9653600      50.88
   1196.22314    0.9655700      50.89
   1196.22473    0.9669300      50.96
   1196.22644    0.9697200      51.10
   1196.22815    0.9734100      51.30
   1196.22974    0.9769100      51.48
   1196.23145    0.9795500      51.62
   1196.23303    0.9816000      51.73
   1196.23474    0.9836000      51.84
   1196.23633    0.9855000      51.94
   1196.23804    0.9868400      52.01
   1196.23962    0.9875600      52.04
   1196.24133    0.9881100      52.07
   1196.24292    0.9888200      52.11
   1196.24463    0.9894700      52.14
   1196.24622    0.9897500      52.16
   1196.24792    0.9898400      52.16
   1196.24951    0.9900900      52.18
   1196.25122    0.9904900      52.20
   1196.25293    0.9907700      52.21
   1196.25452    0.9909300      52.22
   1196.25623    0.9913400      52.24
   1196.25781    0.9921200      52.28
   1196.25952    0.9928400      52.32
   1196.26111    0.9930900      52.33
   1196.26282    0.9930900      52.33
   1196.26440    0.9933600      52.35
   1196.26611    0.9939600      52.38
   1196.26770    0.9943600      52.40
   1196.26941    0.9942400      52.39
   1196.27100    0.9939300      52.38
   1196.27271    0.9939400      52.38
   1196.27429    0.9943200      52.40
   1196.27600    0.9946700      52.41
   1196.27771    0.9947500      52.42
   1196.27930    0.9946000      52.41
   1196.28101    0.9943000      52.39
   1196.28259    0.9938600      52.37
   1196.28430    0.9934000      52.35
   1196.28589    0.9932400      52.34
   1196.28760    0.9934700      52.35
   1196.28918    0.9937800      52.37
   1196.29089    0.9937900      52.37
   1196.29248    0.9935300      52.35
   1196.29419    0.9934400      52.35
   1196.29578    0.9937800      52.37
   1196.29749    0.9943100      52.39
   1196.29919    0.9946400      52.41
   1196.30078    0.9945900      52.41
   1196.30249    0.9943900      52.40
   1196.30408    0.9942700      52.39
   1196.30579    0.9942300      52.39
   1196.30737    0.9940900      52.38
   1196.30908    0.9937700      52.36
   1196.31067    0.9934300      52.35
   1196.31238    0.9932200      52.33
   1196.31396    0.9930800      52.33
   1196.31567    0.9928400      52.31
   1196.31726    0.9925300      52.30
   1196.31897    0.9923700      52.29
   1196.32068    0.9924600      52.29
   1196.32227    0.9926800      52.31
   1196.32397    0.9929300      52.32
   1196.32556    0.9932600      52.34
   1196.32727    0.9937300      52.36
   1196.32886    0.9941100      52.38
   1196.33057    0.9941500      52.38
   1196.33215    0.9939000      52.37
   1196.33386    0.9937200      52.36
   1196.33545    0.9937700      52.36
   1196.33716    0.9938700      52.37
   1196.33875    0.9938400      52.37
   1196.34045    0.9937300      52.36
   1196.34204    0.9937700      52.36
   1196.34375    0.9939900      52.37
   1196.34546    0.9943500      52.39
   1196.34705    0.9949100      52.42
   1196.34875    0.9956300      52.46
   1196.35034    0.9962600      52.49
   1196.35205    0.9965200      52.51
   1196.35364    0.9964400      52.50
   1196.35535    0.9964000      52.50
   1196.35693    0.9965900      52.51
   1196.35864    0.9968600      52.52
   1196.36023    0.9970000      52.53
   1196.36194    0.9971100      52.54
   1196.36353    0.9974000      52.55
   1196.36523    0.9978000      52.57
   1196.36694    0.9980300      52.58
   1196.36853    0.9979900      52.58
   1196.37024    0.9978700      52.57
   1196.37183    0.9977700      52.57
   1196.37354    0.9975300      52.56
   1196.37512    0.9970300      52.53
   1196.37683    0.9965000      52.50
   1196.37842    0.9963100      52.49
   1196.38013    0.9963700      52.49
   1196.38171    0.9961700      52.48
   1196.38342    0.9954300      52.44
   1196.38501    0.9945400      52.40
   1196.38672    0.9940900      52.37
   1196.38843    0.9940900      52.37
   1196.39001    0.9939000      52.36
   1196.39172    0.9930100      52.32
   1196.39331    0.9916000      52.24
   1196.39502    0.9901600      52.17
   1196.39661    0.9889900      52.10
   1196.39832    0.9880900      52.06
   1196.39990    0.9876200      52.03
   1196.40161    0.9879800      52.05
   1196.40320    0.9893200      52.12
   1196.40491    0.9912200      52.22
   1196.40649    0.9929600      52.31
   1196.40820    0.9941600      52.38
   1196.40991    0.9950100      52.42
   1196.41150    0.9957900      52.46
   1196.41321    0.9964700      52.50
   1196.41479    0.9967100      52.51
   1196.41650    0.9964500      52.50
   1196.41809    0.9960900      52.48
   1196.41980    0.9960900      52.48
   1196.42139    0.9964300      52.49
   1196.42310    0.9966500      52.51
   1196.42468    0.9964600      52.50
   1196.42639    0.9960700      52.47
   1196.42798    0.9958900      52.46
   1196.42969    0.9959800      52.47
   1196.43140    0.9960200      52.47
   1196.43298    0.9959200      52.47
   1196.43469    0.9959500      52.47
   1196.43628    0.9963200      52.49
   1196.43799    0.9968100      52.51
   1196.43958    0.9971000      52.53
   1196.44128    0.9972200      52.53
   1196.44287    0.9974100      52.54
   1196.44458    0.9976400      52.56
   1196.44617    0.9976100      52.55
   1196.44788    0.9972400      52.53
   1196.44946    0.9968500      52.51
   1196.45117    0.9967200      52.51
   1196.45288    0.9966400      52.50
   1196.45447    0.9963200      52.49
   1196.45618    0.9958400      52.46
   1196.45776    0.9956200      52.45
   1196.45947    0.9957000      52.45
   1196.46106    0.9956200      52.45
   1196.46277    0.9950100      52.42
   1196.46436    0.9941500      52.37
   1196.46606    0.9936600      52.34
   1196.46765    0.9937600      52.35
   1196.46936    0.9940900      52.37
   1196.47095    0.9942800      52.38
   1196.47266    0.9944000      52.38
   1196.47437    0.9947700      52.40
   1196.47595    0.9953800      52.43
   1196.47766    0.9957300      52.45
   1196.47925    0.9953900      52.43
   1196.48096    0.9945600      52.39
   1196.48254    0.9939500      52.36
   1196.48425    0.9940700      52.36
   1196.48584    0.9946900      52.40
   1196.48755    0.9951700      52.42
   1196.48914    0.9952400      52.42
   1196.49084    0.9952200      52.42
   1196.49255    0.9954400      52.44
   1196.49414    0.9958100      52.45
   1196.49585    0.9959700      52.46
   1196.49744    0.9958800      52.46
   1196.49915    0.9958300      52.46
   1196.50073    0.9959700      52.46
   1196.50244    0.9961100      52.47
   1196.50403    0.9960900      52.47
   1196.50574    0.9960400      52.47
   1196.50732    0.9961700      52.47
   1196.50903    0.9962900      52.48
   1196.51062    0.9959700      52.46
   1196.51233    0.9950900      52.41
   1196.51404    0.9941000      52.36
   1196.51562    0.9935700      52.33
   1196.51733    0.9936700      52.34
   1196.51892    0.9941400      52.36
   1196.52063    0.9945800      52.39
   1196.52222    0.9947500      52.40
   1196.52393    0.9946500      52.39
   1196.52551    0.9945200      52.38
   1196.52722    0.9945700      52.39
   1196.52881    0.9947900      52.40
   1196.53052    0.9949800      52.41
   1196.53210    0.9950200      52.41
   1196.53381    0.9950400      52.41
   1196.53552    0.9951800      52.42
   1196.53711    0.9953700      52.43
   1196.53882    0.9954600      52.43
   1196.54041    0.9954500      52.43
   1196.54211    0.9954700      52.43
   1196.54370    0.9954500      52.43
   1196.54541    0.9951800      52.42
   1196.54700    0.9946600      52.39
   1196.54871    0.9942000      52.36
   1196.55029    0.9940100      52.35
   1196.55200    0.9939100      52.35
   1196.55371    0.9935900      52.33
   1196.55530    0.9930300      52.30
   1196.55701    0.9925900      52.28
   1196.55859    0.9924800      52.27
   1196.56030    0.9925800      52.28
   1196.56189    0.9926100      52.28
   1196.56360    0.9924300      52.27
   1196.56519    0.9920400      52.25
   1196.56689    0.9915700      52.22
   1196.56848    0.9912200      52.21
   1196.57019    0.9911800      52.20
   1196.57178    0.9913000      52.21
   1196.57349    0.9911700      52.20
   1196.57520    0.9905700      52.17
   1196.57678    0.9898300      52.13
   1196.57849    0.9894200      52.11
   1196.58008    0.9893700      52.11
   1196.58179    0.9892500      52.10
   1196.58337    0.9887200      52.07
   1196.58508    0.9879300      52.03
   1196.58667    0.9871800      51.99
   1196.58838    0.9864800      51.95
   1196.58997    0.9856000      51.91
   1196.59167    0.9844900      51.85
   1196.59338    0.9833700      51.79
   1196.59497    0.9823200      51.73
   1196.59668    0.9810200      51.67
   1196.59827    0.9791100      51.57
   1196.59998    0.9766400      51.44
   1196.60156    0.9739800      51.29
   1196.60327    0.9713700      51.16
   1196.60486    0.9686200      51.01
   1196.60657    0.9652600      50.84
   1196.60815    0.9609300      50.61
   1196.60986    0.9556200      50.33
   1196.61157    0.9493700      50.00
   1196.61316    0.9420800      49.61
   1196.61487    0.9334100      49.16
   1196.61646    0.9230100      48.61
   1196.61816    0.9106300      47.96
   1196.61975    0.8961300      47.19
   1196.62146    0.8793700      46.31
   1196.62305    0.8604800      45.32
   1196.62476    0.8405100      44.26
   1196.62634    0.8219500      43.29
   1196.62805    0.8084600      42.58
   1196.62976    0.8034500      42.31
   1196.63135    0.8082900      42.57
   1196.63306    0.8214900      43.26
   1196.63464    0.8395500      44.21
   1196.63635    0.8589500      45.23
   1196.63794    0.8775200      46.21
   1196.63965    0.8944200      47.10
   1196.64124    0.9092800      47.88
   1196.64294    0.9218500      48.55
   1196.64453    0.9322100      49.09
   1196.64624    0.9408500      49.55
   1196.64783    0.9482300      49.93
   1196.64954    0.9544400      50.26
   1196.65125    0.9594300      50.52
   1196.65283    0.9634500      50.74
   1196.65454    0.9669900      50.92
   1196.65613    0.9701800      51.09
   1196.65784    0.9728300      51.23
   1196.65942    0.9748800      51.34
   1196.66113    0.9766400      51.43
   1196.66272    0.9783700      51.52
   1196.66443    0.9798600      51.60
   1196.66602    0.9808000      51.65
   1196.66772    0.9813100      51.67
   1196.66943    0.9818100      51.70
   1196.67102    0.9824900      51.74
   1196.67273    0.9831600      51.77
   1196.67432    0.9835900      51.79
   1196.67603    0.9838800      51.81
   1196.67761    0.9842000      51.83
   1196.67932    0.9845800      51.85
   1196.68091    0.9849600      51.87
   1196.68262    0.9853400      51.89
   1196.68420    0.9857200      51.91
   1196.68591    0.9860300      51.92
   1196.68762    0.9862800      51.93
   1196.68921    0.9866500      51.95
   1196.69092    0.9872500      51.99
   1196.69250    0.9879400      52.02
   1196.69421    0.9884800      52.05
   1196.69580    0.9888300      52.07
   1196.69751    0.9891500      52.09
   1196.69910    0.9895400      52.11
   1196.70081    0.9899200      52.13
   1196.70239    0.9901700      52.14
   1196.70410    0.9902800      52.14
   1196.70581    0.9902400      52.14
   1196.70740    0.9900700      52.13
   1196.70911    0.9899200      52.12
   1196.71069    0.9899900      52.13
   1196.71240    0.9903200      52.15
   1196.71399    0.9906900      52.16
   1196.71570    0.9908900      52.17
   1196.71729    0.9909700      52.18
   1196.71899    0.9910800      52.18
   1196.72058    0.9912900      52.20
   1196.72229    0.9914400      52.20
   1196.72400    0.9912900      52.20
   1196.72559    0.9907300      52.17
   1196.72729    0.9898500      52.12
   1196.72888    0.9889100      52.07
   1196.73059    0.9881600      52.03
   1196.73218    0.9875500      52.00
   1196.73389    0.9869000      51.96
   1196.73547    0.9862700      51.93
   1196.73718    0.9861100      51.92
   1196.73877    0.9868500      51.96
   1196.74048    0.9883000      52.04
   1196.74219    0.9898000      52.12
   1196.74377    0.9908400      52.17
   1196.74548    0.9914900      52.20
   1196.74707    0.9920200      52.23
   1196.74878    0.9925400      52.26
   1196.75037    0.9930100      52.28
   1196.75208    0.9935100      52.31
   1196.75366    0.9941700      52.34
   1196.75537    0.9949400      52.38
   1196.75696    0.9955100      52.41
   1196.75867    0.9956600      52.42
   1196.76038    0.9955300      52.42
   1196.76196    0.9954700      52.41
   1196.76367    0.9955600      52.42
   1196.76526    0.9956000      52.42
   1196.76697    0.9953600      52.41
   1196.76855    0.9950200      52.39
   1196.77026    0.9949900      52.39
   1196.77185    0.9954400      52.41
   1196.77356    0.9960600      52.44
   1196.77515    0.9964600      52.46
   1196.77686    0.9966500      52.47
   1196.77856    0.9968500      52.48
   1196.78015    0.9970900      52.50
   1196.78186    0.9970500      52.49
   1196.78345    0.9966700      52.47
   1196.78516    0.9962900      52.45
   1196.78674    0.9962400      52.45
   1196.78845    0.9963200      52.45
   1196.79004    0.9961300      52.44
   1196.79175    0.9957500      52.42
   1196.79346    0.9956400      52.42
   1196.79504    0.9959400      52.43
   1196.79675    0.9962100      52.45
   1196.79834    0.9960400      52.44
   1196.80005    0.9955700      52.41
   1196.80164    0.9952200      52.40
   1196.80334    0.9950800      52.39
   1196.80493    0.9950100      52.38
   1196.80664    0.9949800      52.38
   1196.80823    0.9950900      52.39
   1196.80994    0.9952300      52.39
   1196.81165    0.9951800      52.39
   1196.81323    0.9949500      52.38
   1196.81494    0.9948900      52.38
   1196.81653    0.9951700      52.39
   1196.81824    0.9955400      52.41
   1196.81982    0.9956300      52.41
   1196.82153    0.9954600      52.41
   1196.82312    0.9953200      52.40
   1196.82483    0.9953700      52.40
   1196.82642    0.9955200      52.41
   1196.82812    0.9956700      52.42
   1196.82983    0.9959000      52.43
   1196.83142    0.9962600      52.45
   1196.83313    0.9965800      52.46
   1196.83472    0.9966200      52.47
   1196.83643    0.9963500      52.45
   1196.83801    0.9959900      52.43
   1196.83972    0.9957400      52.42
   1196.84131    0.9955400      52.41
   1196.84302    0.9952200      52.39
   1196.84460    0.9947900      52.37
   1196.84631    0.9945600      52.36
   1196.84802    0.9947600      52.37
   1196.84961    0.9951600      52.39
   1196.85132    0.9953200      52.40
   1196.85291    0.9951700      52.39
   1196.85461    0.9950600      52.38
   1196.85620    0.9952100      52.39
   1196.85791    0.9953100      52.39
   1196.85950    0.9950100      52.38
   1196.86121    0.9944800      52.35
   1196.86292    0.9942600      52.34
   1196.86450    0.9943700      52.34
   1196.86621    0.9943200      52.34
   1196.86780    0.9937800      52.31
   1196.86951    0.9931200      52.28
   1196.87109    0.9928000      52.26
   1196.87280    0.9926800      52.25
   1196.87439    0.9923800      52.24
   1196.87610    0.9919200      52.21
   1196.87769    0.9916500      52.20
   1196.87939    0.9916300      52.20
   1196.88110    0.9915000      52.19
   1196.88269    0.9911300      52.17
   1196.88440    0.9909000      52.16
   1196.88599    0.9910800      52.17
   1196.88770    0.9913400      52.18
   1196.88928    0.9911600      52.17
   1196.89099    0.9905500      52.14
   1196.89258    0.9899300      52.11
   1196.89429    0.9895200      52.09
   1196.89600    0.9891500      52.07
   1196.89758    0.9886000      52.04
   1196.89929    0.9879100      52.00
   1196.90088    0.9871600      51.96
   1196.90259    0.9862800      51.92
   1196.90417    0.9851900      51.86
   1196.90588    0.9839200      51.79
   1196.90747    0.9825000      51.72
   1196.90918    0.9808600      51.63
   1196.91077    0.9789600      51.53
   1196.91248    0.9768000      51.42
   1196.91418    0.9742700      51.28
   1196.91577    0.9710800      51.11
   1196.91748    0.9670300      50.90
   1196.91907    0.9621500      50.64
   1196.92078    0.9563600      50.34
   1196.92236    0.9491200      49.96
   1196.92407    0.9398000      49.47
   1196.92566    0.9283400      48.86
   1196.92737    0.9151000      48.17
   1196.92908    0.9003700      47.39
   1196.93066    0.8846700      46.56
   1196.93237    0.8699600      45.79
   1196.93396    0.8597800      45.25
   1196.93567    0.8574400      45.13
   1196.93726    0.8635300      45.45
   1196.93896    0.8755600      46.08
   1196.94055    0.8899700      46.84
   1196.94226    0.9042600      47.59
   1196.94385    0.9174100      48.29
   1196.94556    0.9289800      48.90
   1196.94727    0.9387200      49.41
   1196.94885    0.9467200      49.83
   1196.95056    0.9534400      50.18
   1196.95215    0.9591700      50.48
   1196.95386    0.9638900      50.73
   1196.95544    0.9676000      50.93
   1196.95715    0.9706100      51.09
   1196.95874    0.9731900      51.22
   1196.96045    0.9753000      51.33
   1196.96216    0.9768300      51.41
   1196.96375    0.9780600      51.48
   1196.96545    0.9794000      51.55
   1196.96704    0.9808800      51.63
   1196.96875    0.9820500      51.69
   1196.97034    0.9827400      51.72
   1196.97205    0.9833100      51.75
   1196.97363    0.9840800      51.79
   1196.97534    0.9848000      51.83
   1196.97693    0.9850200      51.84
   1196.97864    0.9847200      51.83
   1196.98035    0.9842800      51.80
   1196.98193    0.9837000      51.77
   1196.98364    0.9825500      51.71
   1196.98523    0.9807300      51.62
   1196.98694    0.9789600      51.52
   1196.98853    0.9782800      51.49
   1196.99023    0.9790100      51.52
   1196.99182    0.9807100      51.61
   1196.99353    0.9826900      51.72
   1196.99524    0.9844900      51.81
   1196.99683    0.9858300      51.88
   1196.99854    0.9866800      51.93
   1197.00012    0.9872300      51.96
   1197.00183    0.9877500      51.98
   1197.00342    0.9881800      52.01
   1197.00513    0.9883000      52.01
   1197.00671    0.9881900      52.01
   1197.00842    0.9881800      52.01
   1197.01013    0.9881800      52.01
   1197.01172    0.9874200      51.97
   1197.01343    0.9853300      51.86
   1197.01501    0.9822500      51.69
   1197.01672    0.9790100      51.52
   1197.01831    0.9756700      51.35
   1197.02002    0.9714300      51.12
   1197.02161    0.9656600      50.82
   1197.02332    0.9587300      50.45
   1197.02490    0.9514500      50.07
   1197.02661    0.9442300      49.69
   1197.02832    0.9371200      49.32
   1197.02991    0.9303700      48.96
   1197.03162    0.9244700      48.65
   1197.03320    0.9196000      48.39
   1197.03491    0.9156700      48.19
   1197.03650    0.9127200      48.03
   1197.03821    0.9110000      47.94
   1197.03979    0.9104400      47.91
   1197.04150    0.9104300      47.91
   1197.04321    0.9104000      47.91
   1197.04480    0.9103500      47.91
   1197.04651    0.9106000      47.92
   1197.04810    0.9113400      47.96
   1197.04980    0.9126100      48.02
   1197.05139    0.9147700      48.14
   1197.05310    0.9183000      48.32
   1197.05469    0.9233400      48.59
   1197.05640    0.9295600      48.92
   1197.05811    0.9365900      49.29
   1197.05969    0.9441400      49.68
   1197.06140    0.9516600      50.08
   1197.06299    0.9583300      50.43
   1197.06470    0.9637500      50.71
   1197.06628    0.9683300      50.96
   1197.06799    0.9727600      51.19
   1197.06958    0.9769900      51.41
   1197.07129    0.9802600      51.58
   1197.07300    0.9821300      51.68
   1197.07458    0.9830800      51.73
   1197.07629    0.9840200      51.78
   1197.07788    0.9853200      51.85
   1197.07959    0.9865800      51.91
   1197.08118    0.9872700      51.95
   1197.08289    0.9873000      51.95
   1197.08447    0.9870300      51.94
   1197.08618    0.9869300      51.93
   1197.08789    0.9871400      51.94
   1197.08948    0.9874100      51.96
   1197.09119    0.9873100      51.95
   1197.09277    0.9867400      51.92
   1197.09448    0.9861200      51.89
   1197.09607    0.9859100      51.88
   1197.09778    0.9860100      51.88
   1197.09937    0.9858100      51.87
   1197.10107    0.9849200      51.83
   1197.10266    0.9837100      51.76
   1197.10437    0.9828400      51.72
   1197.10608    0.9825300      51.70
   1197.10767    0.9823500      51.69
   1197.10938    0.9818500      51.66
   1197.11096    0.9810200      51.62
   1197.11267    0.9801500      51.57
   1197.11426    0.9794300      51.54
   1197.11597    0.9787900      51.50
   1197.11755    0.9782900      51.48
   1197.11926    0.9780900      51.46
   1197.12097    0.9782900      51.47
   1197.12256    0.9786700      51.49
   1197.12427    0.9788200      51.50
   1197.12585    0.9785200      51.49
   1197.12756    0.9778400      51.45
   1197.12915    0.9769300      51.40
   1197.13086    0.9758000      51.34
   1197.13245    0.9743200      51.26
   1197.13416    0.9724400      51.17
   1197.13586    0.9703400      51.06
   1197.13745    0.9682800      50.95
   1197.13916    0.9665100      50.85
   1197.14075    0.9651900      50.78
   1197.14246    0.9644100      50.74
   1197.14404    0.9641400      50.73
   1197.14575    0.9642500      50.73
   1197.14734    0.9646700      50.76
   1197.14905    0.9654400      50.80
   1197.15076    0.9666200      50.86
   1197.15234    0.9680300      50.93
   1197.15405    0.9693000      51.00
   1197.15564    0.9701800      51.04
   1197.15735    0.9708000      51.08
   1197.15894    0.9714300      51.11
   1197.16064    0.9720800      51.14
   1197.16223    0.9724500      51.16
   1197.16394    0.9723000      51.16
   1197.16565    0.9717500      51.13
   1197.16724    0.9711500      51.09
   1197.16895    0.9706800      51.07
   1197.17053    0.9702300      51.05
   1197.17224    0.9695900      51.01
   1197.17383    0.9687000      50.97
   1197.17554    0.9676500      50.91
   1197.17712    0.9665000      50.85
   1197.17883    0.9652800      50.79
   1197.18054    0.9640100      50.72
   1197.18213    0.9627400      50.65
   1197.18384    0.9614300      50.58
   1197.18542    0.9599200      50.50
   1197.18713    0.9581300      50.41
   1197.18872    0.9561000      50.30
   1197.19043    0.9539900      50.19
   1197.19202    0.9520300      50.09
   1197.19373    0.9503900      50.00
   1197.19543    0.9490900      49.93
   1197.19702    0.9479000      49.87
   1197.19873    0.9464100      49.79
   1197.20032    0.9443400      49.68
   1197.20203    0.9419000      49.55
   1197.20361    0.9394800      49.43
   1197.20532    0.9372300      49.31
   1197.20691    0.9348600      49.18
   1197.20862    0.9320700      49.04
   1197.21033    0.9288900      48.87
   1197.21191    0.9255700      48.69
   1197.21362    0.9221600      48.51
   1197.21521    0.9184200      48.32
   1197.21692    0.9141000      48.09
   1197.21851    0.9091600      47.83
   1197.22021    0.9037100      47.54
   1197.22192    0.8979200      47.24
   1197.22351    0.8918700      46.92
   1197.22522    0.8854500      46.58
   1197.22681    0.8783600      46.21
   1197.22852    0.8703300      45.79
   1197.23010    0.8614100      45.32
   1197.23181    0.8517800      44.81
   1197.23340    0.8413400      44.26
   1197.23511    0.8296900      43.65
   1197.23682    0.8165500      42.96
   1197.23840    0.8020000      42.19
   1197.24011    0.7859700      41.35
   1197.24170    0.7678200      40.39
   1197.24341    0.7467400      39.28
   1197.24500    0.7225000      38.01
   1197.24670    0.6952300      36.57
   1197.24829    0.6647500      34.97
   1197.25000    0.6302200      33.15
   1197.25171    0.5909200      31.09
   1197.25330    0.5468700      28.77
   1197.25500    0.4986200      26.23
   1197.25659    0.4466800      23.50
   1197.25830    0.3917500      20.61
   1197.25989    0.3354100      17.64
   1197.26160    0.2804300      14.75
   1197.26318    0.2303900      12.12
   1197.26489    0.1891100       9.95
   1197.26660    0.1601300       8.42
   1197.26819    0.1459500       7.68
   1197.26990    0.1473300       7.75
   1197.27148    0.1630800       8.58
   1197.27319    0.1908000      10.04
   1197.27478    0.2274600      11.97
   1197.27649    0.2694700      14.17
   1197.27808    0.3128500      16.46
   1197.27979    0.3539500      18.62
   1197.28149    0.3902600      20.53
   1197.28308    0.4204400      22.12
   1197.28479    0.4436400      23.34
   1197.28638    0.4592100      24.16
   1197.28809    0.4669300      24.56
   1197.28967    0.4672200      24.58
   1197.29138    0.4608500      24.24
   1197.29297    0.4486900      23.60
   1197.29468    0.4319300      22.72
   1197.29639    0.4122700      21.69
   1197.29797    0.3914500      20.59
   1197.29968    0.3707000      19.50
   1197.30127    0.3507100      18.45
   1197.30298    0.3320300      17.46
   1197.30457    0.3152500      16.58
   1197.30627    0.3007700      15.82
   1197.30798    0.2888500      15.19
   1197.30957    0.2801900      14.74
   1197.31128    0.2764700      14.54
   1197.31287    0.2800500      14.73
   1197.31458    0.2930700      15.42
   1197.31616    0.3166600      16.66
   1197.31787    0.3504200      18.43
   1197.31946    0.3923000      20.63
   1197.32117    0.4390400      23.09
   1197.32288    0.4872100      25.63
   1197.32446    0.5342200      28.10
   1197.32617    0.5785700      30.43
   1197.32776    0.6193500      32.58
   1197.32947    0.6560200      34.51
   1197.33105    0.6885400      36.22
   1197.33276    0.7174400      37.74
   1197.33435    0.7432600      39.09
   1197.33606    0.7660900      40.29
   1197.33777    0.7858900      41.34
   1197.33936    0.8030300      42.24
   1197.34106    0.8182600      43.04
   1197.34265    0.8321200      43.77
   1197.34436    0.8446900      44.43
   1197.34595    0.8559400      45.02
   1197.34766    0.8660600      45.55
   1197.34937    0.8751500      46.03
   1197.35095    0.8831500      46.45
   1197.35266    0.8900500      46.81
   1197.35425    0.8962000      47.14
   1197.35596    0.9019200      47.44
   1197.35754    0.9071100      47.71
   1197.35925    0.9115500      47.94
   1197.36084    0.9154100      48.15
   1197.36255    0.9191400      48.34
   1197.36426    0.9226500      48.53
   1197.36584    0.9252800      48.66
   1197.36755    0.9266500      48.74
   1197.36914    0.9271500      48.76
   1197.37085    0.9272400      48.77
   1197.37244    0.9266300      48.73
   1197.37415    0.9246500      48.63
   1197.37573    0.9213300      48.46
   1197.37744    0.9173600      48.25
   1197.37915    0.9131900      48.03
   1197.38074    0.9087100      47.79
   1197.38245    0.9040100      47.54
   1197.38403    0.9000100      47.33
   1197.38574    0.8977500      47.21
   1197.38733    0.8975400      47.20
   1197.38904    0.8991000      47.29
   1197.39075    0.9024300      47.46
   1197.39233    0.9077400      47.74
   1197.39404    0.9146800      48.10
   1197.39563    0.9221700      48.50
   1197.39734    0.9294000      48.88
   1197.39893    0.9363600      49.24
   1197.40063    0.9433200      49.61
   1197.40222    0.9498800      49.96
   1197.40393    0.9552700      50.24
   1197.40564    0.9592700      50.45
   1197.40723    0.9624500      50.62
   1197.40894    0.9654600      50.77
   1197.41052    0.9682300      50.92
   1197.41223    0.9703400      51.03
   1197.41382    0.9716200      51.10
   1197.41553    0.9723500      51.14
   1197.41711    0.9729200      51.17
   1197.41882    0.9735400      51.20
   1197.42053    0.9742400      51.23
   1197.42212    0.9748900      51.27
   1197.42383    0.9753600      51.29
   1197.42542    0.9755900      51.31
   1197.42712    0.9757000      51.31
   1197.42871    0.9758800      51.32
   1197.43042    0.9762400      51.34
   1197.43213    0.9767400      51.37
   1197.43372    0.9773400      51.40
   1197.43542    0.9780200      51.43
   1197.43701    0.9788200      51.47
   1197.43872    0.9797100      51.52
   1197.44031    0.9806000      51.57
   1197.44202    0.9813300      51.61
   1197.44360    0.9818500      51.63
   1197.44531    0.9822100      51.65
   1197.44702    0.9826600      51.67
   1197.44861    0.9833400      51.71
   1197.45032    0.9840500      51.75
   1197.45190    0.9844700      51.77
   1197.45361    0.9845900      51.78
   1197.45520    0.9847800      51.79
   1197.45691    0.9853300      51.81
   1197.45862    0.9860000      51.85
   1197.46021    0.9863900      51.87
   1197.46191    0.9864800      51.87
   1197.46350    0.9866000      51.88
   1197.46521    0.9868500      51.89
   1197.46680    0.9870000      51.90
   1197.46851    0.9870100      51.90
   1197.47009    0.9872300      51.91
   1197.47180    0.9878400      51.95
   1197.47351    0.9884500      51.98
   1197.47510    0.9885700      51.98
   1197.47681    0.9883400      51.97
   1197.47839    0.9882600      51.97
   1197.48010    0.9884200      51.97
   1197.48169    0.9883900      51.97
   1197.48340    0.9881000      51.96
   1197.48511    0.9880900      51.96
   1197.48669    0.9886300      51.99
   1197.48840    0.9891200      52.01
   1197.48999    0.9888600      52.00
   1197.49170    0.9882200      51.96
   1197.49329    0.9882200      51.96
   1197.49500    0.9891300      52.01
   1197.49658    0.9900600      52.06
   1197.49829    0.9901700      52.07
   1197.50000    0.9897500      52.04
   1197.50159    0.9895700      52.03
   1197.50330    0.9897200      52.04
   1197.50488    0.9895900      52.03
   1197.50659    0.9888900      52.00
   1197.50818    0.9878900      51.94
   1197.50989    0.9867300      51.88
   1197.51160    0.9849300      51.79
   1197.51318    0.9820300      51.64
   1197.51489    0.9782300      51.44
   1197.51648    0.9742000      51.22
   1197.51819    0.9702600      51.02
   1197.51978    0.9661900      50.80
   1197.52148    0.9619400      50.58
   1197.52319    0.9580000      50.37
   1197.52478    0.9550600      50.22
   1197.52649    0.9534800      50.13
   1197.52808    0.9532800      50.12
   1197.52979    0.9544200      50.18
   1197.53137    0.9568600      50.31
   1197.53308    0.9603300      50.49
   1197.53467    0.9643000      50.70
   1197.53638    0.9683500      50.91
   1197.53809    0.9722800      51.12
   1197.53967    0.9760500      51.32
   1197.54138    0.9794900      51.50
   1197.54297    0.9824300      51.65
   1197.54468    0.9848300      51.78
   1197.54626    0.9868000      51.88
   1197.54797    0.9882500      51.96
   1197.54968    0.9890200      52.00
   1197.55127    0.9891700      52.01
   1197.55298    0.9891200      52.01
   1197.55457    0.9892100      52.01
   1197.55627    0.9894100      52.02
   1197.55786    0.9895500      52.03
   1197.55957    0.9897700      52.04
   1197.56116    0.9902700      52.06
   1197.56287    0.9909800      52.10
   1197.56458    0.9914800      52.13
   1197.56616    0.9916100      52.13
   1197.56787    0.9916400      52.14
   1197.56946    0.9917800      52.14
   1197.57117    0.9918100      52.14
   1197.57275    0.9914700      52.13
   1197.57446    0.9910000      52.10
   1197.57617    0.9908200      52.09
   1197.57776    0.9908700      52.09
   1197.57947    0.9907400      52.09
   1197.58105    0.9904000      52.07
   1197.58276    0.9903300      52.07
   1197.58435    0.9908000      52.09
   1197.58606    0.9914300      52.12
   1197.58777    0.9917300      52.14
   1197.58936    0.9918600      52.15
   1197.59106    0.9922700      52.17
   1197.59265    0.9929200      52.20
   1197.59436    0.9932500      52.22
   1197.59595    0.9930200      52.21
   1197.59766    0.9927600      52.19
   1197.59924    0.9929800      52.20
   1197.60095    0.9935300      52.23
   1197.60266    0.9938100      52.25
   1197.60425    0.9936500      52.24
   1197.60596    0.9933900      52.22
   1197.60754    0.9933100      52.22
   1197.60925    0.9932700      52.22
   1197.61084    0.9931100      52.21
   1197.61255    0.9929500      52.20
   1197.61426    0.9930600      52.21
   1197.61584    0.9934200      52.23
   1197.61755    0.9937100      52.24
   1197.61914    0.9937600      52.24
   1197.62085    0.9936200      52.24
   1197.62244    0.9934100      52.22
   1197.62415    0.9931000      52.21
   1197.62585    0.9926800      52.19
   1197.62744    0.9922600      52.16
   1197.62915    0.9919700      52.15
   1197.63074    0.9917600      52.14
   1197.63245    0.9914100      52.12
   1197.63403    0.9908000      52.09
   1197.63574    0.9899500      52.04
   1197.63733    0.9889100      51.99
   1197.63904    0.9877200      51.92
   1197.64075    0.9865100      51.86
   1197.64233    0.9855200      51.81
   1197.64404    0.9848100      51.77
   1197.64563    0.9842200      51.74
   1197.64734    0.9835900      51.71
   1197.64893    0.9830200      51.68
   1197.65063    0.9827600      51.66
   1197.65234    0.9828900      51.67
   1197.65393    0.9832600      51.69
   1197.65564    0.9838100      51.72
   1197.65723    0.9846800      51.76
   1197.65894    0.9859100      51.83
   1197.66052    0.9872100      51.89
   1197.66223    0.9882400      51.95
   1197.66394    0.9890200      51.99
   1197.66553    0.9898300      52.03
   1197.66724    0.9907400      52.08
   1197.66882    0.9914900      52.12
   1197.67053    0.9919000      52.14
   1197.67212    0.9922000      52.16
   1197.67383    0.9927200      52.18
   1197.67554    0.9934100      52.22
   1197.67712    0.9938500      52.24
   1197.67883    0.9937800      52.24
   1197.68042    0.9934500      52.22
   1197.68213    0.9933000      52.21
   1197.68372    0.9934100      52.22
   1197.68542    0.9934000      52.22
   1197.68713    0.9929600      52.19
   1197.68872    0.9922500      52.16
   1197.69043    0.9917500      52.13
   1197.69202    0.9917000      52.13
   1197.69373    0.9918700      52.14
   1197.69531    0.9918800      52.14
   1197.69702    0.9917300      52.13
   1197.69861    0.9916900      52.13
   1197.70032    0.9918800      52.14
   1197.70203    0.9921100      52.15
   1197.70361    0.9921600      52.15
   1197.70532    0.9921200      52.15
   1197.70691    0.9922800      52.16
   1197.70862    0.9926700      52.18
   1197.71021    0.9930500      52.20
   1197.71191    0.9933000      52.21
   1197.71362    0.9935800      52.22
   1197.71521    0.9940300      52.25
   1197.71692    0.9944800      52.27
   1197.71851    0.9946600      52.28
   1197.72021    0.9945400      52.27
   1197.72180    0.9944200      52.27
   1197.72351    0.9945100      52.27
   1197.72522    0.9947200      52.28
   1197.72681    0.9948400      52.29
   1197.72852    0.9948100      52.29
   1197.73010    0.9947600      52.29
   1197.73181    0.9947900      52.29
   1197.73340    0.9948800      52.29
   1197.73511    0.9949400      52.29
   1197.73682    0.9949600      52.30
   1197.73840    0.9949900      52.30
   1197.74011    0.9950500      52.30
   1197.74170    0.9951800      52.31
   1197.74341    0.9954100      52.32
   1197.74500    0.9956800      52.33
   1197.74670    0.9958400      52.34
   1197.74841    0.9957800      52.34
   1197.75000    0.9956000      52.33
   1197.75171    0.9954400      52.32
   1197.75330    0.9953300      52.31
   1197.75500    0.9951900      52.31
   1197.75659    0.9950100      52.30
   1197.75830    0.9949600      52.29
   1197.76001    0.9951300      52.30
   1197.76160    0.9953600      52.31
   1197.76331    0.9954500      52.32
   1197.76489    0.9953600      52.31
   1197.76660    0.9952400      52.31
   1197.76819    0.9951800      52.30
   1197.76990    0.9951300      52.30
   1197.77148    0.9951100      52.30
   1197.77319    0.9951500      52.30
   1197.77490    0.9951700      52.30
   1197.77649    0.9949800      52.29
   1197.77820    0.9946100      52.27
   1197.77979    0.9943300      52.26
   1197.78149    0.9942900      52.26
   1197.78308    0.9942500      52.25
   1197.78479    0.9939000      52.24
   1197.78650    0.9933500      52.21
   1197.78809    0.9930000      52.19
   1197.78979    0.9929000      52.18
   1197.79138    0.9927700      52.18
   1197.79309    0.9925000      52.16
   1197.79468    0.9924600      52.16
   1197.79639    0.9929000      52.18
   1197.79810    0.9934800      52.21
   1197.79968    0.9937000      52.22
   1197.80139    0.9935800      52.22
   1197.80298    0.9935800      52.22
   1197.80469    0.9937700      52.23
   1197.80627    0.9937700      52.23
   1197.80798    0.9933800      52.21
   1197.80969    0.9929900      52.18
   1197.81128    0.9929700      52.18
   1197.81299    0.9931200      52.19
   1197.81458    0.9930300      52.19
   1197.81628    0.9927800      52.17
   1197.81787    0.9927100      52.17
   1197.81958    0.9928100      52.17
   1197.82129    0.9926600      52.17
   1197.82288    0.9921500      52.14
   1197.82458    0.9917500      52.12
   1197.82617    0.9918300      52.12
   1197.82788    0.9921200      52.14
   1197.82947    0.9920800      52.14
   1197.83118    0.9916700      52.11
   1197.83289    0.9912800      52.09
   1197.83447    0.9910400      52.08
   1197.83618    0.9905900      52.06
   1197.83777    0.9897100      52.01
   1197.83948    0.9887000      51.96
   1197.84106    0.9880000      51.92
   1197.84277    0.9875800      51.90
   1197.84448    0.9870000      51.87
   1197.84607    0.9860500      51.82
   1197.84778    0.9849600      51.76
   1197.84937    0.9839900      51.71
   1197.85107    0.9829800      51.66
   1197.85266    0.9814700      51.58
   1197.85437    0.9791200      51.45
   1197.85608    0.9759000      51.28
   1197.85767    0.9718900      51.07
   1197.85938    0.9670400      50.82
   1197.86096    0.9610000      50.50
   1197.86267    0.9532700      50.09
   1197.86426    0.9438400      49.60
   1197.86597    0.9339900      49.08
   1197.86768    0.9264300      48.68
   1197.86926    0.9240400      48.56
   1197.87097    0.9278500      48.76
   1197.87256    0.9363000      49.20
   1197.87427    0.9463800      49.73
   1197.87585    0.9556700      50.22
   1197.87756    0.9632800      50.62
   1197.87927    0.9692900      50.93
   1197.88086    0.9739200      51.18
   1197.88257    0.9773100      51.35
   1197.88416    0.9797300      51.48
   1197.88586    0.9815400      51.58
   1197.88745    0.9829400      51.65
   1197.88916    0.9839500      51.70
   1197.89087    0.9846500      51.74
   1197.89246    0.9852100      51.77
   1197.89417    0.9858200      51.80
   1197.89575    0.9865300      51.84
   1197.89746    0.9873200      51.88
   1197.89905    0.9880700      51.92
   1197.90076    0.9885900      51.95
   1197.90247    0.9888200      51.96
   1197.90405    0.9889900      51.97
   1197.90576    0.9893900      51.99
   1197.90735    0.9899100      52.01
   1197.90906    0.9901900      52.03
   1197.91064    0.9900900      52.02
   1197.91235    0.9899800      52.02
   1197.91406    0.9901800      52.03
   1197.91565    0.9905000      52.04
   1197.91736    0.9905400      52.05
   1197.91895    0.9902300      52.03
   1197.92065    0.9898400      52.01
   1197.92224    0.9895200      51.99
   1197.92395    0.9891100      51.97
   1197.92566    0.9886100      51.94
   1197.92725    0.9883100      51.93
   1197.92896    0.9883600      51.93
   1197.93054    0.9885600      51.94
   1197.93225    0.9887300      51.95
   1197.93384    0.9890900      51.97
   1197.93555    0.9898900      52.01
   1197.93726    0.9908200      52.06
   1197.93884    0.9912400      52.08
   1197.94055    0.9910400      52.07
   1197.94214    0.9908200      52.06
   1197.94385    0.9910900      52.07
   1197.94543    0.9916100      52.10
   1197.94714    0.9918100      52.11
   1197.94885    0.9916400      52.10
   1197.95044    0.9915800      52.10
   1197.95215    0.9918000      52.11
   1197.95374    0.9919200      52.12
   1197.95544    0.9916100      52.10
   1197.95715    0.9911700      52.08
   1197.95874    0.9911500      52.07
   1197.96045    0.9915400      52.09
   1197.96204    0.9917200      52.10
   1197.96375    0.9912700      52.08
   1197.96533    0.9905300      52.04
   1197.96704    0.9900700      52.02
   1197.96875    0.9900700      52.02
   1197.97034    0.9901900      52.02
   1197.97205    0.9900800      52.02
   1197.97363    0.9897600      52.00
   1197.97534    0.9895000      51.99
   1197.97693    0.9894700      51.98
   1197.97864    0.9897200      52.00
   1197.98035    0.9901700      52.02
   1197.98193    0.9905600      52.04
   1197.98364    0.9905900      52.04
   1197.98523    0.9901700      52.02
   1197.98694    0.9895500      51.99
   1197.98853    0.9890400      51.96
   1197.99023    0.9886900      51.94
   1197.99194    0.9882900      51.92
   1197.99353    0.9877700      51.89
   1197.99524    0.9872700      51.87
   1197.99683    0.9869100      51.85
   1197.99854    0.9864300      51.82
   1198.00012    0.9854900      51.77
   1198.00183    0.9839600      51.69
   1198.00354    0.9820500      51.59
   1198.00513    0.9800200      51.49
   1198.00684    0.9779200      51.38
   1198.00842    0.9756700      51.26
   1198.01013    0.9733400      51.13
   1198.01172    0.9713200      51.03
   1198.01343    0.9701600      50.97
   1198.01514    0.9702300      50.97
   1198.01672    0.9714700      51.04
   1198.01843    0.9734900      51.14
   1198.02002    0.9758000      51.26
   1198.02173    0.9780100      51.38
   1198.02332    0.9798500      51.47
   1198.02502    0.9811500      51.54
   1198.02673    0.9819200      51.58
   1198.02832    0.9823500      51.61
   1198.03003    0.9827000      51.62
   1198.03162    0.9831500      51.65
   1198.03333    0.9836900      51.68
   1198.03503    0.9842000      51.70
   1198.03662    0.9846300      51.72
   1198.03833    0.9849500      51.74
   1198.03992    0.9851600      51.75
   1198.04163    0.9852000      51.75
   1198.04321    0.9850000      51.74
   1198.04492    0.9846000      51.72
   1198.04663    0.9842400      51.70
   1198.04822    0.9842400      51.70
   1198.04993    0.9846400      51.72
   1198.05151    0.9850900      51.75
   1198.05322    0.9852700      51.76
   1198.05481    0.9853000      51.76
   1198.05652    0.9856100      51.77
   1198.05823    0.9862300      51.81
   1198.05981    0.9866600      51.83
   1198.06152    0.9865200      51.82
   1198.06311    0.9861000      51.80
   1198.06482    0.9860000      51.79
   1198.06641    0.9862100      51.81
   1198.06812    0.9862300      51.81
   1198.06982    0.9858700      51.79
   1198.07141    0.9855900      51.77
   1198.07312    0.9857900      51.78
   1198.07471    0.9860500      51.80
   1198.07642    0.9857600      51.78
   1198.07800    0.9850600      51.74
   1198.07971    0.9847000      51.72
   1198.08142    0.9848800      51.73
   1198.08301    0.9849600      51.74
   1198.08472    0.9844200      51.71
   1198.08630    0.9836600      51.67
   1198.08801    0.9833700      51.65
   1198.08972    0.9835300      51.66
   1198.09131    0.9835600      51.66
   1198.09302    0.9832900      51.65
   1198.09460    0.9831100      51.64
   1198.09631    0.9831900      51.64
   1198.09790    0.9831300      51.64
   1198.09961    0.9826000      51.61
   1198.10132    0.9819500      51.58
   1198.10291    0.9816900      51.56
   1198.10461    0.9817000      51.56
   1198.10620    0.9814300      51.55
   1198.10791    0.9807700      51.52
   1198.10950    0.9801400      51.48
   1198.11121    0.9798300      51.47
   1198.11292    0.9796800      51.46
   1198.11450    0.9794600      51.45
   1198.11621    0.9792500      51.44
   1198.11780    0.9791300      51.43
   1198.11951    0.9788300      51.41
   1198.12109    0.9780100      51.37
   1198.12280    0.9768100      51.31
   1198.12451    0.9756500      51.25
   1198.12610    0.9747600      51.20
   1198.12781    0.9740300      51.16
   1198.12939    0.9733600      51.12
   1198.13110    0.9727400      51.09
   1198.13281    0.9720300      51.05
   1198.13440    0.9710100      51.00
   1198.13611    0.9697500      50.93
   1198.13770    0.9686600      50.88
   1198.13940    0.9679300      50.84
   1198.14099    0.9670900      50.79
   1198.14270    0.9655000      50.71
   1198.14441    0.9630800      50.58
   1198.14600    0.9603400      50.44
   1198.14771    0.9576800      50.30
   1198.14929    0.9550200      50.16
   1198.15100    0.9521300      50.01
   1198.15259    0.9490700      49.85
   1198.15430    0.9458300      49.68
   1198.15601    0.9420200      49.48
   1198.15759    0.9371300      49.22
   1198.15930    0.9311200      48.90
   1198.16089    0.9245100      48.56
   1198.16260    0.9175500      48.19
   1198.16431    0.9096700      47.78
   1198.16589    0.8998300      47.26
   1198.16760    0.8874300      46.61
   1198.16919    0.8725000      45.82
   1198.17090    0.8550500      44.91
   1198.17249    0.8344600      43.83
   1198.17419    0.8097100      42.53
   1198.17590    0.7802500      40.98
   1198.17749    0.7462400      39.19
   1198.17920    0.7083100      37.20
   1198.18079    0.6678800      35.08
   1198.18250    0.6283900      33.00
   1198.18408    0.5960300      31.30
   1198.18579    0.5780700      30.36
   1198.18750    0.5792800      30.42
   1198.18909    0.5991100      31.46
   1198.19080    0.6322800      33.21
   1198.19238    0.6718200      35.28
   1198.19409    0.7120800      37.40
   1198.19580    0.7496100      39.37
   1198.19739    0.7826300      41.10
   1198.19910    0.8104700      42.56
   1198.20068    0.8334000      43.77
   1198.20239    0.8523600      44.76
   1198.20398    0.8682600      45.60
   1198.20569    0.8815300      46.30
   1198.20740    0.8923300      46.86
   1198.20898    0.9010500      47.32
   1198.21069    0.9083800      47.70
   1198.21228    0.9147600      48.04
   1198.21399    0.9202700      48.33
   1198.21558    0.9248400      48.57
   1198.21729    0.9286800      48.77
   1198.21899    0.9321800      48.95
   1198.22058    0.9354900      49.13
   1198.22229    0.9384000      49.28
   1198.22388    0.9407100      49.40
   1198.22559    0.9425600      49.50
   1198.22729    0.9443100      49.59
   1198.22888    0.9460700      49.68
   1198.23059    0.9476400      49.76
   1198.23218    0.9487900      49.82
   1198.23389    0.9494900      49.86
   1198.23547    0.9498200      49.88
   1198.23718    0.9498500      49.88
   1198.23889    0.9496900      49.87
   1198.24048    0.9495400      49.86
   1198.24219    0.9495000      49.86
   1198.24377    0.9493700      49.85
   1198.24548    0.9489800      49.83
   1198.24707    0.9484900      49.81
   1198.24878    0.9481800      49.79
   1198.25049    0.9479900      49.78
   1198.25208    0.9474900      49.75
   1198.25378    0.9465400      49.70
   1198.25537    0.9455500      49.65
   1198.25708    0.9449100      49.62
   1198.25879    0.9443800      49.59
   1198.26038    0.9434400      49.54
   1198.26208    0.9419800      49.46
   1198.26367    0.9404700      49.39
   1198.26538    0.9391500      49.32
   1198.26697    0.9376700      49.24
   1198.26868    0.9355800      49.13
   1198.27039    0.9329700      48.99
   1198.27197    0.9302700      48.85
   1198.27368    0.9275100      48.70
   1198.27527    0.9242500      48.53
   1198.27698    0.9201000      48.31
   1198.27869    0.9150500      48.05
   1198.28027    0.9090800      47.74
   1198.28198    0.9016800      47.35
   1198.28357    0.8921400      46.85
   1198.28528    0.8799500      46.21
   1198.28687    0.8648600      45.41
   1198.28857    0.8467300      44.46
   1198.29028    0.8259600      43.37
   1198.29187    0.8046700      42.25
   1198.29358    0.7871300      41.33
   1198.29517    0.7782800      40.87
   1198.29688    0.7807800      41.00
   1198.29846    0.7931600      41.65
   1198.30017    0.8107900      42.57
   1198.30188    0.8287800      43.52
   1198.30347    0.8444400      44.34
   1198.30518    0.8573200      45.02
   1198.30676    0.8678100      45.57
   1198.30847    0.8760100      46.00
   1198.31018    0.8819500      46.31
   1198.31177    0.8861200      46.53
   1198.31348    0.8893600      46.70
   1198.31506    0.8922500      46.85
   1198.31677    0.8946900      46.98
   1198.31836    0.8962000      47.06
   1198.32007    0.8966300      47.08
   1198.32178    0.8962900      47.06
   1198.32336    0.8957200      47.03
   1198.32507    0.8951300      47.00
   1198.32666    0.8943000      46.96
   1198.32837    0.8928400      46.88
   1198.33008    0.8907500      46.77
   1198.33167    0.8884500      46.65
   1198.33337    0.8863700      46.54
   1198.33496    0.8845600      46.44
   1198.33667    0.8826200      46.34
   1198.33826    0.8801700      46.21
   1198.33997    0.8772000      46.06
   1198.34167    0.8739600      45.89
   1198.34326    0.8707200      45.72
   1198.34497    0.8675200      45.55
   1198.34656    0.8642400      45.38
   1198.34827    0.8607400      45.19
   1198.34998    0.8569200      44.99
   1198.35156    0.8528200      44.78
   1198.35327    0.8485500      44.55
   1198.35486    0.8442500      44.33
   1198.35657    0.8399500      44.10
   1198.35815    0.8355500      43.87
   1198.35986    0.8308100      43.62
   1198.36157    0.8255600      43.34
   1198.36316    0.8198800      43.05
   1198.36487    0.8141400      42.74
   1198.36646    0.8086500      42.46
   1198.36816    0.8033600      42.18
   1198.36987    0.7978400      41.89
   1198.37146    0.7916800      41.56
   1198.37317    0.7849200      41.21
   1198.37476    0.7779500      40.84
   1198.37646    0.7711000      40.48
   1198.37805    0.7642700      40.12
   1198.37976    0.7571000      39.75
   1198.38147    0.7493300      39.34
   1198.38306    0.7410200      38.90
   1198.38477    0.7324300      38.45
   1198.38635    0.7237800      38.00
   1198.38806    0.7150500      37.54
   1198.38977    0.7060600      37.07
   1198.39136    0.6965600      36.57
   1198.39307    0.6864100      36.04
   1198.39465    0.6754900      35.46
   1198.39636    0.6636200      34.84
   1198.39795    0.6505500      34.15
   1198.39966    0.6358400      33.38
   1198.40137    0.6189700      32.50
   1198.40295    0.5995000      31.47
   1198.40466    0.5771700      30.30
   1198.40625    0.5520400      28.98
   1198.40796    0.5243400      27.53
   1198.40967    0.4943900      25.95
   1198.41125    0.4628000      24.30
   1198.41296    0.4307700      22.61
   1198.41455    0.3999800      21.00
   1198.41626    0.3721200      19.54
   1198.41785    0.3483700      18.29
   1198.41956    0.3293200      17.29
   1198.42126    0.3153500      16.55
   1198.42285    0.3068200      16.11
   1198.42456    0.3039100      15.95
   1198.42615    0.3063700      16.08
   1198.42786    0.3135300      16.46
   1198.42957    0.3246600      17.04
   1198.43115    0.3390800      17.80
   1198.43286    0.3559000      18.68
   1198.43445    0.3736800      19.62
   1198.43616    0.3905300      20.50
   1198.43774    0.4046700      21.24
   1198.43945    0.4148700      21.78
   1198.44116    0.4205700      22.08
   1198.44275    0.4217800      22.14
   1198.44446    0.4191100      22.00
   1198.44604    0.4138300      21.72
   1198.44775    0.4073400      21.38
   1198.44946    0.4001700      21.01
   1198.45105    0.3912800      20.54
   1198.45276    0.3786700      19.88
   1198.45435    0.3607200      18.94
   1198.45605    0.3369300      17.69
   1198.45764    0.3076700      16.15
   1198.45935    0.2735300      14.36
   1198.46106    0.2355500      12.36
   1198.46265    0.1959700      10.29
   1198.46436    0.1583000       8.31
   1198.46594    0.1264000       6.64
   1198.46765    0.1032900       5.42
   1198.46936    0.0906000       4.76
   1198.47095    0.0890200       4.67
   1198.47266    0.0989100       5.19
   1198.47424    0.1204400       6.32
   1198.47595    0.1530800       8.04
   1198.47754    0.1949400      10.23
   1198.47925    0.2429200      12.75
   1198.48096    0.2937000      15.42
   1198.48254    0.3447500      18.10
   1198.48425    0.3945500      20.71
   1198.48584    0.4418300      23.19
   1198.48755    0.4853200      25.47
   1198.48926    0.5243600      27.52
   1198.49084    0.5593200      29.36
   1198.49255    0.5910900      31.03
   1198.49414    0.6201100      32.55
   1198.49585    0.6462700      33.92
   1198.49756    0.6696700      35.15
   1198.49915    0.6908300      36.26
   1198.50085    0.7100300      37.27
   1198.50244    0.7270800      38.16
   1198.50415    0.7419300      38.94
   1198.50574    0.7552400      39.64
   1198.50745    0.7678500      40.30
   1198.50916    0.7797700      40.93
   1198.51074    0.7904300      41.49
   1198.51245    0.7996800      41.97
   1198.51404    0.8081300      42.42
   1198.51575    0.8163500      42.85
   1198.51746    0.8241000      43.26
   1198.51904    0.8307800      43.61
   1198.52075    0.8362900      43.89
   1198.52234    0.8410600      44.15
   1198.52405    0.8455600      44.38
   1198.52563    0.8498600      44.61
   1198.52734    0.8536600      44.81
   1198.52905    0.8565600      44.96
   1198.53064    0.8582400      45.05
   1198.53235    0.8588300      45.08
   1198.53394    0.8588800      45.08
   1198.53564    0.8587600      45.07
   1198.53735    0.8582300      45.05
   1198.53894    0.8570300      44.98
   1198.54065    0.8558200      44.92
   1198.54224    0.8561400      44.93
   1198.54395    0.8590700      45.09
   1198.54565    0.8643800      45.37
   1198.54724    0.8709600      45.71
   1198.54895    0.8778500      46.07
   1198.55054    0.8845000      46.42
   1198.55225    0.8905000      46.74
   1198.55383    0.8955700      47.00
   1198.55554    0.8999000      47.23
   1198.55725    0.9039000      47.44
   1198.55884    0.9075100      47.63
   1198.56055    0.9101900      47.77
   1198.56213    0.9117300      47.85
   1198.56384    0.9126300      47.90
   1198.56555    0.9133900      47.94
   1198.56714    0.9137900      47.96
   1198.56885    0.9132900      47.93
   1198.57043    0.9118800      47.86
   1198.57214    0.9100300      47.76
   1198.57385    0.9080000      47.65
   1198.57544    0.9057800      47.54
   1198.57715    0.9039300      47.44
   1198.57874    0.9037500      47.43
   1198.58044    0.9061500      47.56
   1198.58203    0.9104700      47.78
   1198.58374    0.9151100      48.03
   1198.58545    0.9191400      48.24
   1198.58704    0.9227900      48.43
   1198.58875    0.9264700      48.62
   1198.59033    0.9298800      48.80
   1198.59204    0.9324400      48.94
   1198.59375    0.9341100      49.02
   1198.59534    0.9354400      49.09
   1198.59705    0.9367800      49.16
   1198.59863    0.9380200      49.23
   1198.60034    0.9389700      49.28
   1198.60205    0.9396600      49.31
   1198.60364    0.9401500      49.34
   1198.60535    0.9404000      49.35
   1198.60693    0.9404100      49.35
   1198.60864    0.9403000      49.35
   1198.61023    0.9401600      49.34
   1198.61194    0.9398500      49.32
   1198.61365    0.9393400      49.30
   1198.61523    0.9388600      49.27
   1198.61694    0.9385600      49.25
   1198.61853    0.9381700      49.23
   1198.62024    0.9373200      49.19
   1198.62195    0.9360400      49.12
   1198.62354    0.9347600      49.05
   1198.62524    0.9336700      49.00
   1198.62683    0.9324600      48.93
   1198.62854    0.9308400      48.85
   1198.63025    0.9289300      48.75
   1198.63184    0.9270400      48.65
   1198.63354    0.9252400      48.55
   1198.63513    0.9233300      48.45
   1198.63684    0.9211900      48.34
   1198.63843    0.9187300      48.21
   1198.64014    0.9156800      48.05
   1198.64185    0.9117500      47.85
   1198.64343    0.9070300      47.60
   1198.64514    0.9018300      47.32
   1198.64673    0.8961500      47.03
   1198.64844    0.8894300      46.67
   1198.65015    0.8811500      46.24
   1198.65173    0.8713000      45.72
   1198.65344    0.8599600      45.13
   1198.65503    0.8466500      44.43
   1198.65674    0.8304800      43.58
   1198.65845    0.8108700      42.55
   1198.66003    0.7877800      41.34
   1198.66174    0.7611600      39.94
   1198.66333    0.7306400      38.34
   1198.66504    0.6959100      36.52
   1198.66663    0.6575600      34.50
   1198.66833    0.6174900      32.40
   1198.67004    0.5790200      30.38
   1198.67163    0.5468700      28.70
   1198.67334    0.5266200      27.63
   1198.67493    0.5228700      27.44
   1198.67664    0.5367800      28.17
   1198.67834    0.5652100      29.66
   1198.67993    0.6022600      31.60
   1198.68164    0.6421400      33.69
   1198.68323    0.6810300      35.74
   1198.68494    0.7170600      37.63
   1198.68665    0.7493700      39.32
   1198.68823    0.7775600      40.80
   1198.68994    0.8016900      42.07
   1198.69153    0.8222700      43.15
   1198.69324    0.8399000      44.07
   1198.69495    0.8550100      44.86
   1198.69653    0.8678400      45.54
   1198.69824    0.8787500      46.11
   1198.69983    0.8881500      46.60
   1198.70154    0.8963300      47.03
   1198.70312    0.9033300      47.40
   1198.70483    0.9092100      47.71
   1198.70654    0.9143400      47.98
   1198.70813    0.9191900      48.23
   1198.70984    0.9238600      48.48
   1198.71143    0.9280300      48.69
   1198.71313    0.9314200      48.87
   1198.71484    0.9342700      49.02
   1198.71643    0.9371300      49.17
   1198.71814    0.9401500      49.33
   1198.71973    0.9430200      49.48
   1198.72144    0.9454100      49.60
   1198.72314    0.9475000      49.71
   1198.72473    0.9496200      49.83
   1198.72644    0.9517300      49.94
   1198.72803    0.9534000      50.02
   1198.72974    0.9544800      50.08
   1198.73145    0.9553700      50.13
   1198.73303    0.9564500      50.18
   1198.73474    0.9575800      50.24
   1198.73633    0.9584100      50.29
   1198.73804    0.9588800      50.31
   1198.73962    0.9593700      50.34
   1198.74133    0.9601000      50.37
   1198.74304    0.9608000      50.41
   1198.74463    0.9611100      50.43
   1198.74634    0.9610700      50.42
   1198.74792    0.9611100      50.43
   1198.74963    0.9615100      50.45
   1198.75134    0.9620200      50.47
   1198.75293    0.9621700      50.48
   1198.75464    0.9617800      50.46
   1198.75623    0.9611800      50.43
   1198.75793    0.9607800      50.41
   1198.75964    0.9606400      50.40
   1198.76123    0.9604400      50.39
   1198.76294    0.9599300      50.36
   1198.76453    0.9592800      50.33
   1198.76624    0.9588000      50.30
   1198.76794    0.9585100      50.29
   1198.76953    0.9581100      50.27
   1198.77124    0.9574900      50.23
   1198.77283    0.9568000      50.20
   1198.77454    0.9561700      50.16
   1198.77612    0.9553200      50.12
   1198.77783    0.9540200      50.05
   1198.77954    0.9525100      49.97
   1198.78113    0.9512400      49.91
   1198.78284    0.9501900      49.85
   1198.78442    0.9488500      49.78
   1198.78613    0.9468700      49.68
   1198.78784    0.9444900      49.55
   1198.78943    0.9420300      49.42
   1198.79114    0.9394000      49.28
   1198.79272    0.9362600      49.12
   1198.79443    0.9325200      48.92
   1198.79614    0.9282300      48.70
   1198.79773    0.9231400      48.43
   1198.79944    0.9168100      48.10
   1198.80103    0.9089500      47.69
   1198.80273    0.8992200      47.17
   1198.80444    0.8868100      46.52
   1198.80603    0.8706100      45.67
   1198.80774    0.8500500      44.59
   1198.80933    0.8250800      43.28
   1198.81104    0.7956400      41.74
   1198.81274    0.7622800      39.99
   1198.81433    0.7282900      38.21
   1198.81604    0.7005400      36.75
   1198.81763    0.6865600      36.02
   1198.81934    0.6895500      36.17
   1198.82092    0.7064700      37.06
   1198.82263    0.7306400      38.33
   1198.82434    0.7561200      39.67
   1198.82593    0.7796100      40.90
   1198.82764    0.7998600      41.96
   1198.82922    0.8166100      42.84
   1198.83093    0.8301700      43.55
   1198.83264    0.8410900      44.12
   1198.83423    0.8495400      44.57
   1198.83594    0.8553900      44.87
   1198.83752    0.8586600      45.04
   1198.83923    0.8597600      45.10
   1198.84094    0.8588600      45.05
   1198.84253    0.8557500      44.89
   1198.84424    0.8503200      44.61
   1198.84583    0.8429200      44.22
   1198.84753    0.8338300      43.74
   1198.84924    0.8227700      43.16
   1198.85083    0.8090500      42.44
   1198.85254    0.7922800      41.56
   1198.85413    0.7723700      40.52
   1198.85583    0.7489500      39.29
   1198.85754    0.7211900      37.83
   1198.85913    0.6881700      36.10
   1198.86084    0.6492000      34.05
   1198.86243    0.6039100      31.68
   1198.86414    0.5522800      28.97
   1198.86584    0.4950300      25.97
   1198.86743    0.4338800      22.76
   1198.86914    0.3718600      19.51
   1198.87073    0.3136600      16.45
   1198.87244    0.2655000      13.93
   1198.87402    0.2338700      12.27
   1198.87573    0.2233300      11.71
   1198.87744    0.2350200      12.33
   1198.87903    0.2667100      13.99
   1198.88074    0.3138500      16.46
   1198.88232    0.3707300      19.45
   1198.88403    0.4316200      22.64
   1198.88574    0.4919100      25.80
   1198.88733    0.5487900      28.79
   1198.88904    0.6007000      31.51
   1198.89062    0.6466600      33.92
   1198.89233    0.6862600      36.00
   1198.89404    0.7201000      37.77
   1198.89563    0.7494100      39.31
   1198.89734    0.7750500      40.65
   1198.89893    0.7972300      41.82
   1198.90063    0.8161700      42.81
   1198.90234    0.8325900      43.67
   1198.90393    0.8472000      44.44
   1198.90564    0.8601700      45.12
   1198.90723    0.8713900      45.71
   1198.90894    0.8810600      46.21
   1198.91064    0.8895700      46.66
   1198.91223    0.8971100      47.05
   1198.91394    0.9037300      47.40
   1198.91553    0.9095900      47.71
   1198.91724    0.9148700      47.99
   1198.91895    0.9195000      48.23
   1198.92053    0.9234600      48.44
   1198.92224    0.9270400      48.62
   1198.92383    0.9305700      48.81
   1198.92554    0.9338400      48.98
   1198.92725    0.9363600      49.11
   1198.92883    0.9382000      49.21
   1198.93054    0.9399800      49.30
   1198.93213    0.9418900      49.40
   1198.93384    0.9432900      49.48
   1198.93555    0.9435800      49.49
   1198.93713    0.9431200      49.47
   1198.93884    0.9426200      49.44
   1198.94043    0.9421200      49.41
   1198.94214    0.9410900      49.36
   1198.94373    0.9393600      49.27
   1198.94543    0.9373500      49.16
   1198.94714    0.9355100      49.07
   1198.94873    0.9339600      48.98
   1198.95044    0.9328400      48.93
   1198.95203    0.9324200      48.90
   1198.95374    0.9327100      48.92
   1198.95544    0.9334900      48.96
   1198.95703    0.9348600      49.03
   1198.95874    0.9373300      49.16
   1198.96033    0.9409300      49.35
   1198.96204    0.9448300      49.55
   1198.96375    0.9481400      49.73
   1198.96533    0.9509100      49.87
   1198.96704    0.9537200      50.02
   1198.96863    0.9566100      50.17
   1198.97034    0.9590000      50.30
   1198.97205    0.9606200      50.38
   1198.97363    0.9619200      50.45
   1198.97534    0.9632800      50.52
   1198.97693    0.9645100      50.58
   1198.97864    0.9652900      50.62
   1198.98035    0.9658500      50.65
   1198.98193    0.9665800      50.69
   1198.98364    0.9674900      50.74
   1198.98523    0.9682400      50.78
   1198.98694    0.9686800      50.80
   1198.98865    0.9690600      50.82
   1198.99023    0.9695500      50.85
   1198.99194    0.9700400      50.87
   1198.99353    0.9703300      50.89
   1198.99524    0.9703900      50.89
   1198.99695    0.9703300      50.89
   1198.99854    0.9703200      50.89
   1199.00024    0.9703900      50.89
   1199.00183    0.9704100      50.89
   1199.00354    0.9702000      50.88
   1199.00525    0.9698900      50.86
   1199.00684    0.9698800      50.86
   1199.00854    0.9702100      50.88
   1199.01013    0.9702900      50.88
   1199.01184    0.9695000      50.84
   1199.01355    0.9680500      50.77
   1199.01514    0.9668300      50.70
   1199.01685    0.9661700      50.67
   1199.01843    0.9654300      50.63
   1199.02014    0.9639100      50.55
   1199.02185    0.9617200      50.43
   1199.02344    0.9594100      50.31
   1199.02515    0.9569800      50.18
   1199.02673    0.9539300      50.02
   1199.02844    0.9500500      49.82
   1199.03015    0.9457800      49.60
   1199.03174    0.9415700      49.38
   1199.03345    0.9374000      49.16
   1199.03503    0.9333000      48.94
   1199.03674    0.9296600      48.75
   1199.03845    0.9269200      48.61
   1199.04004    0.9251900      48.52
   1199.04175    0.9245300      48.48
   1199.04333    0.9252800      48.52
   1199.04504    0.9276300      48.64
   1199.04675    0.9310200      48.82
   1199.04834    0.9343700      49.00
   1199.05005    0.9371000      49.14
   1199.05164    0.9394000      49.26
   1199.05334    0.9416000      49.38
   1199.05505    0.9436400      49.48
   1199.05664    0.9453400      49.57
   1199.05835    0.9467000      49.64
   1199.05994    0.9476500      49.69
   1199.06165    0.9479300      49.71
   1199.06335    0.9474000      49.68
   1199.06494    0.9465000      49.63
   1199.06665    0.9457900      49.59
   1199.06824    0.9452100      49.56
   1199.06995    0.9443100      49.52
   1199.07153    0.9429100      49.44
   1199.07324    0.9413800      49.36
   1199.07495    0.9399200      49.29
   1199.07654    0.9382100      49.20
   1199.07825    0.9359700      49.08
   1199.07983    0.9334700      48.95
   1199.08154    0.9312000      48.83
   1199.08325    0.9292100      48.72
   1199.08484    0.9271000      48.61
   1199.08655    0.9246000      48.48
   1199.08813    0.9218300      48.34
   1199.08984    0.9189300      48.18
   1199.09155    0.9158500      48.02
   1199.09314    0.9126200      47.85
   1199.09485    0.9093600      47.68
   1199.09644    0.9059700      47.50
   1199.09814    0.9020800      47.30
   1199.09985    0.8974800      47.06
   1199.10144    0.8924800      46.80
   1199.10315    0.8875600      46.54
   1199.10474    0.8827200      46.28
   1199.10645    0.8776200      46.02
   1199.10815    0.8721000      45.73
   1199.10974    0.8663400      45.42
   1199.11145    0.8604000      45.11
   1199.11304    0.8540800      44.78
   1199.11475    0.8472800      44.43
   1199.11646    0.8402500      44.06
   1199.11804    0.8331900      43.69
   1199.11975    0.8259000      43.30
   1199.12134    0.8179400      42.89
   1199.12305    0.8092600      42.43
   1199.12476    0.8000600      41.95
   1199.12634    0.7903800      41.44
   1199.12805    0.7799300      40.89
   1199.12964    0.7684900      40.29
   1199.13135    0.7561700      39.65
   1199.13306    0.7429800      38.96
   1199.13464    0.7285500      38.20
   1199.13635    0.7122500      37.34
   1199.13794    0.6937600      36.37
   1199.13965    0.6730600      35.29
   1199.14136    0.6501200      34.09
   1199.14294    0.6247400      32.76
   1199.14465    0.5968800      31.29
   1199.14624    0.5670400      29.73
   1199.14795    0.5362700      28.12
   1199.14966    0.5058900      26.52
   1199.15125    0.4772400      25.02
   1199.15295    0.4515600      23.67
   1199.15454    0.4299300      22.54
   1199.15625    0.4133200      21.67
   1199.15796    0.4025500      21.11
   1199.15955    0.3981800      20.88
   1199.16125    0.4004200      20.99
   1199.16284    0.4091400      21.45
   1199.16455    0.4240700      22.23
   1199.16626    0.4446800      23.31
   1199.16785    0.4700800      24.65
   1199.16956    0.4989900      26.16
   1199.17114    0.5300500      27.79
   1199.17285    0.5620200      29.47
   1199.17456    0.5936900      31.13
   1199.17615    0.6238800      32.71
   1199.17786    0.6516600      34.16
   1199.17957    0.6767900      35.48
   1199.18115    0.6995000      36.67
   1199.18286    0.7199700      37.75
   1199.18445    0.7380700      38.69
   1199.18616    0.7537800      39.52
   1199.18787    0.7676300      40.24
   1199.18945    0.7803500      40.91
   1199.19116    0.7923200      41.54
   1199.19275    0.8034500      42.12
   1199.19446    0.8135900      42.65
   1199.19617    0.8228900      43.14
   1199.19775    0.8316400      43.60
   1199.19946    0.8399800      44.04
   1199.20105    0.8478200      44.45
   1199.20276    0.8550700      44.83
   1199.20447    0.8617300      45.18
   1199.20605    0.8678700      45.50
   1199.20776    0.8735800      45.80
   1199.20935    0.8789300      46.08
   1199.21106    0.8840400      46.34
   1199.21277    0.8889900      46.60
   1199.21436    0.8937600      46.85
   1199.21606    0.8981300      47.08
   1199.21765    0.9019400      47.28
   1199.21936    0.9053600      47.46
   1199.22107    0.9088200      47.64
   1199.22266    0.9125800      47.84
   1199.22437    0.9163700      48.04
   1199.22595    0.9196200      48.21
   1199.22766    0.9221400      48.34
   1199.22937    0.9243400      48.46
   1199.23096    0.9267100      48.58
   1199.23267    0.9292700      48.71
   1199.23425    0.9317400      48.84
   1199.23596    0.9341000      48.97
   1199.23767    0.9365600      49.10
   1199.23926    0.9391200      49.23
   1199.24097    0.9414300      49.35
   1199.24255    0.9432700      49.45
   1199.24426    0.9448600      49.53
   1199.24597    0.9464900      49.62
   1199.24756    0.9480800      49.70
   1199.24927    0.9494000      49.77
   1199.25085    0.9505500      49.83
   1199.25256    0.9518900      49.90
   1199.25427    0.9534800      49.98
   1199.25586    0.9549300      50.06
   1199.25757    0.9559300      50.11
   1199.25916    0.9567100      50.15
   1199.26086    0.9577100      50.20
   1199.26257    0.9589800      50.27
   1199.26416    0.9601700      50.33
   1199.26587    0.9609900      50.37
   1199.26746    0.9615300      50.40
   1199.26917    0.9620500      50.43
   1199.27087    0.9626600      50.46
   1199.27246    0.9632700      50.49
   1199.27417    0.9638400      50.52
   1199.27576    0.9644500      50.55
   1199.27747    0.9651800      50.59
   1199.27917    0.9660100      50.64
   1199.28076    0.9667800      50.68
   1199.28247    0.9673800      50.71
   1199.28406    0.9678500      50.73
   1199.28577    0.9684200      50.76
   1199.28748    0.9691700      50.80
   1199.28906    0.9699100      50.84
   1199.29077    0.9703200      50.86
   1199.29236    0.9703900      50.86
   1199.29407    0.9704300      50.87
   1199.29578    0.9707600      50.88
   1199.29736    0.9712900      50.91
   1199.29907    0.9717200      50.93
   1199.30078    0.9719500      50.95
   1199.30237    0.9721000      50.95
   1199.30408    0.9722100      50.96
   1199.30566    0.9721300      50.95
   1199.30737    0.9718300      50.94
   1199.30908    0.9715800      50.93
   1199.31067    0.9716400      50.93
   1199.31238    0.9717700      50.93
   1199.31396    0.9714700      50.92
   1199.31567    0.9706200      50.87
   1199.31738    0.9696500      50.82
   1199.31897    0.9688900      50.78
   1199.32068    0.9679500      50.73
   1199.32227    0.9660600      50.63
   1199.32397    0.9629300      50.47
   1199.32568    0.9589200      50.26
   1199.32727    0.9545300      50.03
   1199.32898    0.9498500      49.78
   1199.33057    0.9447000      49.51
   1199.33228    0.9391600      49.22
   1199.33398    0.9337300      48.94
   1199.33557    0.9290300      48.69
   1199.33728    0.9255700      48.51
   1199.33887    0.9235700      48.41
   1199.34058    0.9230700      48.38
   1199.34229    0.9240400      48.43
   1199.34387    0.9264300      48.56
   1199.34558    0.9300600      48.75
   1199.34717    0.9343300      48.97
   1199.34888    0.9383100      49.18
   1199.35059    0.9414900      49.34
   1199.35217    0.9439800      49.47
   1199.35388    0.9461400      49.59
   1199.35547    0.9477500      49.67
   1199.35718    0.9482800      49.70
   1199.35889    0.9476500      49.67
   1199.36047    0.9463300      49.60
   1199.36218    0.9445900      49.51
   1199.36377    0.9419900      49.37
   1199.36548    0.9381000      49.17
   1199.36719    0.9331900      48.91
   1199.36877    0.9278500      48.63
   1199.37048    0.9220500      48.32
   1199.37219    0.9151700      47.96
   1199.37378    0.9067200      47.52
   1199.37549    0.8965800      46.99
   1199.37708    0.8843900      46.35
   1199.37878    0.8694100      45.56
   1199.38049    0.8511200      44.61
   1199.38208    0.8293000      43.46
   1199.38379    0.8032900      42.10
   1199.38538    0.7716400      40.44
   1199.38708    0.7330500      38.42
   1199.38879    0.6874700      36.03
   1199.39038    0.6360500      33.33
   1199.39209    0.5808700      30.44
   1199.39368    0.5262000      27.58
   1199.39539    0.4799400      25.15
   1199.39709    0.4521100      23.69
   1199.39868    0.4500300      23.58
   1199.40039    0.4739100      24.84
   1199.40198    0.5170000      27.09
   1199.40369    0.5697700      29.86
   1199.40540    0.6241900      32.71
   1199.40698    0.6754200      35.40
   1199.40869    0.7211400      37.79
   1199.41028    0.7605200      39.86
   1199.41199    0.7935500      41.59
   1199.41370    0.8208000      43.01
   1199.41528    0.8432600      44.19
   1199.41699    0.8620300      45.17
   1199.41858    0.8779200      46.01
   1199.42029    0.8912700      46.71
   1199.42200    0.9023200      47.29
   1199.42358    0.9115600      47.77
   1199.42529    0.9197400      48.20
   1199.42700    0.9272400      48.59
   1199.42859    0.9339000      48.94
   1199.43030    0.9393800      49.23
   1199.43188    0.9437700      49.46
   1199.43359    0.9475100      49.65
   1199.43530    0.9509700      49.83
   1199.43689    0.9542300      50.00
   1199.43860    0.9571600      50.16
   1199.44019    0.9596600      50.29
   1199.44189    0.9616800      50.39
   1199.44360    0.9632400      50.48
   1199.44519    0.9645800      50.55
   1199.44690    0.9658800      50.61
   1199.44849    0.9670500      50.68
   1199.45020    0.9678100      50.71
   1199.45190    0.9681400      50.73
   1199.45349    0.9684600      50.75
   1199.45520    0.9691900      50.79
   1199.45679    0.9702300      50.84
   1199.45850    0.9711100      50.89
   1199.46021    0.9715300      50.91
   1199.46179    0.9716100      50.91
   1199.46350    0.9715300      50.91
   1199.46521    0.9712900      50.90
   1199.46680    0.9707200      50.87
   1199.46851    0.9697600      50.82
   1199.47009    0.9684600      50.75
   1199.47180    0.9668300      50.66
   1199.47351    0.9649100      50.56
   1199.47510    0.9628900      50.45
   1199.47681    0.9611000      50.36
   1199.47839    0.9597000      50.29
   1199.48010    0.9586300      50.23
   1199.48181    0.9578600      50.19
   1199.48340    0.9576000      50.18
   1199.48511    0.9580800      50.20
   1199.48669    0.9592500      50.26
   1199.48840    0.9608300      50.35
   1199.49011    0.9626300      50.44
   1199.49170    0.9646500      50.55
   1199.49341    0.9668400      50.66
   1199.49500    0.9689700      50.77
   1199.49670    0.9708500      50.87
   1199.49841    0.9725200      50.96
   1199.50000    0.9741700      51.04
   1199.50171    0.9758000      51.13
   1199.50330    0.9771900      51.20
   1199.50500    0.9781800      51.25
   1199.50671    0.9788700      51.29
   1199.50830    0.9795400      51.32
   1199.51001    0.9803900      51.37
   1199.51172    0.9813900      51.42
   1199.51331    0.9822700      51.47
   1199.51501    0.9828700      51.50
   1199.51660    0.9832700      51.52
   1199.51831    0.9836700      51.54
   1199.52002    0.9841500      51.56
   1199.52161    0.9845100      51.58
   1199.52332    0.9846400      51.59
   1199.52490    0.9847300      51.59
   1199.52661    0.9850500      51.61
   1199.52832    0.9855100      51.64
   1199.52991    0.9857400      51.65
   1199.53162    0.9855100      51.64
   1199.53320    0.9849100      51.60
   1199.53491    0.9840800      51.56
   1199.53662    0.9828600      51.50
   1199.53821    0.9812100      51.41
   1199.53992    0.9795000      51.32
   1199.54163    0.9783300      51.26
   1199.54321    0.9780800      51.24
   1199.54492    0.9787500      51.28
   1199.54651    0.9801200      51.35
   1199.54822    0.9818600      51.44
   1199.54993    0.9834300      51.52
   1199.55151    0.9844500      51.58
   1199.55322    0.9849900      51.61
   1199.55481    0.9854900      51.63
   1199.55652    0.9861700      51.67
   1199.55823    0.9868300      51.70
   1199.55981    0.9872600      51.72
   1199.56152    0.9876100      51.74
   1199.56311    0.9880600      51.77
   1199.56482    0.9885100      51.79
   1199.56653    0.9887900      51.80
   1199.56812    0.9890500      51.82
   1199.56982    0.9895600      51.84
   1199.57141    0.9901400      51.87
   1199.57312    0.9903900      51.89
   1199.57483    0.9903400      51.88
   1199.57642    0.9904700      51.89
   1199.57812    0.9910000      51.92
   1199.57983    0.9915800      51.95
   1199.58142    0.9919300      51.97
   1199.58313    0.9922100      51.98
   1199.58472    0.9925700      52.00
   1199.58643    0.9927100      52.01
   1199.58813    0.9923600      51.99
   1199.58972    0.9919300      51.97
   1199.59143    0.9921200      51.98
   1199.59302    0.9928000      52.01
   1199.59473    0.9931200      52.03
   1199.59644    0.9926800      52.00
   1199.59802    0.9921700      51.98
   1199.59973    0.9923800      51.99
   1199.60132    0.9931100      52.03
   1199.60303    0.9935500      52.05
   1199.60474    0.9934500      52.04
   1199.60632    0.9933500      52.04
   1199.60803    0.9936100      52.05
   1199.60974    0.9939200      52.07
   1199.61133    0.9938600      52.07
   1199.61304    0.9935200      52.05
   1199.61462    0.9932400      52.03
   1199.61633    0.9930700      52.02
   1199.61804    0.9929200      52.02
   1199.61963    0.9929000      52.01
   1199.62134    0.9932500      52.03
   1199.62292    0.9938100      52.06
   1199.62463    0.9940700      52.08
   1199.62634    0.9938000      52.06
   1199.62793    0.9932900      52.03
   1199.62964    0.9929600      52.02
   1199.63123    0.9928700      52.01
   1199.63293    0.9928100      52.01
   1199.63464    0.9927500      52.01
   1199.63623    0.9928400      52.01
   1199.63794    0.9931000      52.02
   1199.63965    0.9933200      52.03
   1199.64124    0.9932900      52.03
   1199.64294    0.9930800      52.02
   1199.64453    0.9929200      52.01
   1199.64624    0.9929400      52.01
   1199.64795    0.9930700      52.02
   1199.64954    0.9932000      52.03
   1199.65125    0.9931900      52.03
   1199.65283    0.9929400      52.01
   1199.65454    0.9923800      51.98
   1199.65625    0.9916000      51.94
   1199.65784    0.9909000      51.91
   1199.65955    0.9905100      51.89
   1199.66113    0.9903600      51.88
   1199.66284    0.9901400      51.87
   1199.66455    0.9895500      51.83
   1199.66614    0.9886600      51.79
   1199.66785    0.9877400      51.74
   1199.66956    0.9869800      51.70
   1199.67114    0.9863400      51.67
   1199.67285    0.9857000      51.63
   1199.67444    0.9851900      51.61
   1199.67615    0.9851400      51.60
   1199.67786    0.9856900      51.63
   1199.67944    0.9866100      51.68
   1199.68115    0.9874500      51.72
   1199.68274    0.9879300      51.75
   1199.68445    0.9881100      51.76
   1199.68616    0.9882900      51.77
   1199.68774    0.9886500      51.79
   1199.68945    0.9890400      51.81
   1199.69116    0.9890800      51.81
   1199.69275    0.9886100      51.78
   1199.69446    0.9878300      51.74
   1199.69604    0.9871000      51.70
   1199.69775    0.9864800      51.67
   1199.69946    0.9857000      51.63
   1199.70105    0.9846300      51.57
   1199.70276    0.9836500      51.52
   1199.70435    0.9833400      51.51
   1199.70605    0.9838400      51.53
   1199.70776    0.9846100      51.57
   1199.70935    0.9850800      51.60
   1199.71106    0.9852000      51.60
   1199.71265    0.9853500      51.61
   1199.71436    0.9857000      51.63
   1199.71606    0.9860600      51.65
   1199.71765    0.9863000      51.66
   1199.71936    0.9866400      51.68
   1199.72107    0.9872400      51.71
   1199.72266    0.9878400      51.74
   1199.72437    0.9879900      51.75
   1199.72595    0.9876900      51.73
   1199.72766    0.9874800      51.72
   1199.72937    0.9878000      51.74
   1199.73096    0.9884200      51.77
   1199.73267    0.9887900      51.79
   1199.73425    0.9886300      51.78
   1199.73596    0.9881800      51.76
   1199.73767    0.9877200      51.73
   1199.73926    0.9873500      51.71
   1199.74097    0.9869600      51.69
   1199.74268    0.9865200      51.67
   1199.74426    0.9860100      51.64
   1199.74597    0.9854800      51.61
   1199.74756    0.9850400      51.59
   1199.74927    0.9847500      51.58
   1199.75098    0.9845100      51.56
   1199.75256    0.9841000      51.54
   1199.75427    0.9834000      51.50
   1199.75586    0.9825800      51.46
   1199.75757    0.9819100      51.43
   1199.75928    0.9814800      51.40
   1199.76086    0.9812400      51.39
   1199.76257    0.9811600      51.39
   1199.76428    0.9811600      51.39
   1199.76587    0.9810300      51.38
   1199.76758    0.9806000      51.36
   1199.76917    0.9799000      51.32
   1199.77087    0.9791700      51.28
   1199.77258    0.9784800      51.25
   1199.77417    0.9776800      51.20
   1199.77588    0.9767100      51.15
   1199.77747    0.9758100      51.10
   1199.77917    0.9752100      51.07
   1199.78088    0.9747600      51.05
   1199.78247    0.9740800      51.01
   1199.78418    0.9729900      50.96
   1199.78589    0.9715900      50.88
   1199.78748    0.9700000      50.80
   1199.78918    0.9681900      50.70
   1199.79077    0.9661700      50.60
   1199.79248    0.9639500      50.48
   1199.79419    0.9614400      50.35
   1199.79578    0.9584100      50.19
   1199.79749    0.9548100      50.00
   1199.79907    0.9508800      49.80
   1199.80078    0.9468300      49.59
   1199.80249    0.9425000      49.36
   1199.80408    0.9376000      49.10
   1199.80579    0.9320700      48.81
   1199.80750    0.9259600      48.49
   1199.80908    0.9190300      48.13
   1199.81079    0.9107500      47.69
   1199.81238    0.9007000      47.17
   1199.81409    0.8888400      46.55
   1199.81580    0.8751800      45.83
   1199.81738    0.8593400      45.00
   1199.81909    0.8406800      44.02
   1199.82068    0.8186100      42.87
   1199.82239    0.7926000      41.51
   1199.82410    0.7621000      39.91
   1199.82568    0.7267100      38.06
   1199.82739    0.6864700      35.95
   1199.82910    0.6422200      33.63
   1199.83069    0.5959700      31.21
   1199.83240    0.5519100      28.90
   1199.83398    0.5166800      27.06
   1199.83569    0.4976500      26.06
   1199.83740    0.4993600      26.15
   1199.83899    0.5209100      27.28
   1199.84070    0.5567800      29.16
   1199.84229    0.6001600      31.43
   1199.84399    0.6456600      33.81
   1199.84570    0.6897100      36.12
   1199.84729    0.7298700      38.22
   1199.84900    0.7648200      40.05
   1199.85071    0.7946400      41.61
   1199.85229    0.8202800      42.95
   1199.85400    0.8423900      44.11
   1199.85559    0.8610900      45.09
   1199.85730    0.8766600      45.91
   1199.85901    0.8899500      46.60
   1199.86060    0.9016800      47.22
   1199.86230    0.9118200      47.75
   1199.86389    0.9201200      48.18
   1199.86560    0.9269500      48.54
   1199.86731    0.9331400      48.86
   1199.86890    0.9390300      49.17
   1199.87061    0.9442200      49.44
   1199.87231    0.9484100      49.66
   1199.87390    0.9519500      49.85
   1199.87561    0.9553200      50.02
   1199.87720    0.9584500      50.19
   1199.87891    0.9610700      50.32
   1199.88062    0.9632600      50.44
   1199.88220    0.9653500      50.55
   1199.88391    0.9674000      50.65
   1199.88550    0.9691400      50.75
   1199.88721    0.9705600      50.82
   1199.88892    0.9719400      50.89
   1199.89050    0.9734100      50.97
   1199.89221    0.9746600      51.03
   1199.89392    0.9755400      51.08
   1199.89551    0.9763400      51.12
   1199.89722    0.9774000      51.18
   1199.89880    0.9786000      51.24
   1199.90051    0.9795600      51.29
   1199.90222    0.9802900      51.33
   1199.90381    0.9810600      51.37
   1199.90552    0.9818800      51.41
   1199.90723    0.9824600      51.44
   1199.90881    0.9827100      51.45
   1199.91052    0.9829500      51.47
   1199.91211    0.9834300      51.49
   1199.91382    0.9840000      51.52
   1199.91553    0.9844800      51.55
   1199.91711    0.9850900      51.58
   1199.91882    0.9861000      51.63
   1199.92041    0.9873100      51.69
   1199.92212    0.9880800      51.73
   1199.92383    0.9881300      51.74
   1199.92542    0.9878400      51.72
   1199.92712    0.9877300      51.72
   1199.92883    0.9878500      51.72
   1199.93042    0.9878900      51.72
   1199.93213    0.9877400      51.72
   1199.93372    0.9876300      51.71
   1199.93542    0.9877600      51.72
   1199.93713    0.9879500      51.73
   1199.93872    0.9878300      51.72
   1199.94043    0.9873800      51.70
   1199.94214    0.9869400      51.67
   1199.94373    0.9868200      51.67
   1199.94543    0.9869100      51.67
   1199.94702    0.9868600      51.67
   1199.94873    0.9865700      51.65
   1199.95044    0.9863600      51.64
   1199.95203    0.9865500      51.65
   1199.95374    0.9870900      51.68
   1199.95532    0.9876600      51.71
   1199.95703    0.9880400      51.73
   1199.95874    0.9882900      51.74
   1199.96033    0.9886000      51.76
   1199.96204    0.9890400      51.78
   1199.96375    0.9896000      51.81
   1199.96533    0.9901900      51.84
   1199.96704    0.9905800      51.86
   1199.96863    0.9906200      51.86
   1199.97034    0.9903700      51.85
   1199.97205    0.9901200      51.84
   1199.97363    0.9900300      51.83
   1199.97534    0.9899800      51.83
   1199.97705    0.9898200      51.82
   1199.97864    0.9896400      51.81
   1199.98035    0.9896200      51.81
   1199.98193    0.9897100      51.81
   1199.98364    0.9896600      51.81
   1199.98535    0.9894400      51.80
   1199.98694    0.9892600      51.79
   1199.98865    0.9892200      51.79
   1199.99023    0.9890800      51.78
   1199.99194    0.9886300      51.76
   1199.99365    0.9879500      51.72
   1199.99524    0.9873200      51.69
   1199.99695    0.9868200      51.66
   1199.99866    0.9862900      51.63
   1200.00024    0.9856000      51.60
   1200.00195    0.9848200      51.56
   1200.00354    0.9840300      51.51
   1200.00525    0.9832600      51.47
   1200.00696    0.9825000      51.43
   1200.00854    0.9818100      51.40
   1200.01025    0.9812800      51.37
   1200.01196    0.9810100      51.36
   1200.01355    0.9810500      51.36
   1200.01526    0.9813500      51.37
   1200.01685    0.9817400      51.39
   1200.01855    0.9820600      51.41
   1200.02026    0.9823800      51.43
   1200.02185    0.9829300      51.46
   1200.02356    0.9837900      51.50
   1200.02515    0.9847000      51.55
   1200.02686    0.9853400      51.58
   1200.02856    0.9857000      51.60
   1200.03015    0.9860000      51.62
   1200.03186    0.9863300      51.63
   1200.03357    0.9864800      51.64
   1200.03516    0.9862500      51.63
   1200.03687    0.9857500      51.60
   1200.03845    0.9852900      51.58
   1200.04016    0.9851500      51.57
   1200.04187    0.9853300      51.58
   1200.04346    0.9857000      51.60
   1200.04517    0.9861100      51.62
   1200.04688    0.9864700      51.64
   1200.04846    0.9866900      51.65
   1200.05017    0.9866800      51.65
   1200.05176    0.9863200      51.63
   1200.05347    0.9856300      51.59
   1200.05518    0.9847400      51.55
   1200.05676    0.9837800      51.50
   1200.05847    0.9827400      51.44
   1200.06018    0.9815900      51.38
   1200.06177    0.9804400      51.32
   1200.06348    0.9795600      51.28
   1200.06506    0.9791900      51.26
   1200.06677    0.9793400      51.26
   1200.06848    0.9798200      51.29
   1200.07007    0.9803900      51.32
   1200.07178    0.9807600      51.34
   1200.07336    0.9807200      51.34
   1200.07507    0.9802300      51.31
   1200.07678    0.9794600      51.27
   1200.07837    0.9785600      51.22
   1200.08008    0.9775700      51.17
   1200.08179    0.9765100      51.11
   1200.08337    0.9754900      51.06
   1200.08508    0.9745100      51.01
   1200.08667    0.9733100      50.95
   1200.08838    0.9716500      50.86
   1200.09009    0.9696000      50.75
   1200.09167    0.9675100      50.64
   1200.09338    0.9654600      50.53
   1200.09509    0.9632800      50.42
   1200.09668    0.9609400      50.30
   1200.09839    0.9588300      50.19
   1200.09998    0.9572700      50.11
