   1180.00073    0.9676500      52.48
   1180.00232    0.9737300      52.81
   1180.00391    0.9788000      53.09
   1180.00549    0.9828800      53.31
   1180.00708    0.9860700      53.48
   1180.00867    0.9884800      53.61
   1180.01038    0.9902500      53.71
   1180.01196    0.9915900      53.78
   1180.01355    0.9926300      53.84
   1180.01514    0.9932100      53.87
   1180.01672    0.9932700      53.87
   1180.01831    0.9931300      53.86
   1180.02002    0.9932700      53.87
   1180.02161    0.9937200      53.90
   1180.02319    0.9941200      53.92
   1180.02478    0.9942800      53.93
   1180.02637    0.9943900      53.93
   1180.02795    0.9945500      53.94
   1180.02966    0.9945900      53.94
   1180.03125    0.9943800      53.93
   1180.03284    0.9941400      53.92
   1180.03442    0.9940100      53.91
   1180.03601    0.9937100      53.89
   1180.03760    0.9929800      53.85
   1180.03931    0.9921500      53.81
   1180.04089    0.9918000      53.79
   1180.04248    0.9918800      53.79
   1180.04407    0.9917200      53.79
   1180.04565    0.9910300      53.75
   1180.04736    0.9903300      53.71
   1180.04895    0.9900500      53.69
   1180.05054    0.9899100      53.69
   1180.05212    0.9894200      53.66
   1180.05371    0.9887300      53.62
   1180.05530    0.9883700      53.60
   1180.05701    0.9882900      53.60
   1180.05859    0.9878900      53.58
   1180.06018    0.9869100      53.52
   1180.06177    0.9858400      53.46
   1180.06335    0.9851400      53.43
   1180.06494    0.9846000      53.40
   1180.06665    0.9837100      53.35
   1180.06824    0.9823500      53.27
   1180.06982    0.9806400      53.18
   1180.07141    0.9785100      53.07
   1180.07300    0.9756500      52.91
   1180.07458    0.9720200      52.71
   1180.07629    0.9679700      52.49
   1180.07788    0.9638600      52.27
   1180.07947    0.9596500      52.04
   1180.08105    0.9549200      51.79
   1180.08264    0.9490100      51.47
   1180.08423    0.9413700      51.05
   1180.08594    0.9318400      50.53
   1180.08752    0.9206500      49.93
   1180.08911    0.9079900      49.24
   1180.09070    0.8935800      48.46
   1180.09229    0.8768400      47.55
   1180.09387    0.8575900      46.51
   1180.09558    0.8363300      45.35
   1180.09717    0.8143800      44.16
   1180.09875    0.7940300      43.06
   1180.10034    0.7785800      42.22
   1180.10193    0.7711600      41.82
   1180.10364    0.7727400      41.90
   1180.10522    0.7814200      42.38
   1180.10681    0.7939000      43.05
   1180.10840    0.8075200      43.79
   1180.10999    0.8209500      44.52
   1180.11157    0.8335900      45.20
   1180.11328    0.8452800      45.84
   1180.11487    0.8563500      46.44
   1180.11646    0.8673700      47.04
   1180.11804    0.8784200      47.63
   1180.11963    0.8889900      48.21
   1180.12122    0.8988900      48.74
   1180.12292    0.9085500      49.27
   1180.12451    0.9182700      49.79
   1180.12610    0.9275900      50.30
   1180.12769    0.9358300      50.75
   1180.12927    0.9429800      51.13
   1180.13086    0.9495300      51.49
   1180.13257    0.9556100      51.82
   1180.13416    0.9608300      52.10
   1180.13574    0.9650800      52.33
   1180.13733    0.9688300      52.54
   1180.13892    0.9725200      52.74
   1180.14050    0.9758700      52.92
   1180.14221    0.9782700      53.05
   1180.14380    0.9795700      53.12
   1180.14539    0.9802300      53.15
   1180.14697    0.9808400      53.19
   1180.14856    0.9815200      53.22
   1180.15027    0.9819400      53.24
   1180.15186    0.9818600      53.24
   1180.15344    0.9814600      53.22
   1180.15503    0.9813000      53.21
   1180.15662    0.9817200      53.23
   1180.15820    0.9824400      53.27
   1180.15991    0.9829400      53.30
   1180.16150    0.9830200      53.30
   1180.16309    0.9828300      53.29
   1180.16467    0.9823500      53.27
   1180.16626    0.9811900      53.20
   1180.16785    0.9791100      53.09
   1180.16956    0.9763500      52.94
   1180.17114    0.9732500      52.77
   1180.17273    0.9699600      52.59
   1180.17432    0.9667400      52.42
   1180.17590    0.9644500      52.29
   1180.17749    0.9639100      52.26
   1180.17920    0.9650300      52.33
   1180.18079    0.9668400      52.42
   1180.18237    0.9686700      52.52
   1180.18396    0.9706600      52.63
   1180.18555    0.9731500      52.76
   1180.18726    0.9759500      52.92
   1180.18884    0.9786100      53.06
   1180.19043    0.9810100      53.19
   1180.19202    0.9833200      53.32
   1180.19360    0.9854600      53.43
   1180.19519    0.9872000      53.53
   1180.19690    0.9885200      53.60
   1180.19849    0.9896200      53.66
   1180.20007    0.9905800      53.71
   1180.20166    0.9913300      53.75
   1180.20325    0.9919500      53.78
   1180.20483    0.9927100      53.82
   1180.20654    0.9935700      53.87
   1180.20813    0.9941900      53.90
   1180.20972    0.9944200      53.92
   1180.21130    0.9945800      53.92
   1180.21289    0.9949500      53.94
   1180.21448    0.9954000      53.97
   1180.21619    0.9956900      53.98
   1180.21777    0.9959300      54.00
   1180.21936    0.9963600      54.02
   1180.22095    0.9968400      54.05
   1180.22253    0.9970000      54.05
   1180.22424    0.9967500      54.04
   1180.22583    0.9964700      54.03
   1180.22742    0.9964300      54.02
   1180.22900    0.9964700      54.03
   1180.23059    0.9963900      54.02
   1180.23218    0.9962500      54.01
   1180.23389    0.9962400      54.01
   1180.23547    0.9962900      54.01
   1180.23706    0.9961900      54.01
   1180.23865    0.9959600      54.00
   1180.24023    0.9958300      53.99
   1180.24182    0.9958100      53.99
   1180.24353    0.9956300      53.98
   1180.24512    0.9952000      53.95
   1180.24670    0.9948000      53.93
   1180.24829    0.9947700      53.93
   1180.24988    0.9951100      53.95
   1180.25159    0.9954600      53.97
   1180.25317    0.9955900      53.98
   1180.25476    0.9955800      53.97
   1180.25635    0.9956000      53.98
   1180.25793    0.9956000      53.98
   1180.25952    0.9954600      53.97
   1180.26123    0.9951000      53.95
   1180.26282    0.9945600      53.92
   1180.26440    0.9939100      53.88
   1180.26599    0.9932500      53.85
   1180.26758    0.9927600      53.82
   1180.26917    0.9924200      53.80
   1180.27087    0.9918500      53.77
   1180.27246    0.9905400      53.70
   1180.27405    0.9885200      53.59
   1180.27563    0.9866100      53.49
   1180.27722    0.9857500      53.44
   1180.27881    0.9860600      53.46
   1180.28052    0.9869000      53.50
   1180.28210    0.9876100      53.54
   1180.28369    0.9881200      53.57
   1180.28528    0.9886400      53.60
   1180.28687    0.9892400      53.63
   1180.28857    0.9898000      53.66
   1180.29016    0.9903300      53.69
   1180.29175    0.9910000      53.72
   1180.29333    0.9918600      53.77
   1180.29492    0.9927500      53.82
   1180.29651    0.9935100      53.86
   1180.29822    0.9940800      53.89
   1180.29980    0.9945200      53.91
   1180.30139    0.9948600      53.93
   1180.30298    0.9951100      53.94
   1180.30457    0.9952000      53.95
   1180.30615    0.9950500      53.94
   1180.30786    0.9947700      53.93
   1180.30945    0.9946100      53.92
   1180.31104    0.9947400      53.92
   1180.31262    0.9949500      53.93
   1180.31421    0.9949300      53.93
   1180.31592    0.9947900      53.93
   1180.31750    0.9949400      53.93
   1180.31909    0.9954100      53.96
   1180.32068    0.9956200      53.97
   1180.32227    0.9951500      53.94
   1180.32385    0.9944000      53.90
   1180.32556    0.9940400      53.88
   1180.32715    0.9940600      53.88
   1180.32874    0.9938000      53.87
   1180.33032    0.9930500      53.83
   1180.33191    0.9924000      53.79
   1180.33350    0.9923400      53.79
   1180.33521    0.9924800      53.80
   1180.33679    0.9921300      53.78
   1180.33838    0.9912600      53.73
   1180.33997    0.9905000      53.69
   1180.34155    0.9900900      53.67
   1180.34326    0.9896400      53.64
   1180.34485    0.9887800      53.60
   1180.34644    0.9876400      53.54
   1180.34802    0.9864200      53.47
   1180.34961    0.9849100      53.39
   1180.35120    0.9827900      53.27
   1180.35291    0.9800900      53.13
   1180.35449    0.9769500      52.95
   1180.35608    0.9731500      52.75
   1180.35767    0.9685900      52.50
   1180.35925    0.9642100      52.26
   1180.36096    0.9617500      52.13
   1180.36255    0.9623200      52.16
   1180.36414    0.9653700      52.33
   1180.36572    0.9693800      52.54
   1180.36731    0.9732000      52.75
   1180.36890    0.9764000      52.92
   1180.37061    0.9787200      53.05
   1180.37219    0.9799200      53.11
   1180.37378    0.9802200      53.13
   1180.37537    0.9803200      53.14
   1180.37695    0.9805900      53.15
   1180.37854    0.9805100      53.15
   1180.38025    0.9794100      53.09
   1180.38184    0.9773500      52.97
   1180.38342    0.9749100      52.84
   1180.38501    0.9721700      52.69
   1180.38660    0.9685300      52.50
   1180.38831    0.9634600      52.22
   1180.38989    0.9571100      51.88
   1180.39148    0.9498400      51.48
   1180.39307    0.9418200      51.05
   1180.39465    0.9335400      50.60
   1180.39624    0.9266800      50.23
   1180.39795    0.9234900      50.05
   1180.39954    0.9251500      50.14
   1180.40112    0.9308500      50.45
   1180.40271    0.9386300      50.87
   1180.40430    0.9468100      51.32
   1180.40601    0.9545200      51.73
   1180.40759    0.9612600      52.10
   1180.40918    0.9667000      52.39
   1180.41077    0.9708700      52.62
   1180.41235    0.9741900      52.80
   1180.41394    0.9770500      52.95
   1180.41565    0.9794400      53.08
   1180.41724    0.9812000      53.18
   1180.41882    0.9823900      53.24
   1180.42041    0.9833400      53.29
   1180.42200    0.9842700      53.35
   1180.42358    0.9851700      53.39
   1180.42529    0.9858900      53.43
   1180.42688    0.9862800      53.45
   1180.42847    0.9862300      53.45
   1180.43005    0.9858500      53.43
   1180.43164    0.9855000      53.41
   1180.43335    0.9855400      53.41
   1180.43494    0.9858800      53.43
   1180.43652    0.9860800      53.44
   1180.43811    0.9858800      53.43
   1180.43970    0.9855200      53.41
   1180.44128    0.9854000      53.40
   1180.44299    0.9854500      53.41
   1180.44458    0.9852800      53.40
   1180.44617    0.9848100      53.37
   1180.44775    0.9843800      53.35
   1180.44934    0.9842700      53.34
   1180.45105    0.9842500      53.34
   1180.45264    0.9840000      53.33
   1180.45422    0.9836400      53.31
   1180.45581    0.9835100      53.30
   1180.45740    0.9836000      53.31
   1180.45898    0.9834000      53.29
   1180.46069    0.9826400      53.25
   1180.46228    0.9815500      53.19
   1180.46387    0.9804300      53.13
   1180.46545    0.9791000      53.06
   1180.46704    0.9771300      52.95
   1180.46875    0.9744900      52.81
   1180.47034    0.9715300      52.65
   1180.47192    0.9682200      52.47
   1180.47351    0.9640000      52.24
   1180.47510    0.9583200      51.93
   1180.47668    0.9512700      51.55
   1180.47839    0.9432500      51.12
   1180.47998    0.9341000      50.62
   1180.48157    0.9230100      50.02
   1180.48315    0.9095400      49.29
   1180.48474    0.8947400      48.49
   1180.48633    0.8814000      47.76
   1180.48804    0.8730300      47.31
   1180.48962    0.8720300      47.26
   1180.49121    0.8783600      47.60
   1180.49280    0.8897300      48.22
   1180.49438    0.9031200      48.94
   1180.49609    0.9162300      49.65
   1180.49768    0.9279600      50.29
   1180.49927    0.9379100      50.83
   1180.50085    0.9459900      51.26
   1180.50244    0.9524500      51.61
   1180.50403    0.9578100      51.90
   1180.50574    0.9624300      52.15
   1180.50732    0.9663000      52.36
   1180.50891    0.9693800      52.53
   1180.51050    0.9718500      52.66
   1180.51208    0.9739500      52.78
   1180.51379    0.9756200      52.87
   1180.51538    0.9767000      52.93
   1180.51697    0.9772900      52.96
   1180.51855    0.9777800      52.98
   1180.52014    0.9783100      53.01
   1180.52173    0.9786500      53.03
   1180.52344    0.9785900      53.03
   1180.52502    0.9783300      53.01
   1180.52661    0.9782200      53.01
   1180.52820    0.9783100      53.01
   1180.52979    0.9782300      53.01
   1180.53149    0.9776100      52.97
   1180.53308    0.9764600      52.91
   1180.53467    0.9751700      52.84
   1180.53625    0.9741200      52.78
   1180.53784    0.9733300      52.74
   1180.53943    0.9724200      52.69
   1180.54114    0.9709100      52.61
   1180.54272    0.9687200      52.49
   1180.54431    0.9661800      52.35
   1180.54590    0.9635500      52.21
   1180.54749    0.9607000      52.06
   1180.54919    0.9572000      51.87
   1180.55078    0.9527000      51.62
   1180.55237    0.9470500      51.32
   1180.55396    0.9400900      50.94
   1180.55554    0.9314000      50.47
   1180.55713    0.9203500      49.87
   1180.55884    0.9062100      49.10
   1180.56042    0.8883800      48.14
   1180.56201    0.8663900      46.94
   1180.56360    0.8397600      45.50
   1180.56519    0.8081700      43.79
   1180.56689    0.7729500      41.88
   1180.56848    0.7390200      40.04
   1180.57007    0.7145400      38.72
   1180.57166    0.7070100      38.31
   1180.57324    0.7183200      38.92
   1180.57483    0.7434500      40.28
   1180.57654    0.7742400      41.95
   1180.57812    0.8041800      43.57
   1180.57971    0.8302300      44.98
   1180.58130    0.8515300      46.14
   1180.58289    0.8678600      47.02
   1180.58459    0.8795300      47.65
   1180.58618    0.8873800      48.08
   1180.58777    0.8921200      48.34
   1180.58936    0.8938600      48.43
   1180.59094    0.8924800      48.36
   1180.59253    0.8879300      48.11
   1180.59424    0.8799600      47.68
   1180.59583    0.8678100      47.02
   1180.59741    0.8506600      46.09
   1180.59900    0.8282500      44.88
   1180.60059    0.8009400      43.40
   1180.60229    0.7701800      41.73
   1180.60388    0.7399300      40.09
   1180.60547    0.7173500      38.87
   1180.60706    0.7101600      38.48
   1180.60864    0.7217600      39.10
   1180.61035    0.7486400      40.56
   1180.61194    0.7828400      42.41
   1180.61353    0.8170800      44.27
   1180.61511    0.8475300      45.92
   1180.61670    0.8731900      47.31
   1180.61829    0.8940500      48.44
   1180.62000    0.9104300      49.33
   1180.62158    0.9232000      50.02
   1180.62317    0.9334800      50.57
   1180.62476    0.9420000      51.04
   1180.62634    0.9490200      51.42
   1180.62805    0.9547900      51.73
   1180.62964    0.9596500      51.99
   1180.63123    0.9638400      52.22
   1180.63281    0.9672900      52.41
   1180.63440    0.9699600      52.55
   1180.63599    0.9721100      52.67
   1180.63770    0.9740800      52.77
   1180.63928    0.9759300      52.87
   1180.64087    0.9775900      52.96
   1180.64246    0.9790500      53.04
   1180.64404    0.9804100      53.12
   1180.64575    0.9816600      53.18
   1180.64734    0.9826300      53.23
   1180.64893    0.9833100      53.27
   1180.65051    0.9839400      53.31
   1180.65210    0.9848000      53.35
   1180.65369    0.9857600      53.40
   1180.65540    0.9864400      53.44
   1180.65698    0.9866800      53.45
   1180.65857    0.9867300      53.46
   1180.66016    0.9869700      53.47
   1180.66174    0.9875500      53.50
   1180.66345    0.9882800      53.54
   1180.66504    0.9889100      53.57
   1180.66663    0.9893300      53.60
   1180.66821    0.9895600      53.61
   1180.66980    0.9896700      53.61
   1180.67151    0.9897300      53.62
   1180.67310    0.9897700      53.62
   1180.67468    0.9898200      53.62
   1180.67627    0.9899200      53.63
   1180.67786    0.9900500      53.63
   1180.67944    0.9900200      53.63
   1180.68115    0.9895000      53.60
   1180.68274    0.9884000      53.54
   1180.68433    0.9870000      53.47
   1180.68591    0.9854900      53.39
   1180.68750    0.9833200      53.27
   1180.68921    0.9795100      53.06
   1180.69080    0.9742300      52.78
   1180.69238    0.9696500      52.53
   1180.69397    0.9684500      52.46
   1180.69556    0.9712900      52.62
   1180.69714    0.9761500      52.88
   1180.69885    0.9804200      53.11
   1180.70044    0.9833600      53.27
   1180.70203    0.9858700      53.41
   1180.70361    0.9885000      53.55
   1180.70520    0.9905500      53.66
   1180.70691    0.9913700      53.70
   1180.70850    0.9913800      53.70
   1180.71008    0.9914900      53.71
   1180.71167    0.9919300      53.73
   1180.71326    0.9922800      53.75
   1180.71497    0.9924200      53.76
   1180.71655    0.9926200      53.77
   1180.71814    0.9929000      53.78
   1180.71973    0.9929300      53.79
   1180.72131    0.9926700      53.77
   1180.72290    0.9926000      53.77
   1180.72461    0.9930100      53.79
   1180.72620    0.9934600      53.81
   1180.72778    0.9934800      53.82
   1180.72937    0.9932800      53.80
   1180.73096    0.9933300      53.81
   1180.73267    0.9936200      53.82
   1180.73425    0.9936500      53.82
   1180.73584    0.9933400      53.81
   1180.73743    0.9932500      53.80
   1180.73901    0.9938100      53.83
   1180.74060    0.9946600      53.88
   1180.74231    0.9950400      53.90
   1180.74390    0.9947200      53.88
   1180.74548    0.9942000      53.85
   1180.74707    0.9940100      53.84
   1180.74866    0.9941200      53.85
   1180.75037    0.9941500      53.85
   1180.75195    0.9939300      53.84
   1180.75354    0.9937000      53.82
   1180.75513    0.9936800      53.82
   1180.75671    0.9937000      53.82
   1180.75842    0.9933600      53.81
   1180.76001    0.9925100      53.76
   1180.76160    0.9912300      53.69
   1180.76318    0.9896500      53.60
   1180.76477    0.9877500      53.50
   1180.76636    0.9855700      53.38
   1180.76807    0.9832200      53.26
   1180.76965    0.9807400      53.12
   1180.77124    0.9781400      52.98
   1180.77283    0.9756800      52.85
   1180.77441    0.9737100      52.74
   1180.77612    0.9723100      52.66
   1180.77771    0.9713200      52.61
   1180.77930    0.9708100      52.58
   1180.78088    0.9710400      52.59
   1180.78247    0.9719300      52.64
   1180.78418    0.9729300      52.70
   1180.78577    0.9737200      52.74
   1180.78735    0.9746500      52.79
   1180.78894    0.9760000      52.86
   1180.79053    0.9773700      52.94
   1180.79211    0.9784200      52.99
   1180.79382    0.9795200      53.05
   1180.79541    0.9810000      53.13
   1180.79700    0.9823300      53.20
   1180.79858    0.9829700      53.24
   1180.80017    0.9835400      53.27
   1180.80188    0.9849500      53.35
   1180.80347    0.9866700      53.44
   1180.80505    0.9874700      53.48
   1180.80664    0.9876000      53.49
   1180.80823    0.9884700      53.54
   1180.80994    0.9899400      53.62
   1180.81152    0.9902800      53.63
   1180.81311    0.9893400      53.58
   1180.81470    0.9892800      53.58
   1180.81628    0.9908900      53.67
   1180.81787    0.9916600      53.71
   1180.81958    0.9899500      53.62
   1180.82117    0.9882000      53.52
   1180.82275    0.9887400      53.55
   1180.82434    0.9888300      53.55
   1180.82593    0.9848000      53.34
   1180.82764    0.9790500      53.02
   1180.82922    0.9756400      52.84
   1180.83081    0.9687900      52.47
   1180.83240    0.9452400      51.19
   1180.83398    0.9044200      48.98
   1180.83569    0.8693200      47.08
   1180.83728    0.8670500      46.96
   1180.83887    0.8993100      48.70
   1180.84045    0.9404500      50.93
   1180.84204    0.9656900      52.30
   1180.84363    0.9732400      52.71
   1180.84534    0.9760400      52.86
   1180.84692    0.9809800      53.13
   1180.84851    0.9843000      53.31
   1180.85010    0.9829500      53.23
   1180.85168    0.9804300      53.10
   1180.85339    0.9802600      53.09
   1180.85498    0.9806900      53.11
   1180.85657    0.9787900      53.01
   1180.85815    0.9754600      52.83
   1180.85974    0.9732000      52.70
   1180.86145    0.9719100      52.63
   1180.86304    0.9699800      52.53
   1180.86462    0.9676900      52.41
   1180.86621    0.9666600      52.35
   1180.86780    0.9669500      52.36
   1180.86951    0.9672500      52.38
   1180.87109    0.9672600      52.38
   1180.87268    0.9678700      52.41
   1180.87427    0.9691200      52.48
   1180.87585    0.9699900      52.53
   1180.87744    0.9702600      52.54
   1180.87915    0.9708200      52.57
   1180.88074    0.9719400      52.63
   1180.88232    0.9727200      52.68
   1180.88391    0.9727400      52.68
   1180.88550    0.9729400      52.69
   1180.88721    0.9740200      52.75
   1180.88879    0.9753800      52.82
   1180.89038    0.9761800      52.86
   1180.89197    0.9766900      52.89
   1180.89355    0.9776600      52.94
   1180.89526    0.9790100      53.02
   1180.89685    0.9801000      53.07
   1180.89844    0.9808300      53.11
   1180.90002    0.9816300      53.16
   1180.90161    0.9825600      53.21
   1180.90320    0.9833000      53.25
   1180.90491    0.9837500      53.27
   1180.90649    0.9841000      53.29
   1180.90808    0.9843500      53.30
   1180.90967    0.9842600      53.30
   1180.91125    0.9840000      53.28
   1180.91296    0.9840700      53.29
   1180.91455    0.9845800      53.32
   1180.91614    0.9849900      53.34
   1180.91772    0.9848800      53.33
   1180.91931    0.9844300      53.31
   1180.92102    0.9840700      53.29
   1180.92261    0.9837600      53.27
   1180.92419    0.9832500      53.24
   1180.92578    0.9825600      53.20
   1180.92737    0.9819900      53.17
   1180.92908    0.9816000      53.15
   1180.93066    0.9810700      53.12
   1180.93225    0.9802200      53.08
   1180.93384    0.9792900      53.03
   1180.93542    0.9786400      52.99
   1180.93701    0.9783000      52.97
   1180.93872    0.9779700      52.95
   1180.94031    0.9774100      52.92
   1180.94189    0.9766800      52.88
   1180.94348    0.9759400      52.84
   1180.94507    0.9752100      52.80
   1180.94678    0.9744300      52.76
   1180.94836    0.9735500      52.71
   1180.94995    0.9725600      52.66
   1180.95154    0.9713500      52.60
   1180.95312    0.9698600      52.51
   1180.95483    0.9682800      52.43
   1180.95642    0.9668700      52.35
   1180.95801    0.9654700      52.28
   1180.95959    0.9635100      52.17
   1180.96118    0.9607300      52.02
   1180.96289    0.9576900      51.85
   1180.96448    0.9552100      51.72
   1180.96606    0.9533800      51.62
   1180.96765    0.9515600      51.52
   1180.96924    0.9492800      51.40
   1180.97083    0.9466400      51.26
   1180.97253    0.9438500      51.10
   1180.97412    0.9406700      50.93
   1180.97571    0.9368300      50.72
   1180.97729    0.9324400      50.49
   1180.97888    0.9277600      50.23
   1180.98059    0.9226200      49.95
   1180.98218    0.9165700      49.63
   1180.98376    0.9095500      49.25
   1180.98535    0.9017600      48.82
   1180.98694    0.8931100      48.36
   1180.98865    0.8829700      47.81
   1180.99023    0.8709600      47.16
   1180.99182    0.8571700      46.41
   1180.99341    0.8416100      45.57
   1180.99500    0.8236300      44.59
   1180.99670    0.8024000      43.44
   1180.99829    0.7776900      42.11
   1180.99988    0.7495300      40.58
   1181.00146    0.7172800      38.83
   1181.00305    0.6795800      36.79
   1181.00476    0.6355800      34.41
   1181.00635    0.5858700      31.72
   1181.00793    0.5321300      28.81
   1181.00952    0.4764400      25.79
   1181.01111    0.4218300      22.84
   1181.01270    0.3733000      20.21
   1181.01440    0.3375600      18.28
   1181.01599    0.3206300      17.36
   1181.01758    0.3252500      17.61
   1181.01917    0.3499400      18.95
   1181.02075    0.3900700      21.12
   1181.02246    0.4398000      23.81
   1181.02405    0.4936100      26.72
   1181.02563    0.5471400      29.62
   1181.02722    0.5975800      32.35
   1181.02881    0.6435200      34.84
   1181.03052    0.6845200      37.06
   1181.03210    0.7206900      39.02
   1181.03369    0.7523400      40.73
   1181.03528    0.7798600      42.22
   1181.03687    0.8035800      43.50
   1181.03857    0.8238500      44.60
   1181.04016    0.8410800      45.53
   1181.04175    0.8558700      46.34
   1181.04333    0.8688100      47.04
   1181.04492    0.8802700      47.66
   1181.04663    0.8903200      48.20
   1181.04822    0.8989600      48.67
   1181.04980    0.9063400      49.07
   1181.05139    0.9128000      49.42
   1181.05298    0.9186600      49.73
   1181.05457    0.9239900      50.02
   1181.05627    0.9287000      50.28
   1181.05786    0.9327700      50.50
   1181.05945    0.9364000      50.69
   1181.06104    0.9398100      50.88
   1181.06262    0.9429200      51.05
   1181.06433    0.9454800      51.18
   1181.06592    0.9475000      51.29
   1181.06750    0.9493300      51.39
   1181.06909    0.9512000      51.49
   1181.07068    0.9528600      51.58
   1181.07239    0.9539200      51.64
   1181.07397    0.9544800      51.67
   1181.07556    0.9550500      51.70
   1181.07715    0.9558000      51.74
   1181.07874    0.9562300      51.76
   1181.08044    0.9558400      51.74
   1181.08203    0.9546800      51.68
   1181.08362    0.9530700      51.59
   1181.08521    0.9509400      51.48
   1181.08679    0.9477900      51.31
   1181.08850    0.9433600      51.07
   1181.09009    0.9379300      50.77
   1181.09167    0.9318000      50.44
   1181.09326    0.9249700      50.07
   1181.09485    0.9178300      49.68
   1181.09656    0.9118300      49.36
   1181.09814    0.9089800      49.21
   1181.09973    0.9102800      49.28
   1181.10132    0.9148800      49.52
   1181.10291    0.9207300      49.84
   1181.10461    0.9259800      50.13
   1181.10620    0.9296200      50.32
   1181.10779    0.9312700      50.41
   1181.10938    0.9308000      50.39
   1181.11096    0.9284700      50.26
   1181.11255    0.9248200      50.06
   1181.11426    0.9204700      49.83
   1181.11584    0.9157500      49.57
   1181.11743    0.9109500      49.31
   1181.11902    0.9066600      49.08
   1181.12061    0.9038600      48.93
   1181.12231    0.9033700      48.90
   1181.12390    0.9054300      49.01
   1181.12549    0.9095800      49.24
   1181.12708    0.9150900      49.53
   1181.12866    0.9212400      49.87
   1181.13037    0.9273700      50.20
   1181.13196    0.9329100      50.50
   1181.13354    0.9375400      50.75
   1181.13513    0.9412700      50.95
   1181.13672    0.9442300      51.11
   1181.13843    0.9464400      51.23
   1181.14001    0.9478800      51.31
   1181.14160    0.9489100      51.36
   1181.14319    0.9501200      51.43
   1181.14478    0.9518500      51.52
   1181.14648    0.9538400      51.63
   1181.14807    0.9556200      51.73
   1181.14966    0.9571000      51.81
   1181.15125    0.9586800      51.89
   1181.15283    0.9605800      51.99
   1181.15454    0.9624800      52.10
   1181.15613    0.9638700      52.17
   1181.15771    0.9646900      52.22
   1181.15930    0.9653000      52.25
   1181.16089    0.9660500      52.29
   1181.16260    0.9667700      52.33
   1181.16418    0.9669600      52.34
   1181.16577    0.9663900      52.31
   1181.16736    0.9653100      52.25
   1181.16895    0.9640700      52.18
   1181.17065    0.9626300      52.10
   1181.17224    0.9604500      51.98
   1181.17383    0.9571300      51.80
   1181.17542    0.9527200      51.57
   1181.17700    0.9474900      51.28
   1181.17859    0.9415500      50.96
   1181.18030    0.9350600      50.61
   1181.18188    0.9289700      50.28
   1181.18347    0.9249600      50.06
   1181.18506    0.9243300      50.03
   1181.18665    0.9270600      50.18
   1181.18835    0.9321000      50.45
   1181.18994    0.9383000      50.78
   1181.19153    0.9448100      51.14
   1181.19312    0.9509300      51.47
   1181.19470    0.9561300      51.75
   1181.19641    0.9603800      51.98
   1181.19800    0.9640300      52.18
   1181.19958    0.9671300      52.34
   1181.20117    0.9694000      52.47
   1181.20276    0.9709000      52.55
   1181.20447    0.9722100      52.62
   1181.20605    0.9736800      52.70
   1181.20764    0.9748700      52.76
   1181.20923    0.9753300      52.79
   1181.21082    0.9755000      52.80
   1181.21252    0.9760700      52.83
   1181.21411    0.9765500      52.85
   1181.21570    0.9755500      52.80
   1181.21729    0.9727900      52.65
   1181.21887    0.9701100      52.50
   1181.22058    0.9697700      52.48
   1181.22217    0.9719100      52.60
   1181.22375    0.9745100      52.74
   1181.22534    0.9757100      52.81
   1181.22693    0.9755400      52.80
   1181.22864    0.9752300      52.78
   1181.23022    0.9753400      52.79
   1181.23181    0.9752300      52.78
   1181.23340    0.9741300      52.72
   1181.23499    0.9721200      52.61
   1181.23669    0.9698700      52.49
   1181.23828    0.9676200      52.37
   1181.23987    0.9648500      52.22
   1181.24146    0.9609000      52.00
   1181.24304    0.9556800      51.72
   1181.24475    0.9495600      51.39
   1181.24634    0.9428000      51.02
   1181.24792    0.9353800      50.62
   1181.24951    0.9274100      50.19
   1181.25110    0.9193500      49.75
   1181.25281    0.9116100      49.33
   1181.25439    0.9042100      48.93
   1181.25598    0.8969800      48.54
   1181.25757    0.8897600      48.15
   1181.25916    0.8822000      47.74
   1181.26086    0.8733900      47.27
   1181.26245    0.8621300      46.66
   1181.26404    0.8475100      45.86
   1181.26562    0.8289000      44.86
   1181.26721    0.8058900      43.61
   1181.26892    0.7796300      42.19
   1181.27051    0.7547400      40.84
   1181.27209    0.7387500      39.98
   1181.27368    0.7379900      39.94
   1181.27527    0.7532900      40.76
   1181.27698    0.7796500      42.19
   1181.27856    0.8100000      43.83
   1181.28015    0.8391400      45.41
   1181.28174    0.8646800      46.79
   1181.28333    0.8859900      47.95
   1181.28503    0.9032700      48.88
   1181.28662    0.9171600      49.63
   1181.28821    0.9283000      50.23
   1181.28979    0.9370100      50.71
   1181.29138    0.9435500      51.06
   1181.29309    0.9484900      51.33
   1181.29468    0.9525300      51.54
   1181.29626    0.9559100      51.73
   1181.29785    0.9585600      51.87
   1181.29944    0.9606400      51.98
   1181.30103    0.9625500      52.09
   1181.30273    0.9643500      52.18
   1181.30432    0.9657400      52.26
   1181.30591    0.9666900      52.31
   1181.30750    0.9676900      52.36
   1181.30908    0.9691700      52.44
   1181.31079    0.9707900      52.53
   1181.31238    0.9719400      52.59
   1181.31396    0.9724900      52.62
   1181.31555    0.9728100      52.64
   1181.31714    0.9731700      52.66
   1181.31885    0.9734800      52.68
   1181.32043    0.9735600      52.68
   1181.32202    0.9735100      52.68
   1181.32361    0.9734200      52.67
   1181.32520    0.9733400      52.67
   1181.32690    0.9733600      52.67
   1181.32849    0.9736200      52.68
   1181.33008    0.9740400      52.71
   1181.33167    0.9743800      52.72
   1181.33325    0.9745700      52.73
   1181.33496    0.9748100      52.75
   1181.33655    0.9752100      52.77
   1181.33813    0.9755100      52.78
   1181.33972    0.9754800      52.78
   1181.34131    0.9752600      52.77
   1181.34302    0.9751700      52.77
   1181.34460    0.9751500      52.76
   1181.34619    0.9749100      52.75
   1181.34778    0.9744700      52.73
   1181.34937    0.9741600      52.71
   1181.35107    0.9741000      52.71
   1181.35266    0.9739800      52.70
   1181.35425    0.9735200      52.68
   1181.35583    0.9729500      52.64
   1181.35742    0.9726500      52.63
   1181.35913    0.9726300      52.63
   1181.36072    0.9725200      52.62
   1181.36230    0.9721200      52.60
   1181.36389    0.9716000      52.57
   1181.36548    0.9711500      52.55
   1181.36719    0.9708100      52.53
   1181.36877    0.9704900      52.51
   1181.37036    0.9701100      52.49
   1181.37195    0.9695900      52.46
   1181.37354    0.9688000      52.42
   1181.37524    0.9677600      52.36
   1181.37683    0.9666900      52.30
   1181.37842    0.9657300      52.25
   1181.38000    0.9648900      52.21
   1181.38159    0.9641000      52.16
   1181.38330    0.9633700      52.12
   1181.38489    0.9626400      52.08
   1181.38647    0.9617300      52.03
   1181.38806    0.9605200      51.97
   1181.38965    0.9591500      51.89
   1181.39136    0.9578700      51.82
   1181.39294    0.9567600      51.76
   1181.39453    0.9557400      51.71
   1181.39612    0.9548600      51.66
   1181.39771    0.9543900      51.64
   1181.39941    0.9543800      51.64
   1181.40100    0.9545300      51.64
   1181.40259    0.9544500      51.64
   1181.40417    0.9541000      51.62
   1181.40588    0.9537000      51.60
   1181.40747    0.9532800      51.57
   1181.40906    0.9526500      51.54
   1181.41064    0.9516500      51.49
   1181.41223    0.9504000      51.42
   1181.41394    0.9491000      51.35
   1181.41553    0.9477600      51.28
   1181.41711    0.9463200      51.20
   1181.41870    0.9447600      51.11
   1181.42029    0.9431200      51.02
   1181.42200    0.9414700      50.93
   1181.42358    0.9398700      50.85
   1181.42517    0.9383000      50.76
   1181.42676    0.9366200      50.67
   1181.42834    0.9345800      50.56
   1181.43005    0.9321100      50.43
   1181.43164    0.9294000      50.28
   1181.43323    0.9266700      50.13
   1181.43481    0.9238800      49.98
   1181.43640    0.9208100      49.82
   1181.43811    0.9174200      49.63
   1181.43970    0.9138600      49.44
   1181.44128    0.9101800      49.24
   1181.44287    0.9062300      49.03
   1181.44446    0.9018800      48.79
   1181.44617    0.8969500      48.52
   1181.44775    0.8908700      48.19
   1181.44934    0.8829600      47.77
   1181.45093    0.8735200      47.26
   1181.45251    0.8643600      46.76
   1181.45422    0.8575100      46.39
   1181.45581    0.8531900      46.16
   1181.45740    0.8494700      45.95
   1181.45898    0.8441400      45.67
   1181.46057    0.8365000      45.25
   1181.46228    0.8271800      44.75
   1181.46387    0.8166700      44.18
   1181.46545    0.8047300      43.53
   1181.46704    0.7909800      42.79
   1181.46863    0.7755100      41.95
   1181.47034    0.7583700      41.03
   1181.47192    0.7390100      39.98
   1181.47351    0.7166100      38.77
   1181.47510    0.6906600      37.36
   1181.47668    0.6609500      35.75
   1181.47839    0.6269900      33.92
   1181.47998    0.5878000      31.80
   1181.48157    0.5424900      29.35
   1181.48315    0.4906800      26.54
   1181.48474    0.4325900      23.40
   1181.48645    0.3691300      19.97
   1181.48804    0.3023700      16.36
   1181.48962    0.2363000      12.78
   1181.49121    0.1765100       9.55
   1181.49280    0.1287700       6.97
   1181.49451    0.0971300       5.25
   1181.49609    0.0826700       4.47
   1181.49768    0.0833300       4.51
   1181.49927    0.0945900       5.12
   1181.50085    0.1103300       5.97
   1181.50256    0.1240500       6.71
   1181.50415    0.1305600       7.06
   1181.50574    0.1279900       6.92
   1181.50732    0.1189800       6.44
   1181.50891    0.1099100       5.95
   1181.51062    0.1080300       5.84
   1181.51221    0.1180300       6.38
   1181.51379    0.1402000       7.58
   1181.51538    0.1709500       9.25
   1181.51697    0.2047500      11.08
   1181.51868    0.2361000      12.77
   1181.52026    0.2607000      14.10
   1181.52185    0.2760700      14.93
   1181.52344    0.2818800      15.25
   1181.52502    0.2794800      15.12
   1181.52673    0.2707600      14.65
   1181.52832    0.2568400      13.89
   1181.52991    0.2378300      12.86
   1181.53149    0.2136300      11.56
   1181.53320    0.1850700      10.01
   1181.53479    0.1543700       8.35
   1181.53638    0.1248100       6.75
   1181.53796    0.0997500       5.40
   1181.53955    0.0814800       4.41
   1181.54126    0.0701400       3.79
   1181.54285    0.0635300       3.44
   1181.54443    0.0581000       3.14
   1181.54602    0.0508200       2.75
   1181.54761    0.0407200       2.20
   1181.54932    0.0292800       1.58
   1181.55090    0.0190800       1.03
   1181.55249    0.0121300       0.66
   1181.55408    0.0087600       0.47
   1181.55566    0.0083900       0.45
   1181.55737    0.0111500       0.60
   1181.55896    0.0190500       1.03
   1181.56055    0.0353700       1.91
   1181.56213    0.0627900       3.40
   1181.56372    0.1018400       5.51
   1181.56543    0.1508100       8.16
   1181.56702    0.2065300      11.17
   1181.56860    0.2653700      14.35
   1181.57019    0.3239300      17.52
   1181.57178    0.3797100      20.54
   1181.57349    0.4314600      23.34
   1181.57507    0.4790000      25.91
   1181.57666    0.5224400      28.26
   1181.57825    0.5616800      30.38
   1181.57983    0.5965600      32.27
   1181.58154    0.6273900      33.93
   1181.58313    0.6549700      35.42
   1181.58472    0.6800500      36.78
   1181.58630    0.7028700      38.01
   1181.58789    0.7232700      39.12
   1181.58960    0.7412300      40.09
   1181.59119    0.7571500      40.95
   1181.59277    0.7715700      41.73
   1181.59436    0.7847400      42.44
   1181.59595    0.7966900      43.09
   1181.59766    0.8075800      43.68
   1181.59924    0.8177600      44.23
   1181.60083    0.8275100      44.76
   1181.60242    0.8366200      45.25
   1181.60413    0.8447200      45.69
   1181.60571    0.8518300      46.07
   1181.60730    0.8583900      46.42
   1181.60889    0.8648200      46.77
   1181.61047    0.8710100      47.11
   1181.61218    0.8766000      47.41
   1181.61377    0.8814300      47.67
   1181.61536    0.8856800      47.90
   1181.61694    0.8895800      48.11
   1181.61853    0.8932100      48.31
   1181.62024    0.8966400      48.49
   1181.62183    0.9000000      48.67
   1181.62341    0.9033200      48.85
   1181.62500    0.9064700      49.02
   1181.62659    0.9093000      49.18
   1181.62830    0.9118900      49.32
   1181.62988    0.9144800      49.46
   1181.63147    0.9171500      49.60
   1181.63306    0.9197500      49.74
   1181.63464    0.9220900      49.87
   1181.63635    0.9241500      49.98
   1181.63794    0.9260200      50.08
   1181.63953    0.9278000      50.18
   1181.64111    0.9294400      50.26
   1181.64270    0.9308300      50.34
   1181.64441    0.9319200      50.40
   1181.64600    0.9327400      50.44
   1181.64758    0.9333600      50.48
   1181.64917    0.9338300      50.50
   1181.65076    0.9342800      50.53
   1181.65247    0.9349100      50.56
   1181.65405    0.9358800      50.61
   1181.65564    0.9371100      50.68
   1181.65723    0.9382400      50.74
   1181.65894    0.9389700      50.78
   1181.66052    0.9392300      50.79
   1181.66211    0.9391700      50.79
   1181.66370    0.9388900      50.77
   1181.66528    0.9384400      50.75
   1181.66699    0.9378200      50.72
   1181.66858    0.9370200      50.67
   1181.67017    0.9357900      50.60
   1181.67175    0.9338500      50.50
   1181.67334    0.9310800      50.35
   1181.67505    0.9275500      50.16
   1181.67664    0.9232300      49.93
   1181.67822    0.9178000      49.63
   1181.67981    0.9108400      49.25
   1181.68140    0.9020600      48.78
   1181.68311    0.8912100      48.19
   1181.68469    0.8782100      47.49
   1181.68628    0.8638200      46.71
   1181.68787    0.8504600      45.99
   1181.68945    0.8417200      45.52
   1181.69116    0.8404500      45.45
   1181.69275    0.8470400      45.80
   1181.69434    0.8592700      46.47
   1181.69592    0.8737900      47.25
   1181.69763    0.8878100      48.01
   1181.69922    0.8998300      48.66
   1181.70081    0.9095500      49.18
   1181.70239    0.9173400      49.60
   1181.70398    0.9236300      49.94
   1181.70569    0.9286000      50.21
   1181.70728    0.9322900      50.41
   1181.70886    0.9349100      50.55
   1181.71045    0.9368900      50.66
   1181.71204    0.9385500      50.75
   1181.71375    0.9398800      50.82
   1181.71533    0.9407900      50.87
   1181.71692    0.9414500      50.91
   1181.71851    0.9421600      50.95
   1181.72009    0.9430100      50.99
   1181.72180    0.9437800      51.03
   1181.72339    0.9443700      51.06
   1181.72498    0.9448100      51.09
   1181.72656    0.9451200      51.10
   1181.72815    0.9451700      51.11
   1181.72986    0.9448800      51.09
   1181.73145    0.9443500      51.06
   1181.73303    0.9436900      51.03
   1181.73462    0.9427700      50.98
   1181.73621    0.9415100      50.91
   1181.73792    0.9400200      50.83
   1181.73950    0.9384400      50.74
   1181.74109    0.9366400      50.64
   1181.74268    0.9343700      50.52
   1181.74438    0.9317100      50.38
   1181.74597    0.9290000      50.23
   1181.74756    0.9263100      50.09
   1181.74915    0.9231800      49.92
   1181.75073    0.9191600      49.70
   1181.75244    0.9143100      49.44
   1181.75403    0.9088700      49.14
   1181.75562    0.9026400      48.80
   1181.75720    0.8950000      48.39
   1181.75879    0.8855300      47.88
   1181.76050    0.8743600      47.28
   1181.76208    0.8619600      46.60
   1181.76367    0.8489700      45.90
   1181.76526    0.8365100      45.23
   1181.76685    0.8263000      44.68
   1181.76855    0.8198200      44.33
   1181.77014    0.8172400      44.19
   1181.77173    0.8171200      44.18
   1181.77332    0.8171200      44.18
   1181.77502    0.8150300      44.07
   1181.77661    0.8094400      43.76
   1181.77820    0.7996800      43.24
   1181.77979    0.7853400      42.46
   1181.78137    0.7657500      41.40
   1181.78308    0.7400200      40.01
   1181.78467    0.7075300      38.25
   1181.78625    0.6684000      36.14
   1181.78784    0.6237500      33.72
   1181.78943    0.5764800      31.17
   1181.79114    0.5325800      28.79
   1181.79272    0.5009100      27.08
   1181.79431    0.4900100      26.49
   1181.79590    0.5031200      27.20
   1181.79749    0.5359300      28.98
   1181.79919    0.5792600      31.32
   1181.80078    0.6243800      33.76
   1181.80237    0.6661400      36.01
   1181.80396    0.7025200      37.98
   1181.80554    0.7328300      39.62
   1181.80725    0.7570500      40.93
   1181.80884    0.7758500      41.95
   1181.81042    0.7902500      42.72
   1181.81201    0.8009800      43.30
   1181.81372    0.8085100      43.71
   1181.81531    0.8133800      43.97
   1181.81689    0.8161600      44.12
   1181.81848    0.8170700      44.17
   1181.82007    0.8160700      44.12
   1181.82178    0.8133200      43.97
   1181.82336    0.8092200      43.75
   1181.82495    0.8038800      43.46
   1181.82654    0.7969900      43.09
   1181.82812    0.7885600      42.63
   1181.82983    0.7791400      42.12
   1181.83142    0.7691300      41.58
   1181.83301    0.7581800      40.99
   1181.83459    0.7458100      40.32
   1181.83618    0.7323100      39.59
   1181.83789    0.7183800      38.84
   1181.83948    0.7038800      38.05
   1181.84106    0.6875500      37.17
   1181.84265    0.6682600      36.13
   1181.84436    0.6458800      34.92
   1181.84595    0.6207000      33.56
   1181.84753    0.5923200      32.02
   1181.84912    0.5596600      30.26
   1181.85071    0.5219800      28.22
   1181.85242    0.4795500      25.92
   1181.85400    0.4333700      23.43
   1181.85559    0.3848200      20.80
   1181.85718    0.3352800      18.12
   1181.85876    0.2856700      15.44
   1181.86047    0.2362200      12.77
   1181.86206    0.1872500      10.12
   1181.86365    0.1403800       7.59
   1181.86523    0.0987000       5.34
   1181.86694    0.0651200       3.52
   1181.86853    0.0407000       2.20
   1181.87012    0.0246200       1.33
   1181.87170    0.0154100       0.83
   1181.87329    0.0118100       0.64
   1181.87500    0.0129400       0.70
   1181.87659    0.0186300       1.01
   1181.87817    0.0300000       1.62
   1181.87976    0.0491700       2.66
   1181.88135    0.0777100       4.20
   1181.88306    0.1155500       6.25
   1181.88464    0.1611100       8.71
   1181.88623    0.2120900      11.46
   1181.88782    0.2658700      14.37
   1181.88940    0.3196900      17.28
   1181.89111    0.3713500      20.07
   1181.89270    0.4197800      22.69
   1181.89429    0.4647700      25.12
   1181.89587    0.5061000      27.36
   1181.89758    0.5434300      29.38
   1181.89917    0.5768600      31.18
   1181.90076    0.6071500      32.82
   1181.90234    0.6350000      34.32
   1181.90393    0.6604500      35.70
   1181.90564    0.6833500      36.94
   1181.90723    0.7040600      38.06
   1181.90881    0.7232200      39.09
   1181.91040    0.7411100      40.06
   1181.91199    0.7576600      40.95
   1181.91370    0.7729200      41.78
   1181.91528    0.7872400      42.55
   1181.91687    0.8008100      43.29
   1181.91846    0.8133900      43.97
   1181.92017    0.8247300      44.58
   1181.92175    0.8349900      45.13
   1181.92334    0.8444800      45.65
   1181.92493    0.8533100      46.12
   1181.92651    0.8614100      46.56
   1181.92822    0.8688000      46.96
   1181.92981    0.8756600      47.33
   1181.93140    0.8821200      47.68
   1181.93298    0.8881800      48.01
   1181.93457    0.8937700      48.31
   1181.93628    0.8988500      48.58
   1181.93787    0.9033000      48.82
   1181.93945    0.9071600      49.03
   1181.94104    0.9106600      49.22
   1181.94263    0.9140900      49.41
   1181.94434    0.9175300      49.59
   1181.94592    0.9208800      49.77
   1181.94751    0.9241000      49.95
   1181.94910    0.9271800      50.11
   1181.95081    0.9300000      50.27
   1181.95239    0.9324300      50.40
   1181.95398    0.9346000      50.52
   1181.95557    0.9368800      50.64
   1181.95715    0.9393800      50.77
   1181.95886    0.9417400      50.90
   1181.96045    0.9436000      51.00
   1181.96204    0.9450300      51.08
   1181.96362    0.9464400      51.15
   1181.96521    0.9479600      51.24
   1181.96692    0.9494500      51.32
   1181.96851    0.9508100      51.39
   1181.97009    0.9521500      51.46
   1181.97168    0.9534800      51.53
   1181.97339    0.9545400      51.59
   1181.97498    0.9552500      51.63
   1181.97656    0.9559400      51.67
   1181.97815    0.9569600      51.72
   1181.97974    0.9581400      51.79
   1181.98145    0.9588700      51.82
   1181.98303    0.9588800      51.82
   1181.98462    0.9585900      51.81
   1181.98621    0.9586900      51.81
   1181.98779    0.9594500      51.86
   1181.98950    0.9606300      51.92
   1181.99109    0.9618800      51.99
   1181.99268    0.9630200      52.05
   1181.99426    0.9640500      52.10
   1181.99597    0.9648900      52.15
   1181.99756    0.9654500      52.18
   1181.99915    0.9657000      52.19
   1182.00073    0.9657400      52.19
   1182.00232    0.9655400      52.18
   1182.00403    0.9648200      52.14
   1182.00562    0.9633500      52.06
   1182.00720    0.9614200      51.96
   1182.00879    0.9599500      51.88
   1182.01038    0.9598900      51.88
   1182.01208    0.9614400      51.96
   1182.01367    0.9639200      52.09
   1182.01526    0.9663500      52.23
   1182.01685    0.9682000      52.33
   1182.01855    0.9695600      52.40
   1182.02014    0.9706500      52.46
   1182.02173    0.9715400      52.51
   1182.02332    0.9722000      52.54
   1182.02490    0.9727400      52.57
   1182.02661    0.9733500      52.60
   1182.02820    0.9740300      52.64
   1182.02979    0.9745200      52.67
   1182.03137    0.9745500      52.67
   1182.03296    0.9741200      52.64
   1182.03467    0.9735000      52.61
   1182.03625    0.9729200      52.58
   1182.03784    0.9723800      52.55
   1182.03943    0.9718500      52.52
   1182.04114    0.9714500      52.50
   1182.04272    0.9713000      52.49
   1182.04431    0.9711800      52.48
   1182.04590    0.9706200      52.45
   1182.04749    0.9695700      52.40
   1182.04919    0.9687300      52.35
   1182.05078    0.9690600      52.37
   1182.05237    0.9707200      52.46
   1182.05396    0.9729100      52.58
   1182.05554    0.9746400      52.67
   1182.05725    0.9756400      52.72
   1182.05884    0.9762600      52.76
   1182.06042    0.9767800      52.78
   1182.06201    0.9772100      52.81
   1182.06372    0.9775200      52.82
   1182.06531    0.9778900      52.84
   1182.06689    0.9783800      52.87
   1182.06848    0.9789200      52.90
   1182.07007    0.9794100      52.93
   1182.07178    0.9798900      52.95
   1182.07336    0.9803700      52.98
   1182.07495    0.9807000      53.00
   1182.07654    0.9807300      53.00
   1182.07825    0.9805700      52.99
   1182.07983    0.9804100      52.98
   1182.08142    0.9802700      52.97
   1182.08301    0.9801600      52.97
   1182.08459    0.9802200      52.97
   1182.08630    0.9805600      52.99
   1182.08789    0.9808600      53.00
   1182.08948    0.9807400      53.00
   1182.09106    0.9803200      52.97
   1182.09265    0.9802400      52.97
   1182.09436    0.9808100      53.00
   1182.09595    0.9815100      53.04
   1182.09753    0.9816400      53.04
   1182.09912    0.9811900      53.02
   1182.10083    0.9807300      52.99
   1182.10242    0.9805700      52.99
   1182.10400    0.9804800      52.98
   1182.10559    0.9802600      52.97
   1182.10718    0.9801800      52.96
   1182.10889    0.9805100      52.98
   1182.11047    0.9810900      53.01
   1182.11206    0.9815300      53.04
   1182.11365    0.9817800      53.05
   1182.11536    0.9821300      53.07
   1182.11694    0.9826400      53.10
   1182.11853    0.9830000      53.12
   1182.12012    0.9829500      53.11
   1182.12170    0.9827200      53.10
   1182.12341    0.9827100      53.10
   1182.12500    0.9829300      53.11
   1182.12659    0.9830900      53.12
   1182.12817    0.9829800      53.11
   1182.12976    0.9828200      53.10
   1182.13147    0.9828800      53.11
   1182.13306    0.9831300      53.12
   1182.13464    0.9832500      53.13
   1182.13623    0.9830300      53.12
   1182.13794    0.9826400      53.09
   1182.13953    0.9824800      53.09
   1182.14111    0.9827100      53.10
   1182.14270    0.9831200      53.12
   1182.14429    0.9833300      53.13
   1182.14600    0.9831900      53.12
   1182.14758    0.9829200      53.11
   1182.14917    0.9828100      53.10
   1182.15076    0.9828800      53.11
   1182.15247    0.9829700      53.11
   1182.15405    0.9830100      53.11
   1182.15564    0.9831000      53.12
   1182.15723    0.9832400      53.12
   1182.15881    0.9832100      53.12
   1182.16052    0.9828300      53.10
   1182.16211    0.9822200      53.07
   1182.16370    0.9817000      53.04
   1182.16528    0.9812500      53.02
   1182.16687    0.9805700      52.98
   1182.16858    0.9795100      52.92
   1182.17017    0.9784800      52.87
   1182.17175    0.9780500      52.84
   1182.17334    0.9784100      52.86
   1182.17505    0.9791400      52.90
   1182.17664    0.9796500      52.93
   1182.17822    0.9796400      52.93
   1182.17981    0.9791700      52.90
   1182.18140    0.9784600      52.86
   1182.18311    0.9777000      52.82
   1182.18469    0.9769500      52.78
   1182.18628    0.9761400      52.74
   1182.18787    0.9751300      52.68
   1182.18958    0.9738600      52.62
   1182.19116    0.9724800      52.54
   1182.19275    0.9713300      52.48
   1182.19434    0.9707300      52.45
   1182.19592    0.9706700      52.44
   1182.19763    0.9707500      52.45
   1182.19922    0.9704600      52.43
   1182.20081    0.9696300      52.39
   1182.20239    0.9685500      52.33
   1182.20398    0.9675300      52.27
   1182.20569    0.9665100      52.22
   1182.20728    0.9652400      52.15
   1182.20886    0.9636700      52.06
   1182.21045    0.9619700      51.97
   1182.21216    0.9601400      51.87
   1182.21375    0.9579500      51.75
   1182.21533    0.9551900      51.60
   1182.21692    0.9519200      51.43
   1182.21851    0.9481700      51.22
   1182.22021    0.9437700      50.99
   1182.22180    0.9385400      50.70
   1182.22339    0.9324500      50.37
   1182.22498    0.9254600      50.00
   1182.22668    0.9172100      49.55
   1182.22827    0.9071400      49.01
   1182.22986    0.8947100      48.34
   1182.23145    0.8792900      47.50
   1182.23303    0.8600000      46.46
   1182.23474    0.8361000      45.17
   1182.23633    0.8074500      43.62
   1182.23792    0.7743900      41.83
   1182.23950    0.7377200      39.85
   1182.24121    0.7000300      37.82
   1182.24280    0.6672200      36.04
   1182.24438    0.6474200      34.97
   1182.24597    0.6466600      34.93
   1182.24756    0.6648100      35.91
   1182.24927    0.6958900      37.59
   1182.25085    0.7320800      39.55
   1182.25244    0.7674800      41.46
   1182.25403    0.7990000      43.16
   1182.25574    0.8254500      44.59
   1182.25732    0.8468000      45.74
   1182.25891    0.8636800      46.66
   1182.26050    0.8768000      47.37
   1182.26208    0.8865300      47.89
   1182.26379    0.8931700      48.25
   1182.26538    0.8973100      48.47
   1182.26697    0.8994900      48.59
   1182.26855    0.8997000      48.60
   1182.27026    0.8976200      48.49
   1182.27185    0.8931800      48.25
   1182.27344    0.8867700      47.90
   1182.27502    0.8789100      47.48
   1182.27661    0.8705500      47.03
   1182.27832    0.8635300      46.65
   1182.27991    0.8602800      46.47
   1182.28149    0.8624100      46.59
   1182.28308    0.8696700      46.98
   1182.28467    0.8802800      47.55
   1182.28638    0.8920800      48.19
   1182.28796    0.9034600      48.80
   1182.28955    0.9136000      49.35
   1182.29114    0.9223700      49.82
   1182.29285    0.9299400      50.23
   1182.29443    0.9363300      50.58
   1182.29602    0.9412500      50.84
   1182.29761    0.9446000      51.02
   1182.29919    0.9468000      51.14
   1182.30090    0.9485000      51.23
   1182.30249    0.9499900      51.32
   1182.30408    0.9511300      51.38
   1182.30566    0.9518100      51.41
   1182.30737    0.9521600      51.43
   1182.30896    0.9524200      51.45
   1182.31055    0.9525400      51.45
   1182.31213    0.9523600      51.44
   1182.31372    0.9518000      51.41
   1182.31543    0.9510500      51.37
   1182.31702    0.9503800      51.33
   1182.31860    0.9498700      51.31
   1182.32019    0.9493200      51.28
   1182.32190    0.9484800      51.23
   1182.32349    0.9475100      51.18
   1182.32507    0.9470000      51.15
   1182.32666    0.9472500      51.16
   1182.32825    0.9476500      51.19
   1182.32996    0.9472500      51.16
   1182.33154    0.9459200      51.09
   1182.33313    0.9443300      51.01
   1182.33472    0.9428600      50.93
   1182.33643    0.9408800      50.82
   1182.33801    0.9377100      50.65
   1182.33960    0.9338400      50.44
   1182.34119    0.9305800      50.26
   1182.34277    0.9284500      50.15
   1182.34448    0.9265800      50.05
   1182.34607    0.9236200      49.89
   1182.34766    0.9190100      49.64
   1182.34924    0.9130200      49.31
   1182.35095    0.9059700      48.93
   1182.35254    0.8977200      48.49
   1182.35413    0.8877400      47.95
   1182.35571    0.8753600      47.28
   1182.35730    0.8600600      46.45
   1182.35901    0.8414300      45.45
   1182.36060    0.8189100      44.23
   1182.36218    0.7914900      42.75
   1182.36377    0.7580000      40.94
   1182.36548    0.7178900      38.77
   1182.36707    0.6716100      36.27
   1182.36865    0.6205200      33.51
   1182.37024    0.5676500      30.66
   1182.37183    0.5189900      28.03
   1182.37354    0.4835700      26.12
   1182.37512    0.4700300      25.39
   1182.37671    0.4818100      26.02
   1182.37830    0.5151200      27.82
   1182.38000    0.5615500      30.33
   1182.38159    0.6126900      33.09
   1182.38318    0.6628000      35.80
   1182.38477    0.7087800      38.28
   1182.38635    0.7491800      40.46
   1182.38806    0.7835600      42.32
   1182.38965    0.8121400      43.86
   1182.39124    0.8355600      45.13
   1182.39282    0.8546600      46.16
   1182.39453    0.8704400      47.01
   1182.39612    0.8838200      47.73
   1182.39771    0.8953100      48.35
   1182.39929    0.9050900      48.88
   1182.40088    0.9134100      49.33
   1182.40259    0.9206300      49.72
   1182.40417    0.9268900      50.06
   1182.40576    0.9320900      50.34
   1182.40735    0.9363500      50.57
   1182.40906    0.9401200      50.77
   1182.41064    0.9437100      50.97
   1182.41223    0.9469300      51.14
   1182.41382    0.9495100      51.28
   1182.41541    0.9516600      51.39
   1182.41711    0.9538100      51.51
   1182.41870    0.9559600      51.63
   1182.42029    0.9577800      51.73
   1182.42188    0.9592000      51.80
   1182.42358    0.9605700      51.88
   1182.42517    0.9620900      51.96
   1182.42676    0.9633800      52.03
   1182.42834    0.9640300      52.06
   1182.43005    0.9641900      52.07
   1182.43164    0.9644400      52.08
   1182.43323    0.9650200      52.11
   1182.43481    0.9657100      52.15
   1182.43640    0.9662200      52.18
   1182.43811    0.9666400      52.20
   1182.43970    0.9671000      52.23
   1182.44128    0.9675300      52.25
   1182.44287    0.9677900      52.26
   1182.44458    0.9679000      52.27
   1182.44617    0.9680100      52.28
   1182.44775    0.9681100      52.28
   1182.44934    0.9681200      52.28
   1182.45093    0.9681400      52.28
   1182.45264    0.9684600      52.30
   1182.45422    0.9691500      52.34
   1182.45581    0.9699100      52.38
   1182.45740    0.9703200      52.40
   1182.45911    0.9702300      52.39
   1182.46069    0.9698800      52.37
   1182.46228    0.9696100      52.36
   1182.46387    0.9694500      52.35
   1182.46545    0.9691400      52.33
   1182.46716    0.9684500      52.30
   1182.46875    0.9674200      52.24
   1182.47034    0.9663800      52.18
   1182.47192    0.9655500      52.14
   1182.47363    0.9648500      52.10
   1182.47522    0.9640000      52.06
   1182.47681    0.9627900      51.99
   1182.47839    0.9611900      51.90
   1182.47998    0.9591600      51.79
   1182.48169    0.9565400      51.65
   1182.48328    0.9532200      51.47
   1182.48486    0.9491500      51.25
   1182.48645    0.9442300      50.99
   1182.48816    0.9382300      50.66
   1182.48975    0.9308400      50.26
   1182.49133    0.9218500      49.78
   1182.49292    0.9111100      49.20
   1182.49463    0.8987200      48.53
   1182.49622    0.8856100      47.82
   1182.49780    0.8740800      47.20
   1182.49939    0.8671900      46.83
   1182.50098    0.8671100      46.82
   1182.50269    0.8736400      47.17
   1182.50427    0.8844900      47.76
   1182.50586    0.8969300      48.43
   1182.50745    0.9090700      49.09
   1182.50916    0.9200100      49.68
   1182.51074    0.9292600      50.18
   1182.51233    0.9365900      50.57
   1182.51392    0.9421900      50.87
   1182.51550    0.9466400      51.11
   1182.51721    0.9503800      51.32
   1182.51880    0.9535000      51.48
   1182.52039    0.9559500      51.62
   1182.52197    0.9578600      51.72
   1182.52368    0.9594400      51.81
   1182.52527    0.9608100      51.88
   1182.52686    0.9619000      51.94
   1182.52844    0.9627300      51.98
   1182.53003    0.9634400      52.02
   1182.53174    0.9641200      52.06
   1182.53333    0.9646600      52.09
   1182.53491    0.9649600      52.10
   1182.53650    0.9651100      52.11
   1182.53821    0.9653900      52.13
   1182.53979    0.9658800      52.15
   1182.54138    0.9663600      52.18
   1182.54297    0.9665300      52.19
   1182.54468    0.9664100      52.18
   1182.54626    0.9662200      52.17
   1182.54785    0.9661200      52.16
   1182.54944    0.9660500      52.16
   1182.55103    0.9658300      52.15
   1182.55273    0.9654500      52.13
   1182.55432    0.9649500      52.10
   1182.55591    0.9644000      52.07
   1182.55750    0.9638300      52.04
   1182.55920    0.9633300      52.01
   1182.56079    0.9630300      52.00
   1182.56238    0.9628800      51.99
   1182.56396    0.9627700      51.98
   1182.56555    0.9626900      51.98
   1182.56726    0.9627400      51.98
   1182.56885    0.9628400      51.98
   1182.57043    0.9627100      51.98
   1182.57202    0.9622400      51.95
   1182.57373    0.9617900      51.93
   1182.57532    0.9617800      51.93
   1182.57690    0.9620900      51.94
   1182.57849    0.9622200      51.95
   1182.58020    0.9620000      51.94
   1182.58179    0.9618100      51.93
   1182.58337    0.9619800      51.94
   1182.58496    0.9621800      51.95
   1182.58655    0.9618100      51.93
   1182.58826    0.9608100      51.87
   1182.58984    0.9597300      51.81
   1182.59143    0.9588800      51.77
   1182.59302    0.9579600      51.72
   1182.59473    0.9565900      51.64
   1182.59631    0.9547400      51.54
   1182.59790    0.9525100      51.42
   1182.59949    0.9496500      51.27
   1182.60107    0.9458300      51.06
   1182.60278    0.9412800      50.82
   1182.60437    0.9366200      50.57
   1182.60596    0.9320700      50.32
   1182.60754    0.9272900      50.06
   1182.60925    0.9222200      49.79
   1182.61084    0.9176300      49.54
   1182.61243    0.9144400      49.37
   1182.61401    0.9128800      49.28
   1182.61572    0.9125600      49.27
   1182.61731    0.9133200      49.31
   1182.61890    0.9154700      49.42
   1182.62048    0.9189400      49.61
   1182.62207    0.9229200      49.82
   1182.62378    0.9265600      50.02
   1182.62537    0.9297900      50.20
   1182.62695    0.9329700      50.37
   1182.62854    0.9360000      50.53
   1182.63025    0.9382500      50.65
   1182.63184    0.9394500      50.72
   1182.63342    0.9400700      50.75
   1182.63501    0.9407000      50.78
   1182.63660    0.9412500      50.81
   1182.63831    0.9412200      50.81
   1182.63989    0.9404300      50.77
   1182.64148    0.9392100      50.70
   1182.64307    0.9379500      50.63
   1182.64478    0.9368100      50.57
   1182.64636    0.9358500      50.52
   1182.64795    0.9351700      50.48
   1182.64954    0.9347300      50.46
   1182.65125    0.9341200      50.43
   1182.65283    0.9329200      50.36
   1182.65442    0.9310400      50.26
   1182.65601    0.9288800      50.14
   1182.65759    0.9269100      50.04
   1182.65930    0.9253500      49.95
   1182.66089    0.9239700      49.88
   1182.66248    0.9223200      49.79
   1182.66406    0.9201100      49.67
   1182.66577    0.9175500      49.53
   1182.66736    0.9151100      49.40
   1182.66895    0.9130400      49.29
   1182.67053    0.9112000      49.19
   1182.67224    0.9094600      49.09
   1182.67383    0.9080200      49.02
   1182.67542    0.9071300      48.97
   1182.67700    0.9066200      48.94
   1182.67859    0.9060700      48.91
   1182.68030    0.9053500      48.87
   1182.68188    0.9045800      48.83
   1182.68347    0.9036700      48.78
   1182.68506    0.9021400      48.70
   1182.68677    0.8998500      48.57
   1182.68835    0.8973300      48.44
   1182.68994    0.8951500      48.32
   1182.69153    0.8931500      48.21
   1182.69324    0.8907000      48.08
   1182.69482    0.8875500      47.91
   1182.69641    0.8839900      47.72
   1182.69800    0.8800700      47.50
   1182.69958    0.8753500      47.25
   1182.70129    0.8695000      46.93
   1182.70288    0.8627100      46.57
   1182.70447    0.8551500      46.16
   1182.70605    0.8464600      45.69
   1182.70776    0.8363900      45.15
   1182.70935    0.8256100      44.56
   1182.71094    0.8154700      44.02
   1182.71252    0.8068100      43.55
   1182.71423    0.7996400      43.16
   1182.71582    0.7939400      42.85
   1182.71741    0.7902700      42.66
   1182.71899    0.7889700      42.59
   1182.72058    0.7894200      42.61
   1182.72229    0.7903800      42.66
   1182.72388    0.7909700      42.69
   1182.72546    0.7908700      42.69
   1182.72705    0.7896800      42.62
   1182.72876    0.7866500      42.46
   1182.73035    0.7813900      42.18
   1182.73193    0.7742700      41.79
   1182.73352    0.7659000      41.34
   1182.73523    0.7566600      40.84
   1182.73682    0.7470700      40.32
   1182.73840    0.7385400      39.86
   1182.73999    0.7330300      39.56
   1182.74158    0.7317000      39.49
   1182.74329    0.7339200      39.61
   1182.74487    0.7378000      39.82
   1182.74646    0.7415800      40.03
   1182.74805    0.7443800      40.18
   1182.74976    0.7459500      40.26
   1182.75134    0.7461900      40.27
   1182.75293    0.7449100      40.21
   1182.75452    0.7419900      40.05
   1182.75623    0.7374400      39.80
   1182.75781    0.7313900      39.48
   1182.75940    0.7241300      39.08
   1182.76099    0.7161600      38.65
   1182.76257    0.7082400      38.23
   1182.76428    0.7014000      37.86
   1182.76587    0.6967000      37.60
   1182.76746    0.6946200      37.49
   1182.76904    0.6945400      37.49
   1182.77075    0.6949600      37.51
   1182.77234    0.6946000      37.49
   1182.77393    0.6931200      37.41
   1182.77551    0.6908600      37.29
   1182.77722    0.6880500      37.13
   1182.77881    0.6845300      36.94
   1182.78040    0.6802300      36.71
   1182.78198    0.6754200      36.45
   1182.78357    0.6703200      36.18
   1182.78528    0.6648100      35.88
   1182.78687    0.6586600      35.55
   1182.78845    0.6519500      35.19
   1182.79004    0.6448300      34.80
   1182.79175    0.6371500      34.39
   1182.79333    0.6285300      33.92
   1182.79492    0.6186400      33.39
   1182.79651    0.6070000      32.76
   1182.79822    0.5928200      31.99
   1182.79980    0.5755100      31.06
   1182.80139    0.5557200      29.99
   1182.80298    0.5351100      28.88
   1182.80457    0.5148400      27.78
   1182.80627    0.4944300      26.68
   1182.80786    0.4728300      25.52
   1182.80945    0.4502300      24.30
   1182.81104    0.4282800      23.11
   1182.81274    0.4086100      22.05
   1182.81433    0.3919100      21.15
   1182.81592    0.3785600      20.43
   1182.81750    0.3693900      19.93
   1182.81921    0.3651500      19.71
   1182.82080    0.3657300      19.74
   1182.82239    0.3703900      19.99
   1182.82397    0.3788400      20.44
   1182.82556    0.3913300      21.12
   1182.82727    0.4077800      22.01
   1182.82886    0.4273400      23.06
   1182.83044    0.4489000      24.23
   1182.83203    0.4717200      25.46
   1182.83374    0.4951300      26.72
   1182.83533    0.5181500      27.96
   1182.83691    0.5398000      29.13
   1182.83850    0.5596400      30.20
   1182.84021    0.5776900      31.17
   1182.84180    0.5939100      32.05
   1182.84338    0.6080900      32.82
   1182.84497    0.6203800      33.48
   1182.84668    0.6313200      34.07
   1182.84827    0.6413800      34.61
   1182.84985    0.6506000      35.11
   1182.85144    0.6590100      35.56
   1182.85303    0.6669500      35.99
   1182.85474    0.6748400      36.42
   1182.85632    0.6826400      36.84
   1182.85791    0.6900400      37.24
   1182.85950    0.6969800      37.61
   1182.86121    0.7036700      37.97
   1182.86279    0.7102800      38.33
   1182.86438    0.7166800      38.67
   1182.86597    0.7227800      39.00
   1182.86768    0.7287800      39.33
   1182.86926    0.7347600      39.65
   1182.87085    0.7405400      39.96
   1182.87244    0.7458900      40.25
   1182.87402    0.7509500      40.52
   1182.87573    0.7560500      40.80
   1182.87732    0.7611600      41.07
   1182.87891    0.7659400      41.33
   1182.88049    0.7701900      41.56
   1182.88220    0.7740200      41.77
   1182.88379    0.7774900      41.95
   1182.88538    0.7804400      42.11
   1182.88696    0.7826700      42.23
   1182.88867    0.7839700      42.30
   1182.89026    0.7838400      42.30
   1182.89185    0.7817300      42.18
   1182.89343    0.7780800      41.98
   1182.89514    0.7751600      41.83
   1182.89673    0.7758800      41.87
   1182.89832    0.7815800      42.17
   1182.89990    0.7909400      42.68
   1182.90149    0.8014000      43.24
   1182.90320    0.8112300      43.77
   1182.90479    0.8201400      44.25
   1182.90637    0.8282600      44.69
   1182.90796    0.8352900      45.07
   1182.90967    0.8408200      45.37
   1182.91125    0.8451300      45.60
   1182.91284    0.8490300      45.81
   1182.91443    0.8530400      46.03
   1182.91614    0.8569100      46.24
   1182.91772    0.8601100      46.41
   1182.91931    0.8626000      46.54
   1182.92090    0.8650400      46.67
   1182.92261    0.8680500      46.84
   1182.92419    0.8715400      47.03
   1182.92578    0.8748400      47.20
   1182.92737    0.8774900      47.35
   1182.92896    0.8796800      47.46
   1182.93066    0.8819000      47.58
   1182.93225    0.8842600      47.71
   1182.93384    0.8864300      47.83
   1182.93542    0.8882400      47.93
   1182.93713    0.8899200      48.02
   1182.93872    0.8917500      48.11
   1182.94031    0.8936000      48.21
   1182.94189    0.8952000      48.30
   1182.94360    0.8965400      48.37
   1182.94519    0.8978600      48.44
   1182.94678    0.8992400      48.52
   1182.94836    0.9004300      48.58
   1182.95007    0.9012800      48.63
   1182.95166    0.9019500      48.66
   1182.95325    0.9024900      48.69
   1182.95483    0.9026100      48.70
   1182.95642    0.9019700      48.66
   1182.95813    0.9009500      48.61
   1182.95972    0.9004000      48.58
   1182.96130    0.9009500      48.61
   1182.96289    0.9024900      48.69
   1182.96460    0.9046500      48.81
   1182.96619    0.9071800      48.94
   1182.96777    0.9099200      49.09
   1182.96936    0.9124600      49.23
   1182.97107    0.9143100      49.33
   1182.97266    0.9153300      49.38
   1182.97424    0.9157200      49.40
   1182.97583    0.9155800      49.40
   1182.97754    0.9147200      49.35
   1182.97913    0.9131500      49.27
   1182.98071    0.9111500      49.16
   1182.98230    0.9088700      49.03
   1182.98389    0.9059100      48.87
   1182.98560    0.9018200      48.65
   1182.98718    0.8968800      48.39
   1182.98877    0.8922300      48.14
   1182.99036    0.8891200      47.97
   1182.99207    0.8884200      47.93
   1182.99365    0.8906300      48.05
   1182.99524    0.8957700      48.33
   1182.99683    0.9031100      48.72
   1182.99854    0.9111600      49.16
   1183.00012    0.9184000      49.55
   1183.00171    0.9242000      49.86
   1183.00330    0.9288400      50.11
   1183.00500    0.9327100      50.32
   1183.00659    0.9359000      50.49
   1183.00818    0.9383900      50.62
   1183.00977    0.9403300      50.73
   1183.01147    0.9419700      50.82
   1183.01306    0.9433800      50.89
   1183.01465    0.9445700      50.96
   1183.01624    0.9456200      51.01
   1183.01782    0.9465500      51.06
   1183.01953    0.9471800      51.10
   1183.02112    0.9474100      51.11
   1183.02271    0.9474100      51.11
   1183.02429    0.9474100      51.11
   1183.02600    0.9472700      51.10
   1183.02759    0.9465400      51.06
   1183.02917    0.9449500      50.98
   1183.03076    0.9425800      50.85
   1183.03247    0.9395100      50.68
   1183.03406    0.9355400      50.47
   1183.03564    0.9305200      50.20
   1183.03723    0.9247900      49.89
   1183.03894    0.9190600      49.58
   1183.04053    0.9138800      49.30
   1183.04211    0.9094900      49.06
   1183.04370    0.9061300      48.88
   1183.04541    0.9043500      48.79
   1183.04700    0.9045800      48.80
   1183.04858    0.9067800      48.92
   1183.05017    0.9104700      49.11
   1183.05176    0.9153100      49.38
   1183.05347    0.9211800      49.69
   1183.05505    0.9278700      50.05
   1183.05664    0.9348100      50.43
   1183.05823    0.9412300      50.77
   1183.05994    0.9466900      51.07
   1183.06152    0.9513500      51.32
   1183.06311    0.9555200      51.54
   1183.06470    0.9592400      51.74
   1183.06641    0.9621200      51.90
   1183.06799    0.9639200      52.00
   1183.06958    0.9649500      52.05
   1183.07117    0.9658700      52.10
   1183.07288    0.9669600      52.16
   1183.07446    0.9679600      52.21
   1183.07605    0.9686200      52.25
   1183.07764    0.9692100      52.28
   1183.07935    0.9701000      52.33
   1183.08093    0.9710600      52.38
   1183.08252    0.9713400      52.40
   1183.08411    0.9707400      52.36
   1183.08569    0.9700400      52.33
   1183.08740    0.9701300      52.33
   1183.08899    0.9709100      52.37
   1183.09058    0.9715600      52.41
   1183.09216    0.9716500      52.41
   1183.09387    0.9716000      52.41
   1183.09546    0.9718500      52.42
   1183.09705    0.9722200      52.44
   1183.09863    0.9723700      52.45
   1183.10034    0.9724400      52.45
   1183.10193    0.9728200      52.47
   1183.10352    0.9733700      52.50
   1183.10510    0.9735100      52.51
   1183.10681    0.9731400      52.49
   1183.10840    0.9729000      52.48
   1183.10999    0.9733600      52.50
   1183.11157    0.9742600      52.55
   1183.11328    0.9748800      52.58
   1183.11487    0.9749900      52.59
   1183.11646    0.9749800      52.59
   1183.11804    0.9752600      52.60
   1183.11963    0.9757800      52.63
   1183.12134    0.9763100      52.66
   1183.12292    0.9767200      52.68
   1183.12451    0.9769000      52.69
   1183.12610    0.9767700      52.68
   1183.12781    0.9764800      52.67
   1183.12939    0.9765000      52.67
   1183.13098    0.9770400      52.70
   1183.13257    0.9777100      52.73
   1183.13428    0.9779500      52.75
   1183.13586    0.9777400      52.74
   1183.13745    0.9775900      52.73
   1183.13904    0.9777500      52.74
   1183.14075    0.9778900      52.74
   1183.14233    0.9777500      52.74
   1183.14392    0.9776400      52.73
   1183.14551    0.9780700      52.75
   1183.14722    0.9788800      52.80
   1183.14880    0.9794100      52.82
   1183.15039    0.9793200      52.82
   1183.15198    0.9790400      52.80
   1183.15369    0.9791000      52.81
   1183.15527    0.9794900      52.83
   1183.15686    0.9797900      52.84
   1183.15845    0.9798100      52.85
   1183.16003    0.9796800      52.84
   1183.16174    0.9795400      52.83
   1183.16333    0.9793500      52.82
   1183.16492    0.9791300      52.81
   1183.16650    0.9790900      52.81
   1183.16821    0.9792700      52.82
   1183.16980    0.9794200      52.82
   1183.17139    0.9793000      52.82
   1183.17297    0.9790300      52.80
   1183.17468    0.9789200      52.80
   1183.17627    0.9789500      52.80
   1183.17786    0.9786800      52.78
   1183.17944    0.9778800      52.74
   1183.18115    0.9769300      52.69
   1183.18274    0.9766600      52.67
   1183.18433    0.9774500      52.72
   1183.18591    0.9788300      52.79
   1183.18762    0.9799800      52.85
   1183.18921    0.9805400      52.88
   1183.19080    0.9808800      52.90
   1183.19238    0.9814200      52.93
   1183.19409    0.9821100      52.97
   1183.19568    0.9825100      52.99
   1183.19727    0.9825500      52.99
   1183.19885    0.9826000      52.99
   1183.20056    0.9829500      53.01
   1183.20215    0.9833300      53.03
   1183.20374    0.9833100      53.03
   1183.20532    0.9829900      53.01
   1183.20691    0.9828500      53.00
   1183.20862    0.9830700      53.02
   1183.21021    0.9832500      53.03
   1183.21179    0.9830000      53.01
   1183.21338    0.9824900      52.98
   1183.21509    0.9821700      52.97
   1183.21667    0.9821800      52.97
   1183.21826    0.9822500      52.97
   1183.21985    0.9821800      52.97
   1183.22156    0.9820400      52.96
   1183.22314    0.9819200      52.95
   1183.22473    0.9817500      52.94
   1183.22632    0.9815200      52.93
   1183.22803    0.9814000      52.92
   1183.22961    0.9814800      52.93
   1183.23120    0.9815400      52.93
   1183.23279    0.9813300      52.92
   1183.23450    0.9809200      52.90
   1183.23608    0.9805500      52.88
   1183.23767    0.9801700      52.86
   1183.23926    0.9794700      52.82
   1183.24097    0.9783800      52.76
   1183.24255    0.9773300      52.70
   1183.24414    0.9767300      52.67
   1183.24573    0.9763900      52.65
   1183.24744    0.9757500      52.62
   1183.24902    0.9745400      52.55
   1183.25061    0.9729800      52.47
   1183.25220    0.9714100      52.38
   1183.25378    0.9698400      52.30
   1183.25549    0.9681400      52.21
   1183.25708    0.9662300      52.10
   1183.25867    0.9640900      51.99
   1183.26025    0.9617600      51.86
   1183.26196    0.9595500      51.74
   1183.26355    0.9581800      51.67
   1183.26514    0.9583100      51.68
   1183.26672    0.9597300      51.75
   1183.26843    0.9613700      51.84
   1183.27002    0.9622400      51.89
   1183.27161    0.9621100      51.88
   1183.27319    0.9612800      51.84
   1183.27490    0.9599100      51.76
   1183.27649    0.9579800      51.66
   1183.27808    0.9556500      51.53
   1183.27966    0.9532200      51.40
   1183.28137    0.9506400      51.26
   1183.28296    0.9474100      51.09
   1183.28455    0.9430300      50.85
   1183.28613    0.9374300      50.55
   1183.28784    0.9305800      50.18
   1183.28943    0.9221600      49.72
   1183.29102    0.9116800      49.16
   1183.29260    0.8987600      48.46
   1183.29431    0.8831400      47.62
   1183.29590    0.8644500      46.61
   1183.29749    0.8421900      45.41
   1183.29907    0.8161400      44.01
   1183.30078    0.7867000      42.42
   1183.30237    0.7556400      40.74
   1183.30396    0.7270500      39.20
   1183.30554    0.7071000      38.13
   1183.30725    0.7014700      37.82
   1183.30884    0.7117800      38.38
   1183.31042    0.7345100      39.60
   1183.31201    0.7635400      41.17
   1183.31360    0.7936400      42.79
   1183.31531    0.8219700      44.32
   1183.31689    0.8471700      45.68
   1183.31848    0.8686000      46.83
   1183.32007    0.8863400      47.79
   1183.32178    0.9010200      48.58
   1183.32336    0.9132000      49.24
   1183.32495    0.9230000      49.77
   1183.32654    0.9307200      50.18
   1183.32825    0.9372100      50.53
   1183.32983    0.9432900      50.86
   1183.33142    0.9488900      51.16
   1183.33301    0.9534500      51.41
   1183.33472    0.9568300      51.59
   1183.33630    0.9596000      51.74
   1183.33789    0.9623300      51.89
   1183.33948    0.9650300      52.03
   1183.34119    0.9673900      52.16
   1183.34277    0.9692700      52.26
   1183.34436    0.9708200      52.34
   1183.34595    0.9722900      52.42
   1183.34766    0.9738000      52.50
   1183.34924    0.9752900      52.58
   1183.35083    0.9766000      52.65
   1183.35242    0.9775600      52.71
   1183.35413    0.9782500      52.74
   1183.35571    0.9789500      52.78
   1183.35730    0.9798200      52.83
   1183.35889    0.9807600      52.88
   1183.36060    0.9815500      52.92
   1183.36218    0.9820700      52.95
   1183.36377    0.9823500      52.96
   1183.36536    0.9825300      52.97
   1183.36707    0.9827800      52.99
   1183.36865    0.9831600      53.01
   1183.37024    0.9834600      53.02
   1183.37183    0.9834400      53.02
   1183.37354    0.9832000      53.01
   1183.37512    0.9831200      53.00
   1183.37671    0.9833600      53.02
   1183.37830    0.9836300      53.03
   1183.38000    0.9837100      53.03
   1183.38159    0.9838400      53.04
   1183.38318    0.9843100      53.07
   1183.38477    0.9848900      53.10
   1183.38635    0.9849900      53.10
   1183.38806    0.9844700      53.07
   1183.38965    0.9838100      53.04
   1183.39124    0.9833600      53.01
   1183.39282    0.9829200      52.99
   1183.39453    0.9822300      52.95
   1183.39612    0.9813800      52.91
   1183.39771    0.9805800      52.86
   1183.39929    0.9797500      52.82
   1183.40100    0.9786700      52.76
   1183.40259    0.9772700      52.69
   1183.40417    0.9755700      52.59
   1183.40576    0.9733800      52.48
   1183.40747    0.9705600      52.32
   1183.40906    0.9673200      52.15
   1183.41064    0.9639500      51.97
   1183.41223    0.9604300      51.78
   1183.41394    0.9567100      51.58
   1183.41553    0.9535600      51.41
   1183.41711    0.9522600      51.34
   1183.41870    0.9531600      51.38
   1183.42041    0.9550800      51.49
   1183.42200    0.9565100      51.56
   1183.42358    0.9572100      51.60
   1183.42517    0.9581100      51.65
   1183.42688    0.9598900      51.75
   1183.42847    0.9623100      51.88
   1183.43005    0.9649200      52.02
   1183.43164    0.9677000      52.17
   1183.43335    0.9706600      52.33
   1183.43494    0.9733400      52.47
   1183.43652    0.9752100      52.57
   1183.43811    0.9763700      52.63
   1183.43982    0.9774700      52.69
   1183.44141    0.9788500      52.77
   1183.44299    0.9802200      52.84
   1183.44458    0.9811400      52.89
   1183.44629    0.9815600      52.91
   1183.44788    0.9816800      52.92
   1183.44946    0.9815700      52.91
   1183.45105    0.9812600      52.90
   1183.45276    0.9808500      52.87
   1183.45435    0.9805100      52.86
   1183.45593    0.9802400      52.84
   1183.45752    0.9798500      52.82
   1183.45923    0.9792300      52.79
   1183.46082    0.9784400      52.74
   1183.46240    0.9776400      52.70
   1183.46399    0.9769300      52.66
   1183.46570    0.9762700      52.63
   1183.46729    0.9755800      52.59
   1183.46887    0.9747600      52.54
   1183.47046    0.9737700      52.49
   1183.47217    0.9726700      52.43
   1183.47375    0.9715600      52.37
   1183.47534    0.9705400      52.32
   1183.47693    0.9696300      52.27
   1183.47864    0.9688600      52.22
   1183.48022    0.9683200      52.20
   1183.48181    0.9680800      52.18
   1183.48340    0.9680400      52.18
   1183.48511    0.9679300      52.17
   1183.48669    0.9675400      52.15
   1183.48828    0.9668900      52.12
   1183.48987    0.9661800      52.08
   1183.49158    0.9655500      52.05
   1183.49316    0.9649200      52.01
   1183.49475    0.9641100      51.97
   1183.49634    0.9630300      51.91
   1183.49805    0.9617200      51.84
   1183.49963    0.9601900      51.76
   1183.50122    0.9584000      51.66
   1183.50281    0.9563200      51.55
   1183.50452    0.9540000      51.42
   1183.50610    0.9514500      51.28
   1183.50769    0.9484400      51.12
   1183.50928    0.9447200      50.92
   1183.51099    0.9402500      50.68
   1183.51257    0.9351400      50.40
   1183.51416    0.9293100      50.09
   1183.51575    0.9223100      49.71
   1183.51733    0.9136800      49.25
   1183.51904    0.9031800      48.68
   1183.52063    0.8905900      48.00
   1183.52222    0.8754600      47.19
   1183.52380    0.8575100      46.22
   1183.52551    0.8373600      45.13
   1183.52710    0.8166300      44.02
   1183.52869    0.7969000      42.95
   1183.53027    0.7784100      41.96
   1183.53198    0.7599500      40.96
   1183.53357    0.7395800      39.86
   1183.53516    0.7157000      38.57
   1183.53674    0.6880700      37.09
   1183.53845    0.6591400      35.53
   1183.54004    0.6344600      34.20
   1183.54163    0.6210800      33.47
   1183.54321    0.6238900      33.63
   1183.54492    0.6428100      34.65
   1183.54651    0.6730200      36.27
   1183.54810    0.7080800      38.16
   1183.54968    0.7429800      40.04
   1183.55139    0.7751600      41.78
   1183.55298    0.8038000      43.32
   1183.55457    0.8288300      44.67
   1183.55615    0.8504500      45.84
   1183.55786    0.8689800      46.83
   1183.55945    0.8847600      47.68
   1183.56104    0.8981800      48.41
   1183.56262    0.9096700      49.03
   1183.56433    0.9195700      49.56
   1183.56592    0.9281300      50.02
   1183.56750    0.9355000      50.42
   1183.56909    0.9417900      50.76
   1183.57080    0.9470900      51.04
   1183.57239    0.9515100      51.28
   1183.57397    0.9552300      51.48
   1183.57556    0.9584900      51.66
   1183.57727    0.9613900      51.81
   1183.57886    0.9638700      51.95
   1183.58044    0.9659100      52.06
   1183.58203    0.9676800      52.15
   1183.58374    0.9693600      52.24
   1183.58533    0.9709700      52.33
   1183.58691    0.9724600      52.41
   1183.58850    0.9738200      52.48
   1183.59021    0.9750700      52.55
   1183.59180    0.9761100      52.61
   1183.59338    0.9768300      52.64
   1183.59497    0.9773500      52.67
   1183.59668    0.9779500      52.70
   1183.59827    0.9786800      52.74
   1183.59985    0.9793100      52.78
   1183.60144    0.9797400      52.80
   1183.60315    0.9802400      52.83
   1183.60474    0.9810400      52.87
   1183.60632    0.9819400      52.92
   1183.60791    0.9825300      52.95
   1183.60962    0.9827400      52.96
   1183.61121    0.9828900      52.97
   1183.61279    0.9832300      52.99
   1183.61438    0.9836600      53.01
   1183.61609    0.9840000      53.03
   1183.61768    0.9841500      53.04
   1183.61926    0.9841600      53.04
   1183.62085    0.9841200      53.03
   1183.62256    0.9842000      53.04
   1183.62415    0.9845200      53.06
   1183.62573    0.9850200      53.08
   1183.62732    0.9854600      53.11
   1183.62903    0.9857500      53.12
   1183.63062    0.9860500      53.14
   1183.63220    0.9864400      53.16
   1183.63379    0.9867500      53.17
   1183.63550    0.9867500      53.17
   1183.63708    0.9865400      53.16
   1183.63867    0.9864300      53.16
   1183.64026    0.9865900      53.17
   1183.64197    0.9869700      53.19
   1183.64355    0.9873900      53.21
   1183.64514    0.9877400      53.23
   1183.64673    0.9878900      53.23
   1183.64844    0.9877900      53.23
   1183.65002    0.9875600      53.22
   1183.65161    0.9874500      53.21
   1183.65320    0.9875600      53.22
   1183.65491    0.9878400      53.23
   1183.65649    0.9881600      53.25
   1183.65808    0.9884600      53.26
   1183.65967    0.9885900      53.27
   1183.66138    0.9884000      53.26
   1183.66296    0.9880200      53.24
   1183.66455    0.9877800      53.23
   1183.66626    0.9878300      53.23
   1183.66785    0.9879000      53.23
   1183.66943    0.9877600      53.23
   1183.67102    0.9875800      53.22
   1183.67273    0.9876600      53.22
   1183.67432    0.9878800      53.23
   1183.67590    0.9877400      53.22
   1183.67749    0.9871300      53.19
   1183.67920    0.9865500      53.16
   1183.68079    0.9864600      53.15
   1183.68237    0.9866700      53.17
   1183.68396    0.9866200      53.16
   1183.68567    0.9861900      53.14
   1183.68726    0.9857700      53.12
   1183.68884    0.9856300      53.11
   1183.69043    0.9855500      53.10
   1183.69214    0.9852300      53.09
   1183.69373    0.9847900      53.06
   1183.69531    0.9846400      53.06
   1183.69690    0.9849300      53.07
   1183.69861    0.9854000      53.10
   1183.70020    0.9857200      53.11
   1183.70178    0.9858900      53.12
   1183.70337    0.9861100      53.13
   1183.70508    0.9864300      53.15
   1183.70667    0.9866600      53.16
   1183.70825    0.9866800      53.16
   1183.70984    0.9866300      53.16
   1183.71155    0.9867300      53.17
   1183.71313    0.9869700      53.18
   1183.71472    0.9871800      53.19
   1183.71631    0.9873300      53.20
   1183.71802    0.9875800      53.21
   1183.71960    0.9879700      53.23
   1183.72119    0.9882700      53.25
   1183.72278    0.9882100      53.24
   1183.72449    0.9878100      53.22
   1183.72607    0.9873200      53.20
   1183.72766    0.9869500      53.18
   1183.72925    0.9866600      53.16
   1183.73096    0.9863600      53.14
   1183.73254    0.9860800      53.13
   1183.73413    0.9858800      53.12
   1183.73572    0.9858000      53.11
   1183.73743    0.9858400      53.12
   1183.73901    0.9859600      53.12
   1183.74060    0.9860500      53.13
   1183.74219    0.9859800      53.12
   1183.74390    0.9857800      53.11
   1183.74548    0.9856000      53.10
   1183.74707    0.9855500      53.10
   1183.74866    0.9855300      53.10
   1183.75037    0.9853800      53.09
   1183.75195    0.9850400      53.07
   1183.75354    0.9845900      53.05
   1183.75513    0.9841000      53.02
   1183.75684    0.9836100      52.99
   1183.75842    0.9831900      52.97
   1183.76001    0.9828200      52.95
   1183.76160    0.9823600      52.93
   1183.76331    0.9816600      52.89
   1183.76489    0.9808000      52.84
   1183.76648    0.9800100      52.80
   1183.76807    0.9794100      52.77
   1183.76978    0.9789200      52.74
   1183.77136    0.9784700      52.72
   1183.77295    0.9781900      52.70
   1183.77454    0.9782200      52.70
   1183.77625    0.9784900      52.72
   1183.77783    0.9787600      52.73
   1183.77942    0.9788500      52.74
   1183.78101    0.9787400      52.73
   1183.78271    0.9785100      52.72
   1183.78430    0.9783100      52.71
   1183.78589    0.9782100      52.70
   1183.78748    0.9781500      52.70
   1183.78918    0.9779200      52.68
   1183.79077    0.9774100      52.66
   1183.79236    0.9767900      52.62
   1183.79407    0.9763200      52.60
   1183.79565    0.9760000      52.58
   1183.79724    0.9754800      52.55
   1183.79883    0.9745100      52.50
   1183.80054    0.9731800      52.43
   1183.80212    0.9718300      52.35
   1183.80371    0.9706700      52.29
   1183.80530    0.9696400      52.24
   1183.80701    0.9685800      52.18
   1183.80859    0.9674100      52.12
   1183.81018    0.9662000      52.05
   1183.81177    0.9651100      51.99
   1183.81348    0.9642800      51.95
   1183.81506    0.9636700      51.91
   1183.81665    0.9631300      51.88
   1183.81824    0.9626200      51.86
   1183.81995    0.9622900      51.84
   1183.82153    0.9623200      51.84
   1183.82312    0.9625600      51.85
   1183.82471    0.9625800      51.85
   1183.82642    0.9621100      51.83
   1183.82800    0.9613600      51.79
   1183.82959    0.9607500      51.76
   1183.83118    0.9603800      51.74
   1183.83289    0.9598700      51.71
   1183.83447    0.9588100      51.65
   1183.83606    0.9572300      51.57
   1183.83765    0.9556000      51.48
   1183.83936    0.9542200      51.40
   1183.84094    0.9528300      51.33
   1183.84253    0.9510000      51.23
   1183.84412    0.9485800      51.10
   1183.84583    0.9458100      50.95
   1183.84741    0.9428400      50.79
   1183.84900    0.9395100      50.61
   1183.85059    0.9356100      50.40
   1183.85229    0.9312300      50.16
   1183.85388    0.9264500      49.91
   1183.85547    0.9209600      49.61
   1183.85706    0.9142100      49.25
   1183.85876    0.9060200      48.80
   1183.86035    0.8968700      48.31
   1183.86194    0.8874900      47.81
   1183.86353    0.8786100      47.33
   1183.86523    0.8710400      46.92
   1183.86682    0.8655400      46.62
   1183.86841    0.8622000      46.44
   1183.87012    0.8600500      46.33
   1183.87170    0.8575500      46.19
   1183.87329    0.8535500      45.98
   1183.87488    0.8475900      45.66
   1183.87659    0.8395100      45.22
   1183.87817    0.8291400      44.66
   1183.87976    0.8162700      43.97
   1183.88135    0.8006700      43.13
   1183.88306    0.7820100      42.12
   1183.88464    0.7600200      40.94
   1183.88623    0.7349800      39.59
   1183.88782    0.7076400      38.12
   1183.88953    0.6786800      36.56
   1183.89111    0.6484100      34.93
   1183.89270    0.6175100      33.26
   1183.89429    0.5876300      31.65
   1183.89600    0.5611500      30.23
   1183.89758    0.5401200      29.09
   1183.89917    0.5259400      28.33
   1183.90076    0.5196400      27.99
   1183.90247    0.5219400      28.11
   1183.90405    0.5327400      28.69
   1183.90564    0.5508200      29.67
   1183.90723    0.5743900      30.94
   1183.90894    0.6017100      32.41
   1183.91052    0.6311500      34.00
   1183.91211    0.6610600      35.61
   1183.91370    0.6900600      37.17
   1183.91541    0.7172900      38.63
   1183.91699    0.7422300      39.98
   1183.91858    0.7643900      41.17
   1183.92017    0.7834400      42.20
   1183.92188    0.7996900      43.07
   1183.92346    0.8138400      43.83
   1183.92505    0.8262300      44.50
   1183.92676    0.8365700      45.06
   1183.92834    0.8445800      45.49
   1183.92993    0.8506300      45.82
   1183.93152    0.8554000      46.07
   1183.93323    0.8591800      46.28
   1183.93481    0.8618200      46.42
   1183.93640    0.8632500      46.49
   1183.93799    0.8637600      46.52
   1183.93970    0.8636200      46.51
   1183.94128    0.8627200      46.47
   1183.94287    0.8609100      46.37
   1183.94446    0.8583100      46.23
   1183.94617    0.8551500      46.06
   1183.94775    0.8513800      45.85
   1183.94934    0.8467200      45.60
   1183.95093    0.8410900      45.30
   1183.95264    0.8347900      44.96
   1183.95422    0.8279900      44.59
   1183.95581    0.8204000      44.18
   1183.95740    0.8116400      43.71
   1183.95911    0.8017600      43.18
   1183.96069    0.7911900      42.61
   1183.96228    0.7800900      42.01
   1183.96387    0.7678500      41.35
   1183.96558    0.7537000      40.59
   1183.96716    0.7373500      39.71
   1183.96875    0.7191400      38.73
   1183.97034    0.6993000      37.66
   1183.97205    0.6775200      36.49
   1183.97363    0.6533400      35.19
   1183.97522    0.6265600      33.74
   1183.97693    0.5973200      32.17
   1183.97852    0.5655800      30.46
   1183.98010    0.5308200      28.59
   1183.98169    0.4922700      26.51
   1183.98340    0.4494000      24.20
   1183.98499    0.4022900      21.67
   1183.98657    0.3516700      18.94
   1183.98816    0.2987800      16.09
   1183.98987    0.2452000      13.21
   1183.99146    0.1927900      10.38
   1183.99304    0.1438800       7.75
   1183.99463    0.1011000       5.44
   1183.99634    0.0667200       3.59
   1183.99792    0.0417300       2.25
   1183.99951    0.0255300       1.37
   1184.00110    0.0164500       0.89
   1184.00281    0.0127000       0.68
   1184.00439    0.0132400       0.71
   1184.00598    0.0182500       0.98
   1184.00757    0.0290500       1.56
   1184.00928    0.0475400       2.56
   1184.01086    0.0751800       4.05
   1184.01245    0.1121900       6.04
   1184.01404    0.1571700       8.46
   1184.01575    0.2074200      11.17
   1184.01733    0.2596400      13.98
   1184.01892    0.3111100      16.75
   1184.02063    0.3605500      19.42
   1184.02222    0.4082100      21.98
   1184.02380    0.4547200      24.49
   1184.02539    0.4998100      26.92
   1184.02710    0.5420200      29.19
   1184.02869    0.5798200      31.22
   1184.03027    0.6126900      32.99
   1184.03186    0.6413500      34.54
   1184.03357    0.6669000      35.91
   1184.03516    0.6899800      37.16
   1184.03674    0.7105400      38.26
   1184.03833    0.7282300      39.22
   1184.04004    0.7429700      40.01
   1184.04163    0.7552200      40.67
   1184.04321    0.7657900      41.24
   1184.04480    0.7754600      41.76
   1184.04651    0.7848900      42.27
   1184.04810    0.7946300      42.79
   1184.04968    0.8050800      43.35
   1184.05127    0.8162000      43.95
   1184.05298    0.8273800      44.55
   1184.05457    0.8379400      45.12
   1184.05615    0.8476000      45.64
   1184.05774    0.8565000      46.12
   1184.05945    0.8647900      46.57
   1184.06104    0.8724500      46.98
   1184.06262    0.8794500      47.36
   1184.06433    0.8858800      47.70
   1184.06592    0.8918000      48.02
   1184.06750    0.8970700      48.30
   1184.06909    0.9016300      48.55
   1184.07080    0.9056700      48.77
   1184.07239    0.9094900      48.97
   1184.07397    0.9131700      49.17
   1184.07556    0.9166000      49.36
   1184.07727    0.9197400      49.52
   1184.07886    0.9227500      49.69
   1184.08044    0.9257900      49.85
   1184.08203    0.9289000      50.02
   1184.08374    0.9320000      50.18
   1184.08533    0.9349500      50.34
   1184.08691    0.9376400      50.49
   1184.08850    0.9399800      50.61
   1184.09021    0.9420800      50.73
   1184.09180    0.9441100      50.84
   1184.09338    0.9460300      50.94
   1184.09497    0.9475300      51.02
   1184.09668    0.9484700      51.07
   1184.09827    0.9490900      51.10
   1184.09985    0.9497700      51.14
