   1168.00073    0.9604900      53.23
   1168.00232    0.9577800      53.08
   1168.00391    0.9546900      52.91
   1168.00549    0.9514300      52.73
   1168.00708    0.9477900      52.52
   1168.00867    0.9430900      52.26
   1168.01025    0.9368800      51.92
   1168.01172    0.9289300      51.48
   1168.01331    0.9187200      50.91
   1168.01489    0.9052200      50.16
   1168.01648    0.8874900      49.18
   1168.01807    0.8642900      47.90
   1168.01965    0.8329900      46.16
   1168.02124    0.7911500      43.84
   1168.02283    0.7421300      41.13
   1168.02441    0.6988000      38.72
   1168.02600    0.6778400      37.56
   1168.02759    0.6868300      38.06
   1168.02905    0.7172800      39.75
   1168.03064    0.7516000      41.65
   1168.03223    0.7766600      43.04
   1168.03381    0.7892400      43.74
   1168.03540    0.7906600      43.81
   1168.03699    0.7805800      43.25
   1168.03857    0.7575000      41.98
   1168.04016    0.7214000      39.98
   1168.04175    0.6722800      37.25
   1168.04333    0.6084200      33.71
   1168.04480    0.5317000      29.46
   1168.04639    0.4561600      25.28
   1168.04797    0.4065300      22.53
   1168.04956    0.4030500      22.33
   1168.05115    0.4463000      24.73
   1168.05273    0.5175900      28.68
   1168.05432    0.5935700      32.89
   1168.05591    0.6596100      36.55
   1168.05750    0.7117900      39.44
   1168.05908    0.7511400      41.62
   1168.06067    0.7793700      43.19
   1168.06213    0.7983100      44.24
   1168.06372    0.8101200      44.89
   1168.06531    0.8163300      45.23
   1168.06689    0.8173900      45.29
   1168.06848    0.8135100      45.08
   1168.07007    0.8052100      44.62
   1168.07166    0.7928000      43.93
   1168.07324    0.7759000      42.99
   1168.07483    0.7537300      41.76
   1168.07642    0.7255500      40.20
   1168.07788    0.6906100      38.27
   1168.07947    0.6479400      35.90
   1168.08105    0.5967100      33.06
   1168.08264    0.5369100      29.75
   1168.08423    0.4698400      26.03
   1168.08582    0.3988200      22.10
   1168.08740    0.3300100      18.29
   1168.08899    0.2722100      15.08
   1168.09058    0.2347500      13.01
   1168.09216    0.2241500      12.42
   1168.09375    0.2418700      13.40
   1168.09521    0.2841100      15.74
   1168.09680    0.3435900      19.04
   1168.09839    0.4119600      22.83
   1168.09998    0.4819200      26.70
   1168.10156    0.5483800      30.38
   1168.10315    0.6083900      33.71
   1168.10474    0.6605600      36.60
   1168.10632    0.7046900      39.04
   1168.10791    0.7415400      41.09
   1168.10950    0.7723000      42.79
   1168.11096    0.7978900      44.21
   1168.11255    0.8189100      45.37
   1168.11414    0.8361900      46.33
   1168.11572    0.8510200      47.15
   1168.11731    0.8644600      47.90
   1168.11890    0.8766600      48.57
   1168.12048    0.8871300      49.15
   1168.12207    0.8957600      49.63
   1168.12366    0.9030900      50.04
   1168.12524    0.9096300      50.40
   1168.12683    0.9153500      50.71
   1168.12830    0.9199800      50.97
   1168.12988    0.9236800      51.18
   1168.13147    0.9269200      51.36
   1168.13306    0.9299600      51.52
   1168.13464    0.9325900      51.67
   1168.13623    0.9345500      51.78
   1168.13782    0.9357600      51.84
   1168.13940    0.9362500      51.87
   1168.14099    0.9358700      51.85
   1168.14258    0.9345200      51.78
   1168.14404    0.9323500      51.66
   1168.14563    0.9295500      51.50
   1168.14722    0.9259100      51.30
   1168.14880    0.9208100      51.02
   1168.15039    0.9138900      50.63
   1168.15198    0.9053600      50.16
   1168.15356    0.8956200      49.62
   1168.15515    0.8846800      49.01
   1168.15674    0.8723600      48.33
   1168.15833    0.8587600      47.58
   1168.15991    0.8441500      46.77
   1168.16138    0.8281400      45.88
   1168.16296    0.8095700      44.85
   1168.16455    0.7873300      43.62
   1168.16614    0.7608500      42.15
   1168.16772    0.7295800      40.42
   1168.16931    0.6929900      38.39
   1168.17090    0.6527200      36.16
   1168.17249    0.6152900      34.09
   1168.17407    0.5911400      32.75
   1168.17566    0.5890800      32.64
   1168.17725    0.6104600      33.82
   1168.17871    0.6485900      35.93
   1168.18030    0.6937500      38.43
   1168.18188    0.7384400      40.91
   1168.18347    0.7788700      43.15
   1168.18506    0.8134700      45.07
   1168.18665    0.8416200      46.62
   1168.18823    0.8637500      47.85
   1168.18982    0.8811700      48.82
   1168.19141    0.8951400      49.59
   1168.19299    0.9061100      50.20
   1168.19458    0.9141700      50.64
   1168.19604    0.9198100      50.96
   1168.19763    0.9237700      51.17
   1168.19922    0.9262300      51.31
   1168.20081    0.9268700      51.35
   1168.20239    0.9257100      51.28
   1168.20398    0.9238900      51.18
   1168.20557    0.9230700      51.14
   1168.20715    0.9243800      51.21
   1168.20874    0.9277100      51.39
   1168.21033    0.9320400      51.63
   1168.21179    0.9360800      51.86
   1168.21338    0.9388300      52.01
   1168.21497    0.9398700      52.07
   1168.21655    0.9394200      52.04
   1168.21814    0.9380300      51.96
   1168.21973    0.9361800      51.86
   1168.22131    0.9340400      51.74
   1168.22290    0.9317300      51.61
   1168.22449    0.9297700      51.50
   1168.22607    0.9289700      51.46
   1168.22766    0.9299100      51.51
   1168.22913    0.9325000      51.66
   1168.23071    0.9362400      51.86
   1168.23230    0.9406800      52.11
   1168.23389    0.9455500      52.38
   1168.23547    0.9506100      52.66
   1168.23706    0.9555300      52.93
   1168.23865    0.9600700      53.18
   1168.24023    0.9642000      53.41
   1168.24182    0.9679900      53.62
   1168.24341    0.9714200      53.81
   1168.24500    0.9743400      53.97
   1168.24646    0.9766300      54.10
   1168.24805    0.9782000      54.19
   1168.24963    0.9790700      54.23
   1168.25122    0.9794300      54.25
   1168.25281    0.9796500      54.27
   1168.25439    0.9800000      54.28
   1168.25598    0.9804800      54.31
   1168.25757    0.9808400      54.33
   1168.25916    0.9809300      54.34
   1168.26074    0.9807800      54.33
   1168.26233    0.9804300      54.31
   1168.26379    0.9797400      54.27
   1168.26538    0.9785300      54.20
   1168.26697    0.9767200      54.10
   1168.26855    0.9743600      53.97
   1168.27014    0.9715200      53.81
   1168.27173    0.9682500      53.63
   1168.27332    0.9646200      53.43
   1168.27490    0.9607200      53.21
   1168.27649    0.9566200      52.99
   1168.27808    0.9524500      52.76
   1168.27966    0.9483700      52.53
   1168.28113    0.9445500      52.32
   1168.28271    0.9411700      52.13
   1168.28430    0.9383800      51.98
   1168.28589    0.9363100      51.86
   1168.28748    0.9347000      51.77
   1168.28906    0.9328600      51.67
   1168.29065    0.9300100      51.51
   1168.29224    0.9259300      51.29
   1168.29382    0.9211400      51.02
   1168.29541    0.9163500      50.75
   1168.29700    0.9112800      50.47
   1168.29846    0.9039700      50.07
   1168.30005    0.8917100      49.39
   1168.30164    0.8735700      48.38
   1168.30322    0.8529800      47.24
   1168.30481    0.8374700      46.39
   1168.30640    0.8343100      46.21
   1168.30798    0.8453600      46.82
   1168.30957    0.8657400      47.95
   1168.31116    0.8878900      49.18
   1168.31274    0.9068600      50.23
   1168.31433    0.9219400      51.06
   1168.31580    0.9342800      51.75
   1168.31738    0.9443700      52.30
   1168.31897    0.9520200      52.73
   1168.32056    0.9575600      53.04
   1168.32214    0.9620100      53.28
   1168.32373    0.9659600      53.50
   1168.32532    0.9693000      53.68
   1168.32690    0.9719200      53.83
   1168.32849    0.9741400      53.95
   1168.33008    0.9762200      54.07
   1168.33167    0.9780000      54.17
   1168.33325    0.9791600      54.23
   1168.33472    0.9797700      54.26
   1168.33630    0.9801500      54.28
   1168.33789    0.9803600      54.30
   1168.33948    0.9801200      54.28
   1168.34106    0.9791500      54.23
   1168.34265    0.9773900      54.13
   1168.34424    0.9749100      53.99
   1168.34583    0.9719500      53.83
   1168.34741    0.9689900      53.67
   1168.34900    0.9668500      53.55
   1168.35059    0.9664100      53.52
   1168.35205    0.9680900      53.62
   1168.35364    0.9714500      53.80
   1168.35522    0.9753100      54.01
   1168.35681    0.9785600      54.19
   1168.35840    0.9808600      54.32
   1168.35999    0.9825700      54.42
   1168.36157    0.9837600      54.48
   1168.36316    0.9839600      54.49
   1168.36475    0.9829300      54.44
   1168.36633    0.9811600      54.34
   1168.36792    0.9789300      54.21
   1168.36938    0.9751300      54.00
   1168.37097    0.9684500      53.63
   1168.37256    0.9600100      53.17
   1168.37415    0.9539300      52.83
   1168.37573    0.9540100      52.83
   1168.37732    0.9599400      53.16
   1168.37891    0.9675700      53.58
   1168.38049    0.9728300      53.87
   1168.38208    0.9746900      53.98
   1168.38367    0.9743200      53.96
   1168.38525    0.9725100      53.86
   1168.38672    0.9689600      53.66
   1168.38831    0.9634400      53.35
   1168.38989    0.9565000      52.97
   1168.39148    0.9488600      52.55
   1168.39307    0.9407800      52.10
   1168.39465    0.9324300      51.64
   1168.39624    0.9244500      51.19
   1168.39783    0.9176700      50.82
   1168.39941    0.9126300      50.54
   1168.40100    0.9095600      50.37
   1168.40259    0.9086900      50.32
   1168.40417    0.9101400      50.40
   1168.40564    0.9135800      50.59
   1168.40723    0.9184800      50.86
   1168.40881    0.9247800      51.21
   1168.41040    0.9328100      51.66
   1168.41199    0.9423100      52.18
   1168.41357    0.9519200      52.71
   1168.41516    0.9600600      53.16
   1168.41675    0.9661200      53.50
   1168.41833    0.9704900      53.74
   1168.41992    0.9736900      53.92
   1168.42151    0.9757700      54.03
   1168.42297    0.9766000      54.08
   1168.42456    0.9762000      54.06
   1168.42615    0.9746300      53.97
   1168.42773    0.9718900      53.82
   1168.42932    0.9679900      53.60
   1168.43091    0.9632100      53.34
   1168.43250    0.9581200      53.06
   1168.43408    0.9535600      52.80
   1168.43567    0.9505700      52.64
   1168.43726    0.9498100      52.59
   1168.43884    0.9508800      52.65
   1168.44043    0.9524700      52.74
   1168.44189    0.9535700      52.80
   1168.44348    0.9543700      52.85
   1168.44507    0.9558800      52.93
   1168.44666    0.9587200      53.09
   1168.44824    0.9626000      53.30
   1168.44983    0.9665300      53.52
   1168.45142    0.9694300      53.68
   1168.45300    0.9707500      53.75
   1168.45459    0.9708400      53.76
   1168.45618    0.9705700      53.74
   1168.45776    0.9703500      53.73
   1168.45923    0.9698600      53.70
   1168.46082    0.9689500      53.65
   1168.46240    0.9682200      53.61
   1168.46399    0.9681800      53.61
   1168.46558    0.9683800      53.62
   1168.46716    0.9682000      53.61
   1168.46875    0.9678700      53.59
   1168.47034    0.9678000      53.59
   1168.47192    0.9672600      53.56
   1168.47351    0.9652000      53.44
   1168.47510    0.9620800      53.27
   1168.47668    0.9591000      53.11
   1168.47815    0.9559100      52.93
   1168.47974    0.9508400      52.65
   1168.48132    0.9438200      52.26
   1168.48291    0.9365900      51.86
   1168.48450    0.9291300      51.45
   1168.48608    0.9186000      50.86
   1168.48767    0.9036600      50.03
   1168.48926    0.8873600      49.13
   1168.49084    0.8729100      48.33
   1168.49243    0.8592900      47.58
   1168.49402    0.8449600      46.78
   1168.49548    0.8336900      46.16
   1168.49707    0.8303900      45.98
   1168.49866    0.8315200      46.04
   1168.50024    0.8266500      45.77
   1168.50183    0.8127400      45.00
   1168.50342    0.8006800      44.33
   1168.50500    0.8023300      44.42
   1168.50659    0.8154900      45.15
   1168.50818    0.8267600      45.78
   1168.50977    0.8249200      45.67
   1168.51135    0.8039000      44.51
   1168.51294    0.7570700      41.92
   1168.51440    0.6827100      37.80
   1168.51599    0.5996400      33.20
   1168.51758    0.5459900      30.23
   1168.51917    0.5505900      30.48
   1168.52075    0.6069600      33.60
   1168.52234    0.6820300      37.76
   1168.52393    0.7481100      41.42
   1168.52551    0.7997300      44.28
   1168.52710    0.8423600      46.64
   1168.52869    0.8769900      48.55
   1168.53027    0.9010600      49.89
   1168.53186    0.9166000      50.75
   1168.53333    0.9292300      51.45
   1168.53491    0.9408100      52.09
   1168.53650    0.9489300      52.54
   1168.53809    0.9529600      52.76
   1168.53967    0.9558400      52.92
   1168.54126    0.9595000      53.12
   1168.54285    0.9625700      53.29
   1168.54443    0.9637300      53.36
   1168.54602    0.9642500      53.38
   1168.54761    0.9655800      53.46
   1168.54919    0.9668900      53.53
   1168.55078    0.9668100      53.53
   1168.55225    0.9658300      53.47
   1168.55383    0.9652500      53.44
   1168.55542    0.9648800      53.42
   1168.55701    0.9634800      53.34
   1168.55859    0.9608200      53.19
   1168.56018    0.9576000      53.01
   1168.56177    0.9537900      52.80
   1168.56335    0.9486700      52.52
   1168.56494    0.9425400      52.18
   1168.56653    0.9371100      51.88
   1168.56812    0.9338100      51.70
   1168.56958    0.9326200      51.63
   1168.57117    0.9325500      51.63
   1168.57275    0.9324000      51.62
   1168.57434    0.9305700      51.52
   1168.57593    0.9253700      51.23
   1168.57751    0.9160100      50.71
   1168.57910    0.9026200      49.97
   1168.58069    0.8847900      48.98
   1168.58228    0.8613700      47.69
   1168.58386    0.8333000      46.13
   1168.58545    0.8066400      44.65
   1168.58704    0.7909100      43.78
   1168.58850    0.7928600      43.89
   1168.59009    0.8114400      44.92
   1168.59167    0.8389800      46.44
   1168.59326    0.8670800      48.00
   1168.59485    0.8911400      49.33
   1168.59644    0.9104700      50.40
   1168.59802    0.9257800      51.25
   1168.59961    0.9375900      51.90
   1168.60120    0.9464900      52.40
   1168.60278    0.9533800      52.78
   1168.60437    0.9590200      53.09
   1168.60596    0.9636600      53.35
   1168.60742    0.9674600      53.56
   1168.60901    0.9709100      53.75
   1168.61060    0.9744100      53.94
   1168.61218    0.9776900      54.12
   1168.61377    0.9801700      54.26
   1168.61536    0.9817500      54.35
   1168.61694    0.9830100      54.42
   1168.61853    0.9844200      54.49
   1168.62012    0.9858800      54.57
   1168.62170    0.9870800      54.64
   1168.62329    0.9880900      54.70
   1168.62488    0.9892100      54.76
   1168.62634    0.9903900      54.82
   1168.62793    0.9912300      54.87
   1168.62952    0.9914900      54.88
   1168.63110    0.9913900      54.88
   1168.63269    0.9912500      54.87
   1168.63428    0.9911300      54.86
   1168.63586    0.9908700      54.85
   1168.63745    0.9904200      54.82
   1168.63904    0.9899900      54.80
   1168.64062    0.9898400      54.79
   1168.64221    0.9901600      54.81
   1168.64380    0.9909900      54.85
   1168.64539    0.9921400      54.92
   1168.64685    0.9932300      54.98
   1168.64844    0.9939300      55.02
   1168.65002    0.9942300      55.03
   1168.65161    0.9943700      55.04
   1168.65320    0.9945600      55.05
   1168.65479    0.9948000      55.06
   1168.65637    0.9950300      55.08
   1168.65796    0.9952700      55.09
   1168.65955    0.9955400      55.10
   1168.66113    0.9956600      55.11
   1168.66272    0.9954800      55.10
   1168.66431    0.9951300      55.08
   1168.66577    0.9950100      55.08
   1168.66736    0.9952700      55.09
   1168.66895    0.9956600      55.11
   1168.67053    0.9958100      55.12
   1168.67212    0.9956900      55.11
   1168.67371    0.9956000      55.11
   1168.67529    0.9957500      55.12
   1168.67688    0.9959700      55.13
   1168.67847    0.9960300      55.13
   1168.68005    0.9959000      55.12
   1168.68164    0.9957800      55.12
   1168.68323    0.9958600      55.12
   1168.68469    0.9960600      55.13
   1168.68628    0.9961900      55.14
   1168.68787    0.9961500      55.14
   1168.68945    0.9960700      55.13
   1168.69104    0.9961300      55.13
   1168.69263    0.9963300      55.15
   1168.69421    0.9964800      55.15
   1168.69580    0.9964400      55.15
   1168.69739    0.9963700      55.15
   1168.69897    0.9965100      55.15
   1168.70056    0.9968300      55.17
   1168.70215    0.9970000      55.18
   1168.70361    0.9968500      55.17
   1168.70520    0.9966100      55.16
   1168.70679    0.9965300      55.16
   1168.70837    0.9965900      55.16
   1168.70996    0.9965300      55.15
   1168.71155    0.9962700      55.14
   1168.71313    0.9960400      55.13
   1168.71472    0.9959300      55.12
   1168.71631    0.9957300      55.11
   1168.71790    0.9952900      55.09
   1168.71948    0.9948400      55.06
   1168.72107    0.9948100      55.06
   1168.72253    0.9952100      55.08
   1168.72412    0.9956000      55.10
   1168.72571    0.9956400      55.10
   1168.72729    0.9955000      55.10
   1168.72888    0.9955500      55.10
   1168.73047    0.9958000      55.11
   1168.73206    0.9959000      55.12
   1168.73364    0.9956800      55.11
   1168.73523    0.9954100      55.09
   1168.73682    0.9954000      55.09
   1168.73840    0.9956200      55.10
   1168.73999    0.9958300      55.11
   1168.74158    0.9959500      55.12
   1168.74304    0.9960600      55.13
   1168.74463    0.9961200      55.13
   1168.74622    0.9958900      55.12
   1168.74780    0.9952400      55.08
   1168.74939    0.9944400      55.04
   1168.75098    0.9938700      55.00
   1168.75256    0.9936800      54.99
   1168.75415    0.9936800      54.99
   1168.75574    0.9936400      54.99
   1168.75732    0.9934500      54.98
   1168.75891    0.9930700      54.96
   1168.76050    0.9924800      54.93
   1168.76196    0.9916600      54.88
   1168.76355    0.9907400      54.83
   1168.76514    0.9898800      54.78
   1168.76672    0.9890600      54.74
   1168.76831    0.9880500      54.68
   1168.76990    0.9866800      54.60
   1168.77148    0.9851000      54.52
   1168.77307    0.9836800      54.44
   1168.77466    0.9825800      54.38
   1168.77625    0.9815900      54.32
   1168.77783    0.9805800      54.27
   1168.77942    0.9798000      54.22
   1168.78101    0.9796900      54.22
   1168.78247    0.9803000      54.25
   1168.78406    0.9811900      54.30
   1168.78564    0.9819300      54.34
   1168.78723    0.9824800      54.37
   1168.78882    0.9830900      54.40
   1168.79041    0.9839100      54.45
   1168.79199    0.9849000      54.50
   1168.79358    0.9859200      54.56
   1168.79517    0.9867600      54.61
   1168.79675    0.9871900      54.63
   1168.79834    0.9872400      54.63
   1168.79993    0.9871900      54.63
   1168.80151    0.9871600      54.63
   1168.80298    0.9868600      54.61
   1168.80457    0.9859600      54.56
   1168.80615    0.9846300      54.49
   1168.80774    0.9834200      54.42
   1168.80933    0.9824400      54.37
   1168.81091    0.9812200      54.30
   1168.81250    0.9794000      54.20
   1168.81409    0.9771600      54.07
   1168.81567    0.9749500      53.95
   1168.81726    0.9728300      53.83
   1168.81885    0.9704500      53.70
   1168.82043    0.9673800      53.53
   1168.82190    0.9633800      53.31
   1168.82349    0.9585300      53.04
   1168.82507    0.9535400      52.76
   1168.82666    0.9498700      52.56
   1168.82825    0.9488800      52.51
   1168.82983    0.9509100      52.62
   1168.83142    0.9550700      52.85
   1168.83301    0.9600100      53.12
   1168.83459    0.9644700      53.37
   1168.83618    0.9674500      53.53
   1168.83777    0.9685400      53.59
   1168.83936    0.9684900      53.59
   1168.84094    0.9688900      53.61
   1168.84241    0.9707900      53.72
   1168.84399    0.9737100      53.88
   1168.84558    0.9762900      54.02
   1168.84717    0.9778100      54.11
   1168.84875    0.9786600      54.15
   1168.85034    0.9795000      54.20
   1168.85193    0.9804500      54.25
   1168.85352    0.9811800      54.29
   1168.85510    0.9814800      54.31
   1168.85669    0.9813700      54.30
   1168.85828    0.9810500      54.28
   1168.85986    0.9809400      54.28
   1168.86145    0.9814500      54.31
   1168.86292    0.9825600      54.37
   1168.86450    0.9836700      54.43
   1168.86609    0.9842300      54.46
   1168.86768    0.9843600      54.47
   1168.86926    0.9847100      54.48
   1168.87085    0.9854900      54.53
   1168.87244    0.9861600      54.56
   1168.87402    0.9861300      54.56
   1168.87561    0.9854600      54.53
   1168.87720    0.9846500      54.48
   1168.87878    0.9838300      54.44
   1168.88037    0.9825800      54.37
   1168.88196    0.9805300      54.25
   1168.88342    0.9778000      54.10
   1168.88501    0.9747900      53.93
   1168.88660    0.9716000      53.76
   1168.88818    0.9681600      53.57
   1168.88977    0.9645800      53.37
   1168.89136    0.9611900      53.18
   1168.89294    0.9580900      53.01
   1168.89453    0.9550600      52.84
   1168.89612    0.9522100      52.68
   1168.89771    0.9501400      52.57
   1168.89929    0.9494600      52.53
   1168.90088    0.9500500      52.56
   1168.90247    0.9513400      52.64
   1168.90393    0.9530600      52.73
   1168.90552    0.9553200      52.86
   1168.90710    0.9579600      53.00
   1168.90869    0.9602900      53.13
   1168.91028    0.9616900      53.21
   1168.91187    0.9622200      53.24
   1168.91345    0.9622700      53.24
   1168.91504    0.9619500      53.22
   1168.91663    0.9610700      53.17
   1168.91821    0.9597000      53.10
   1168.91980    0.9582000      53.01
   1168.92139    0.9565700      52.92
   1168.92297    0.9543300      52.80
   1168.92444    0.9510400      52.62
   1168.92603    0.9468900      52.39
   1168.92761    0.9422900      52.13
   1168.92920    0.9371300      51.85
   1168.93079    0.9307100      51.49
   1168.93237    0.9224400      51.03
   1168.93396    0.9122300      50.47
   1168.93555    0.9001300      49.80
   1168.93713    0.8857400      49.00
   1168.93872    0.8682300      48.03
   1168.94031    0.8469000      46.85
   1168.94189    0.8215200      45.45
   1168.94348    0.7921500      43.82
   1168.94495    0.7591800      42.00
   1168.94653    0.7242700      40.07
   1168.94812    0.6916100      38.26
   1168.94971    0.6677000      36.94
   1168.95129    0.6584600      36.43
   1168.95288    0.6658900      36.84
   1168.95447    0.6869600      38.00
   1168.95605    0.7157800      39.60
   1168.95764    0.7468900      41.32
   1168.95923    0.7768200      42.98
   1168.96082    0.8037300      44.46
   1168.96240    0.8265200      45.72
   1168.96399    0.8446900      46.73
   1168.96545    0.8584000      47.49
   1168.96704    0.8682000      48.03
   1168.96863    0.8745200      48.38
   1168.97021    0.8775700      48.55
   1168.97180    0.8773100      48.53
   1168.97339    0.8735900      48.33
   1168.97498    0.8661500      47.92
   1168.97656    0.8548900      47.29
   1168.97815    0.8398100      46.46
   1168.97974    0.8207700      45.40
   1168.98132    0.7972600      44.10
   1168.98291    0.7688600      42.53
   1168.98450    0.7358000      40.70
   1168.98608    0.6991400      38.68
   1168.98755    0.6603200      36.53
   1168.98914    0.6209300      34.35
   1168.99072    0.5826800      32.23
   1168.99231    0.5474800      30.29
   1168.99390    0.5171400      28.61
   1168.99548    0.4930100      27.27
   1168.99707    0.4757600      26.32
   1168.99866    0.4653600      25.74
   1169.00024    0.4613700      25.52
   1169.00183    0.4634300      25.64
   1169.00342    0.4713900      26.08
   1169.00500    0.4849700      26.83
   1169.00659    0.5029800      27.82
   1169.00806    0.5232100      28.94
   1169.00964    0.5430100      30.04
   1169.01123    0.5599600      30.98
   1169.01282    0.5718400      31.63
   1169.01440    0.5768800      31.91
   1169.01599    0.5746100      31.79
   1169.01758    0.5664900      31.34
   1169.01917    0.5551500      30.71
   1169.02075    0.5430900      30.04
   1169.02234    0.5322800      29.44
   1169.02393    0.5246500      29.02
   1169.02551    0.5215200      28.85
   1169.02710    0.5221200      28.88
   1169.02856    0.5231700      28.94
   1169.03015    0.5201000      28.77
   1169.03174    0.5070700      28.05
   1169.03333    0.4756100      26.31
   1169.03491    0.4169400      23.06
   1169.03650    0.3316200      18.34
   1169.03809    0.2394200      13.24
   1169.03967    0.1759100       9.73
   1169.04126    0.1728900       9.56
   1169.04285    0.2375800      13.14
   1169.04443    0.3491600      19.31
   1169.04602    0.4745200      26.25
   1169.04761    0.5877900      32.51
   1169.04919    0.6783200      37.52
   1169.05066    0.7466100      41.30
   1169.05225    0.7971300      44.09
   1169.05383    0.8344600      46.16
   1169.05542    0.8622800      47.69
   1169.05701    0.8832300      48.85
   1169.05859    0.8991400      49.73
   1169.06018    0.9114900      50.42
   1169.06177    0.9214300      50.97
   1169.06335    0.9293300      51.40
   1169.06494    0.9351300      51.72
   1169.06653    0.9393800      51.96
   1169.06812    0.9432600      52.17
   1169.06970    0.9473200      52.40
   1169.07129    0.9507700      52.59
   1169.07275    0.9526700      52.69
   1169.07434    0.9534300      52.73
   1169.07593    0.9545500      52.80
   1169.07751    0.9568800      52.93
   1169.07910    0.9598300      53.09
   1169.08069    0.9623900      53.23
   1169.08228    0.9642200      53.33
   1169.08386    0.9656100      53.41
   1169.08545    0.9667900      53.47
   1169.08704    0.9677700      53.53
   1169.08862    0.9685400      53.57
   1169.09021    0.9692000      53.61
   1169.09180    0.9698200      53.64
   1169.09326    0.9705100      53.68
   1169.09485    0.9714700      53.73
   1169.09644    0.9726100      53.79
   1169.09802    0.9734600      53.84
   1169.09961    0.9737400      53.86
   1169.10120    0.9738200      53.86
   1169.10278    0.9742700      53.88
   1169.10437    0.9748700      53.92
   1169.10596    0.9747400      53.91
   1169.10754    0.9735600      53.84
   1169.10913    0.9719900      53.76
   1169.11072    0.9707400      53.69
   1169.11230    0.9696500      53.63
   1169.11389    0.9682800      53.55
   1169.11536    0.9668000      53.47
   1169.11694    0.9655700      53.40
   1169.11853    0.9643900      53.34
   1169.12012    0.9629000      53.25
   1169.12170    0.9615100      53.18
   1169.12329    0.9609400      53.15
   1169.12488    0.9608900      53.14
   1169.12646    0.9603800      53.11
   1169.12805    0.9594000      53.06
   1169.12964    0.9589600      53.04
   1169.13123    0.9592000      53.05
   1169.13281    0.9587600      53.02
   1169.13440    0.9568100      52.92
   1169.13599    0.9542700      52.78
   1169.13745    0.9520000      52.65
   1169.13904    0.9490500      52.49
   1169.14062    0.9442300      52.22
   1169.14221    0.9381300      51.88
   1169.14380    0.9318400      51.53
   1169.14539    0.9246100      51.13
   1169.14697    0.9147700      50.59
   1169.14856    0.9027100      49.92
   1169.15015    0.8901800      49.23
   1169.15173    0.8773700      48.52
   1169.15332    0.8638000      47.77
   1169.15491    0.8520400      47.12
   1169.15649    0.8467500      46.83
   1169.15808    0.8485100      46.92
   1169.15955    0.8523800      47.14
   1169.16113    0.8543700      47.25
   1169.16272    0.8550800      47.29
   1169.16431    0.8539900      47.23
   1169.16589    0.8451800      46.74
   1169.16748    0.8240200      45.57
   1169.16907    0.7928400      43.84
   1169.17065    0.7508100      41.52
   1169.17224    0.6823100      37.73
   1169.17383    0.5719100      31.63
   1169.17542    0.4379700      24.22
   1169.17700    0.3379500      18.69
   1169.17859    0.3236500      17.90
   1169.18018    0.3908500      21.61
   1169.18164    0.4826100      26.69
   1169.18323    0.5420900      29.98
   1169.18481    0.5537700      30.62
   1169.18640    0.5353000      29.60
   1169.18799    0.5065800      28.01
   1169.18958    0.4781600      26.44
   1169.19116    0.4598500      25.43
   1169.19275    0.4631000      25.61
   1169.19434    0.4906000      27.13
   1169.19592    0.5320800      29.42
   1169.19751    0.5750400      31.80
   1169.19910    0.6152400      34.02
   1169.20068    0.6545600      36.20
   1169.20227    0.6935400      38.35
   1169.20374    0.7303800      40.39
   1169.20532    0.7644500      42.27
   1169.20691    0.7962500      44.03
   1169.20850    0.8248200      45.61
   1169.21008    0.8484600      46.92
   1169.21167    0.8675500      47.97
   1169.21326    0.8841800      48.89
   1169.21484    0.8990300      49.71
   1169.21643    0.9108900      50.37
   1169.21802    0.9195300      50.85
   1169.21960    0.9267800      51.25
   1169.22119    0.9340300      51.65
   1169.22278    0.9405500      52.01
   1169.22437    0.9451100      52.26
   1169.22595    0.9481200      52.43
   1169.22742    0.9509400      52.58
   1169.22900    0.9540800      52.76
   1169.23059    0.9571600      52.93
   1169.23218    0.9599600      53.08
   1169.23376    0.9626700      53.23
   1169.23535    0.9652400      53.37
   1169.23694    0.9673400      53.49
   1169.23853    0.9689100      53.58
   1169.24011    0.9702800      53.65
   1169.24170    0.9716800      53.73
   1169.24329    0.9730500      53.80
   1169.24487    0.9743400      53.87
   1169.24646    0.9756400      53.95
   1169.24805    0.9770000      54.02
   1169.24951    0.9783500      54.10
   1169.25110    0.9796700      54.17
   1169.25269    0.9809700      54.24
   1169.25427    0.9821900      54.31
   1169.25586    0.9832000      54.36
   1169.25745    0.9840100      54.41
   1169.25903    0.9847300      54.45
   1169.26062    0.9854200      54.49
   1169.26221    0.9859800      54.52
   1169.26379    0.9863600      54.54
   1169.26538    0.9866400      54.55
   1169.26697    0.9869100      54.57
   1169.26855    0.9872400      54.59
   1169.27014    0.9877500      54.61
   1169.27173    0.9884300      54.65
   1169.27319    0.9891300      54.69
   1169.27478    0.9896300      54.72
   1169.27637    0.9898600      54.73
   1169.27795    0.9899700      54.74
   1169.27954    0.9901500      54.75
   1169.28113    0.9904800      54.76
   1169.28271    0.9908600      54.78
   1169.28430    0.9910600      54.80
   1169.28589    0.9909500      54.79
   1169.28748    0.9906500      54.77
   1169.28906    0.9904500      54.76
   1169.29065    0.9904600      54.76
   1169.29224    0.9903400      54.75
   1169.29382    0.9898100      54.73
   1169.29529    0.9889900      54.68
   1169.29688    0.9882300      54.64
   1169.29846    0.9875100      54.60
   1169.30005    0.9863600      54.53
   1169.30164    0.9845600      54.43
   1169.30322    0.9826300      54.33
   1169.30481    0.9813800      54.26
   1169.30640    0.9810600      54.24
   1169.30798    0.9812400      54.25
   1169.30957    0.9813800      54.26
   1169.31116    0.9813000      54.25
   1169.31274    0.9810700      54.24
   1169.31433    0.9806600      54.22
   1169.31592    0.9800600      54.18
   1169.31750    0.9795200      54.15
   1169.31897    0.9793600      54.15
   1169.32056    0.9796500      54.16
   1169.32214    0.9801300      54.19
   1169.32373    0.9806200      54.21
   1169.32532    0.9813400      54.25
   1169.32690    0.9825400      54.32
   1169.32849    0.9841000      54.41
   1169.33008    0.9856500      54.49
   1169.33167    0.9870600      54.57
   1169.33325    0.9884700      54.65
   1169.33484    0.9897900      54.72
   1169.33643    0.9905800      54.76
   1169.33801    0.9906400      54.77
   1169.33960    0.9904200      54.75
   1169.34119    0.9905400      54.76
   1169.34265    0.9909200      54.78
   1169.34424    0.9909900      54.79
   1169.34583    0.9905200      54.76
   1169.34741    0.9900500      54.73
   1169.34900    0.9901300      54.74
   1169.35059    0.9906900      54.77
   1169.35217    0.9912600      54.80
   1169.35376    0.9917500      54.83
   1169.35535    0.9924600      54.87
   1169.35693    0.9934600      54.92
   1169.35852    0.9943900      54.97
   1169.36011    0.9948800      55.00
   1169.36169    0.9949700      55.00
   1169.36328    0.9949100      55.00
   1169.36487    0.9949000      55.00
   1169.36633    0.9949600      55.00
   1169.36792    0.9951000      55.01
   1169.36951    0.9952000      55.02
   1169.37109    0.9951000      55.01
   1169.37268    0.9947700      54.99
   1169.37427    0.9944200      54.97
   1169.37585    0.9942400      54.96
   1169.37744    0.9941300      54.96
   1169.37903    0.9938900      54.94
   1169.38062    0.9935700      54.92
   1169.38220    0.9933600      54.91
   1169.38379    0.9930800      54.90
   1169.38538    0.9923100      54.85
   1169.38696    0.9909200      54.78
   1169.38855    0.9893400      54.69
   1169.39001    0.9880500      54.62
   1169.39160    0.9869200      54.56
   1169.39319    0.9855000      54.48
   1169.39478    0.9835900      54.37
   1169.39636    0.9814100      54.25
   1169.39795    0.9790800      54.12
   1169.39954    0.9764100      53.97
   1169.40112    0.9731500      53.79
   1169.40271    0.9693300      53.58
   1169.40430    0.9650200      53.34
   1169.40588    0.9601200      53.07
   1169.40747    0.9546300      52.77
   1169.40906    0.9490400      52.46
   1169.41064    0.9441400      52.19
   1169.41223    0.9404500      51.99
   1169.41370    0.9381600      51.86
   1169.41528    0.9374000      51.82
   1169.41687    0.9384200      51.87
   1169.41846    0.9411900      52.03
   1169.42004    0.9451400      52.24
   1169.42163    0.9495500      52.49
   1169.42322    0.9539700      52.73
   1169.42480    0.9583300      52.97
   1169.42639    0.9626400      53.21
   1169.42798    0.9667900      53.44
   1169.42957    0.9705800      53.65
   1169.43115    0.9738800      53.83
   1169.43274    0.9767100      53.99
   1169.43433    0.9792200      54.13
   1169.43591    0.9816000      54.26
   1169.43750    0.9838700      54.38
   1169.43896    0.9859000      54.49
   1169.44055    0.9875800      54.59
   1169.44214    0.9890700      54.67
   1169.44373    0.9905400      54.75
   1169.44531    0.9918700      54.82
   1169.44690    0.9928000      54.88
   1169.44849    0.9933800      54.91
   1169.45007    0.9939800      54.94
   1169.45166    0.9947900      54.99
   1169.45325    0.9955700      55.03
   1169.45483    0.9959800      55.05
   1169.45642    0.9960000      55.05
   1169.45801    0.9959000      55.05
   1169.45959    0.9957900      55.04
   1169.46118    0.9956000      55.03
   1169.46265    0.9953000      55.01
   1169.46423    0.9950700      55.00
   1169.46582    0.9950700      55.00
   1169.46741    0.9952800      55.01
   1169.46899    0.9955800      55.03
   1169.47058    0.9958900      55.04
   1169.47217    0.9961600      55.06
   1169.47375    0.9963000      55.07
   1169.47534    0.9961400      55.06
   1169.47693    0.9956400      55.03
   1169.47852    0.9950200      55.00
   1169.48010    0.9946800      54.98
   1169.48169    0.9948100      54.98
   1169.48328    0.9952200      55.01
   1169.48486    0.9955100      55.02
   1169.48645    0.9956500      55.03
   1169.48792    0.9959100      55.04
   1169.48950    0.9963600      55.07
   1169.49109    0.9965800      55.08
   1169.49268    0.9962400      55.06
   1169.49426    0.9955900      55.03
   1169.49585    0.9950400      54.99
   1169.49744    0.9944800      54.96
   1169.49902    0.9934700      54.91
   1169.50061    0.9920300      54.83
   1169.50220    0.9906000      54.75
   1169.50378    0.9890100      54.66
   1169.50537    0.9863600      54.51
   1169.50696    0.9825400      54.30
   1169.50854    0.9793400      54.13
   1169.51013    0.9791200      54.11
   1169.51160    0.9822000      54.28
   1169.51318    0.9864700      54.52
   1169.51477    0.9896300      54.69
   1169.51636    0.9912000      54.78
   1169.51794    0.9920800      54.83
   1169.51953    0.9928400      54.87
   1169.52112    0.9933100      54.90
   1169.52271    0.9933500      54.90
   1169.52429    0.9932600      54.89
   1169.52588    0.9932600      54.89
   1169.52747    0.9931800      54.89
   1169.52905    0.9929000      54.87
   1169.53064    0.9926600      54.86
   1169.53223    0.9926100      54.86
   1169.53381    0.9924900      54.85
   1169.53540    0.9919900      54.82
   1169.53687    0.9912300      54.78
   1169.53845    0.9906200      54.75
   1169.54004    0.9902400      54.72
   1169.54163    0.9897200      54.70
   1169.54321    0.9887400      54.64
   1169.54480    0.9873700      54.57
   1169.54639    0.9857600      54.48
   1169.54797    0.9837200      54.36
   1169.54956    0.9808300      54.20
   1169.55115    0.9767300      53.98
   1169.55273    0.9715100      53.69
   1169.55432    0.9657600      53.37
   1169.55591    0.9602900      53.07
   1169.55750    0.9558600      52.82
   1169.55908    0.9528900      52.66
   1169.56067    0.9514500      52.58
   1169.56213    0.9511700      52.56
   1169.56372    0.9512500      52.57
   1169.56531    0.9505000      52.53
   1169.56689    0.9478300      52.38
   1169.56848    0.9428200      52.10
   1169.57007    0.9360600      51.73
   1169.57166    0.9287200      51.32
   1169.57324    0.9219900      50.95
   1169.57483    0.9167200      50.66
   1169.57642    0.9134300      50.48
   1169.57800    0.9124700      50.42
   1169.57959    0.9140300      50.51
   1169.58118    0.9180600      50.73
   1169.58276    0.9241700      51.07
   1169.58435    0.9316800      51.48
   1169.58594    0.9398100      51.93
   1169.58740    0.9478600      52.38
   1169.58899    0.9554200      52.80
   1169.59058    0.9622800      53.17
   1169.59216    0.9683000      53.51
   1169.59375    0.9734500      53.79
   1169.59534    0.9778600      54.04
   1169.59692    0.9817000      54.25
   1169.59851    0.9850100      54.43
   1169.60010    0.9877600      54.58
   1169.60168    0.9899300      54.70
   1169.60327    0.9915600      54.79
   1169.60486    0.9926900      54.85
   1169.60645    0.9933000      54.89
   1169.60803    0.9934900      54.90
   1169.60962    0.9935100      54.90
   1169.61121    0.9935700      54.90
   1169.61279    0.9936600      54.91
   1169.61426    0.9937400      54.91
   1169.61584    0.9938300      54.92
   1169.61743    0.9940100      54.93
   1169.61902    0.9941400      54.93
   1169.62061    0.9940700      54.93
   1169.62219    0.9938600      54.92
   1169.62378    0.9938200      54.91
   1169.62537    0.9941100      54.93
   1169.62695    0.9944600      54.95
   1169.62854    0.9945200      54.95
   1169.63013    0.9943000      54.94
   1169.63171    0.9941200      54.93
   1169.63330    0.9941500      54.93
   1169.63489    0.9942000      54.93
   1169.63647    0.9940100      54.92
   1169.63806    0.9935800      54.90
   1169.63953    0.9930500      54.87
   1169.64111    0.9925400      54.84
   1169.64270    0.9920300      54.81
   1169.64429    0.9913900      54.78
   1169.64587    0.9904400      54.73
   1169.64746    0.9891000      54.65
   1169.64905    0.9876300      54.57
   1169.65063    0.9865300      54.51
   1169.65222    0.9861800      54.49
   1169.65381    0.9864600      54.50
   1169.65540    0.9868500      54.53
   1169.65698    0.9869100      54.53
   1169.65857    0.9865800      54.51
   1169.66016    0.9860600      54.48
   1169.66174    0.9854800      54.45
   1169.66333    0.9846300      54.40
   1169.66492    0.9832100      54.32
   1169.66638    0.9811400      54.21
   1169.66797    0.9786900      54.07
   1169.66956    0.9762600      53.94
   1169.67114    0.9738600      53.81
   1169.67273    0.9709400      53.65
   1169.67432    0.9669100      53.42
   1169.67590    0.9616000      53.13
   1169.67749    0.9550600      52.77
   1169.67908    0.9471000      52.33
   1169.68066    0.9370700      51.77
   1169.68225    0.9242800      51.07
   1169.68384    0.9083900      50.19
   1169.68542    0.8895200      49.15
   1169.68701    0.8688300      48.00
   1169.68860    0.8493500      46.93
   1169.69019    0.8358100      46.18
   1169.69165    0.8325300      46.00
   1169.69324    0.8405800      46.44
   1169.69482    0.8569900      47.35
   1169.69641    0.8768800      48.45
   1169.69800    0.8963200      49.52
   1169.69958    0.9134500      50.47
   1169.70117    0.9278000      51.26
   1169.70276    0.9393300      51.90
   1169.70435    0.9482000      52.39
   1169.70593    0.9548300      52.75
   1169.70752    0.9598300      53.03
   1169.70911    0.9638100      53.25
   1169.71069    0.9671600      53.43
   1169.71228    0.9699700      53.59
   1169.71387    0.9719800      53.70
   1169.71545    0.9731500      53.76
   1169.71704    0.9738700      53.80
   1169.71851    0.9745500      53.84
   1169.72009    0.9749700      53.86
   1169.72168    0.9745900      53.84
   1169.72327    0.9736700      53.79
   1169.72485    0.9735100      53.78
   1169.72644    0.9750400      53.87
   1169.72803    0.9774800      54.00
   1169.72961    0.9791000      54.09
   1169.73120    0.9792000      54.10
   1169.73279    0.9788200      54.08
   1169.73438    0.9793300      54.10
   1169.73596    0.9809100      54.19
   1169.73755    0.9826400      54.29
   1169.73914    0.9837300      54.35
   1169.74072    0.9842300      54.37
   1169.74231    0.9846200      54.39
   1169.74390    0.9853200      54.43
   1169.74548    0.9864200      54.49
   1169.74695    0.9876900      54.56
   1169.74854    0.9887500      54.62
   1169.75012    0.9894700      54.66
   1169.75171    0.9900900      54.70
   1169.75330    0.9908400      54.74
   1169.75488    0.9916200      54.78
   1169.75647    0.9921400      54.81
   1169.75806    0.9923900      54.82
   1169.75964    0.9926600      54.84
   1169.76123    0.9929700      54.85
   1169.76282    0.9930600      54.86
   1169.76440    0.9928500      54.85
   1169.76599    0.9925500      54.83
   1169.76758    0.9921200      54.81
   1169.76917    0.9911900      54.75
   1169.77075    0.9897500      54.68
   1169.77234    0.9886700      54.62
   1169.77380    0.9888400      54.62
   1169.77539    0.9899800      54.69
   1169.77698    0.9909100      54.74
   1169.77856    0.9908900      54.74
   1169.78015    0.9903700      54.71
   1169.78174    0.9900800      54.69
   1169.78333    0.9900800      54.69
   1169.78491    0.9899900      54.69
   1169.78650    0.9897000      54.67
   1169.78809    0.9894700      54.66
   1169.78967    0.9892400      54.65
   1169.79126    0.9885900      54.61
   1169.79285    0.9874000      54.54
   1169.79443    0.9861800      54.48
   1169.79602    0.9855000      54.44
   1169.79761    0.9854400      54.43
   1169.79919    0.9857000      54.45
   1169.80066    0.9861000      54.47
   1169.80225    0.9867500      54.51
   1169.80383    0.9876600      54.56
   1169.80542    0.9885800      54.61
   1169.80701    0.9891500      54.64
   1169.80859    0.9891700      54.64
   1169.81018    0.9887200      54.61
   1169.81177    0.9881700      54.58
   1169.81335    0.9878700      54.57
   1169.81494    0.9879500      54.57
   1169.81653    0.9881500      54.58
   1169.81812    0.9881100      54.58
   1169.81970    0.9876600      54.55
   1169.82129    0.9869700      54.52
   1169.82288    0.9862600      54.48
   1169.82446    0.9856800      54.45
   1169.82605    0.9852800      54.42
   1169.82764    0.9850100      54.41
   1169.82910    0.9846100      54.39
   1169.83069    0.9837600      54.34
   1169.83228    0.9824600      54.27
   1169.83386    0.9810300      54.19
   1169.83545    0.9797200      54.11
   1169.83704    0.9783600      54.04
   1169.83862    0.9765000      53.94
   1169.84021    0.9738100      53.79
   1169.84180    0.9701700      53.59
   1169.84338    0.9654600      53.33
   1169.84497    0.9596200      53.00
   1169.84656    0.9527300      52.62
   1169.84814    0.9449200      52.19
   1169.84973    0.9364100      51.72
   1169.85132    0.9281400      51.26
   1169.85291    0.9221000      50.93
   1169.85449    0.9201400      50.82
   1169.85608    0.9221800      50.93
   1169.85754    0.9259800      51.14
   1169.85913    0.9290300      51.31
   1169.86072    0.9303200      51.38
   1169.86230    0.9298900      51.36
   1169.86389    0.9275300      51.23
   1169.86548    0.9226700      50.96
   1169.86707    0.9155700      50.57
   1169.86865    0.9076300      50.13
   1169.87024    0.9005400      49.74
   1169.87183    0.8953300      49.45
   1169.87341    0.8921100      49.27
   1169.87500    0.8896400      49.14
   1169.87659    0.8853200      48.90
   1169.87817    0.8761500      48.39
   1169.87976    0.8602900      47.51
   1169.88135    0.8367300      46.21
   1169.88293    0.8038400      44.40
   1169.88452    0.7609400      42.03
   1169.88599    0.7135700      39.41
   1169.88757    0.6759700      37.33
   1169.88916    0.6643900      36.69
   1169.89075    0.6850300      37.83
   1169.89233    0.7288000      40.25
   1169.89392    0.7789400      43.02
   1169.89551    0.8231500      45.46
   1169.89709    0.8583100      47.40
   1169.89868    0.8859600      48.93
   1169.90027    0.9070700      50.10
   1169.90186    0.9220100      50.92
   1169.90344    0.9325600      51.50
   1169.90503    0.9410800      51.97
   1169.90662    0.9482700      52.37
   1169.90820    0.9534600      52.66
   1169.90979    0.9567900      52.84
   1169.91138    0.9594800      52.99
   1169.91296    0.9619900      53.13
   1169.91443    0.9635700      53.22
   1169.91602    0.9641300      53.25
   1169.91760    0.9647200      53.28
   1169.91919    0.9653800      53.31
   1169.92078    0.9643100      53.26
   1169.92236    0.9605600      53.05
   1169.92395    0.9563000      52.81
   1169.92554    0.9545100      52.71
   1169.92712    0.9552700      52.76
   1169.92871    0.9562300      52.81
   1169.93030    0.9562000      52.81
   1169.93188    0.9560200      52.80
   1169.93347    0.9559100      52.79
   1169.93506    0.9545000      52.71
   1169.93665    0.9510200      52.52
   1169.93823    0.9463800      52.26
   1169.93982    0.9407900      51.95
   1169.94141    0.9327500      51.51
   1169.94299    0.9213900      50.88
   1169.94446    0.9079300      50.14
   1169.94604    0.8936300      49.35
   1169.94763    0.8787800      48.53
   1169.94922    0.8658000      47.81
   1169.95081    0.8602400      47.51
   1169.95239    0.8650800      47.77
   1169.95398    0.8761500      48.38
   1169.95557    0.8868600      48.98
   1169.95715    0.8957700      49.47
   1169.95874    0.9047400      49.96
   1169.96033    0.9113500      50.33
   1169.96191    0.9102100      50.26
   1169.96350    0.9017700      49.80
   1169.96509    0.8913400      49.22
   1169.96667    0.8766000      48.41
   1169.96826    0.8452600      46.68
   1169.96985    0.7920500      43.74
   1169.97144    0.7300800      40.32
   1169.97290    0.6750100      37.27
   1169.97449    0.6240400      34.46
   1169.97607    0.5658600      31.25
   1169.97766    0.5116100      28.25
   1169.97925    0.4980500      27.50
   1169.98083    0.5489500      30.31
   1169.98242    0.6429400      35.50
   1169.98401    0.7320700      40.43
   1169.98560    0.7876700      43.50
   1169.98718    0.8166900      45.10
   1169.98877    0.8373200      46.24
   1169.99036    0.8543600      47.18
   1169.99194    0.8632400      47.67
   1169.99353    0.8651600      47.77
   1169.99512    0.8670400      47.88
   1169.99670    0.8713300      48.11
   1169.99829    0.8748000      48.31
   1169.99988    0.8760800      48.38
   1170.00146    0.8775400      48.46
   1170.00293    0.8798100      48.58
   1170.00452    0.8800600      48.60
   1170.00610    0.8767700      48.41
   1170.00769    0.8716900      48.13
   1170.00928    0.8657000      47.80
   1170.01086    0.8566700      47.30
   1170.01245    0.8430300      46.55
   1170.01404    0.8264300      45.63
   1170.01562    0.8089000      44.67
   1170.01721    0.7898500      43.61
   1170.01880    0.7682000      42.42
   1170.02039    0.7453800      41.16
   1170.02197    0.7238700      39.97
   1170.02356    0.7042700      38.89
   1170.02515    0.6859900      37.88
   1170.02673    0.6699200      36.99
   1170.02832    0.6577600      36.32
   1170.02991    0.6492700      35.85
   1170.03149    0.6423700      35.47
   1170.03296    0.6359700      35.12
   1170.03455    0.6307800      34.83
   1170.03613    0.6274000      34.64
   1170.03772    0.6262500      34.58
   1170.03931    0.6297100      34.77
   1170.04089    0.6420600      35.45
   1170.04248    0.6653200      36.74
   1170.04407    0.6965800      38.46
   1170.04565    0.7306000      40.34
   1170.04724    0.7638500      42.18
   1170.04883    0.7949200      43.89
   1170.05042    0.8225800      45.42
   1170.05200    0.8457100      46.69
   1170.05359    0.8647900      47.75
   1170.05518    0.8811600      48.65
   1170.05676    0.8949800      49.41
   1170.05835    0.9054700      49.99
   1170.05994    0.9132400      50.42
   1170.06152    0.9200400      50.80
   1170.06311    0.9261000      51.13
   1170.06458    0.9298200      51.34
   1170.06616    0.9309300      51.40
   1170.06775    0.9315000      51.43
   1170.06934    0.9324600      51.48
   1170.07092    0.9316700      51.44
   1170.07251    0.9272800      51.20
   1170.07410    0.9206100      50.83
   1170.07568    0.9126300      50.39
   1170.07727    0.8998600      49.68
   1170.07886    0.8777500      48.46
   1170.08044    0.8456300      46.69
   1170.08203    0.8019500      44.28
   1170.08362    0.7360700      40.64
   1170.08521    0.6367200      35.15
   1170.08679    0.5166800      28.53
   1170.08838    0.4219600      23.30
   1170.08997    0.4025800      22.23
   1170.09155    0.4692600      25.91
   1170.09314    0.5840300      32.24
   1170.09473    0.6951100      38.38
   1170.09619    0.7761000      42.85
   1170.09778    0.8306400      45.86
   1170.09937    0.8702400      48.04
   1170.10095    0.8988900      49.63
   1170.10254    0.9170700      50.63
   1170.10413    0.9287500      51.27
   1170.10571    0.9387400      51.83
   1170.10730    0.9475200      52.31
   1170.10889    0.9531800      52.62
   1170.11047    0.9562700      52.79
   1170.11206    0.9592200      52.96
   1170.11365    0.9625200      53.14
   1170.11523    0.9646700      53.26
   1170.11682    0.9654000      53.30
   1170.11841    0.9663900      53.35
   1170.12000    0.9686000      53.47
   1170.12158    0.9710600      53.61
   1170.12317    0.9727000      53.70
   1170.12476    0.9737300      53.76
   1170.12634    0.9745300      53.80
   1170.12781    0.9748000      53.81
   1170.12939    0.9742900      53.79
   1170.13098    0.9734700      53.74
   1170.13257    0.9729000      53.71
   1170.13416    0.9725200      53.69
   1170.13574    0.9721200      53.67
   1170.13733    0.9718700      53.65
   1170.13892    0.9718500      53.65
   1170.14050    0.9716100      53.64
   1170.14209    0.9707400      53.59
   1170.14368    0.9692900      53.51
   1170.14526    0.9672800      53.40
   1170.14685    0.9643200      53.23
   1170.14844    0.9601700      53.01
   1170.15002    0.9551900      52.73
   1170.15161    0.9498300      52.43
   1170.15320    0.9443200      52.13
   1170.15479    0.9393700      51.86
   1170.15637    0.9367600      51.71
   1170.15796    0.9380500      51.78
   1170.15942    0.9428800      52.05
   1170.16101    0.9492100      52.40
   1170.16260    0.9553000      52.73
   1170.16418    0.9607000      53.03
   1170.16577    0.9654500      53.29
   1170.16736    0.9692500      53.50
   1170.16895    0.9718400      53.65
   1170.17053    0.9735300      53.74
   1170.17212    0.9747700      53.81
   1170.17371    0.9756000      53.85
   1170.17529    0.9758800      53.87
   1170.17688    0.9757000      53.86
   1170.17847    0.9753600      53.84
   1170.18005    0.9751200      53.83
   1170.18164    0.9751900      53.83
   1170.18323    0.9757700      53.86
   1170.18481    0.9766700      53.91
   1170.18640    0.9772600      53.94
   1170.18799    0.9771500      53.94
   1170.18958    0.9766800      53.91
   1170.19104    0.9762800      53.89
   1170.19263    0.9758700      53.87
   1170.19421    0.9751600      53.83
   1170.19580    0.9742800      53.78
   1170.19739    0.9735000      53.74
   1170.19897    0.9725500      53.68
   1170.20056    0.9710800      53.60
   1170.20215    0.9693500      53.51
   1170.20374    0.9678600      53.42
   1170.20532    0.9662900      53.34
   1170.20691    0.9639800      53.21
   1170.20850    0.9611900      53.06
   1170.21008    0.9588300      52.93
   1170.21167    0.9568500      52.82
   1170.21326    0.9540800      52.66
   1170.21484    0.9502500      52.45
   1170.21643    0.9465000      52.24
   1170.21802    0.9431200      52.06
   1170.21960    0.9385200      51.80
   1170.22119    0.9316700      51.43
   1170.22278    0.9237800      50.99
   1170.22424    0.9157300      50.54
   1170.22583    0.9053700      49.97
   1170.22742    0.8900300      49.13
   1170.22900    0.8700900      48.03
   1170.23059    0.8458600      46.69
   1170.23218    0.8117400      44.80
   1170.23376    0.7605000      41.98
   1170.23535    0.6973600      38.49
   1170.23694    0.6443300      35.56
   1170.23853    0.6230700      34.39
   1170.24011    0.6328300      34.93
   1170.24170    0.6503500      35.90
   1170.24329    0.6521200      35.99
   1170.24487    0.6324700      34.91
   1170.24646    0.5995200      33.09
   1170.24805    0.5611600      30.97
   1170.24963    0.5210600      28.76
   1170.25122    0.4852200      26.78
   1170.25281    0.4639600      25.61
   1170.25439    0.4648500      25.66
   1170.25598    0.4870000      26.88
   1170.25757    0.5239700      28.92
   1170.25903    0.5693700      31.43
   1170.26062    0.6182600      34.12
   1170.26221    0.6659000      36.75
   1170.26379    0.7086300      39.11
   1170.26538    0.7456500      41.15
   1170.26697    0.7780300      42.94
   1170.26855    0.8061200      44.49
   1170.27014    0.8293800      45.77
   1170.27173    0.8482600      46.82
   1170.27332    0.8644500      47.71
   1170.27490    0.8789900      48.51
   1170.27649    0.8914600      49.20
   1170.27808    0.9014100      49.75
   1170.27966    0.9095200      50.20
   1170.28125    0.9167500      50.60
   1170.28284    0.9232100      50.95
   1170.28442    0.9285400      51.25
   1170.28601    0.9327500      51.48
   1170.28760    0.9361700      51.67
   1170.28918    0.9389200      51.82
   1170.29077    0.9409500      51.93
   1170.29224    0.9424100      52.01
   1170.29382    0.9434900      52.07
   1170.29541    0.9441200      52.11
   1170.29700    0.9439800      52.10
   1170.29858    0.9430500      52.05
   1170.30017    0.9416800      51.97
   1170.30176    0.9405100      51.91
   1170.30334    0.9402400      51.89
   1170.30493    0.9414100      51.95
   1170.30652    0.9439400      52.09
   1170.30811    0.9470600      52.27
   1170.30969    0.9497800      52.42
   1170.31128    0.9515700      52.51
   1170.31287    0.9523100      52.56
   1170.31445    0.9519100      52.53
   1170.31604    0.9501400      52.44
   1170.31763    0.9468400      52.25
   1170.31921    0.9419000      51.98
   1170.32080    0.9351200      51.61
   1170.32239    0.9262200      51.11
   1170.32397    0.9150100      50.50
   1170.32556    0.9017800      49.77
   1170.32703    0.8877700      48.99
   1170.32861    0.8758200      48.33
   1170.33020    0.8698000      48.00
   1170.33179    0.8724800      48.15
   1170.33337    0.8833100      48.75
   1170.33496    0.8986100      49.59
   1170.33655    0.9141800      50.45
   1170.33813    0.9277500      51.20
   1170.33972    0.9390400      51.82
   1170.34131    0.9483400      52.33
   1170.34290    0.9557600      52.74
   1170.34448    0.9615000      53.06
   1170.34607    0.9660500      53.31
   1170.34766    0.9697800      53.52
   1170.34924    0.9727000      53.68
   1170.35083    0.9747900      53.79
   1170.35242    0.9764200      53.88
   1170.35400    0.9779800      53.97
   1170.35559    0.9794700      54.05
   1170.35718    0.9806300      54.11
   1170.35876    0.9814200      54.16
   1170.36035    0.9820300      54.19
   1170.36182    0.9824600      54.21
   1170.36340    0.9823800      54.21
   1170.36499    0.9817000      54.17
   1170.36658    0.9810000      54.13
   1170.36816    0.9811100      54.14
   1170.36975    0.9822600      54.20
   1170.37134    0.9838800      54.29
   1170.37292    0.9853100      54.37
   1170.37451    0.9864000      54.43
   1170.37610    0.9873700      54.48
   1170.37769    0.9882500      54.53
   1170.37927    0.9888500      54.57
   1170.38086    0.9891700      54.58
   1170.38245    0.9895100      54.60
   1170.38403    0.9900600      54.63
   1170.38562    0.9905900      54.66
   1170.38721    0.9907800      54.67
   1170.38879    0.9906800      54.67
   1170.39038    0.9906400      54.66
   1170.39197    0.9908400      54.67
   1170.39355    0.9911600      54.69
   1170.39514    0.9915100      54.71
   1170.39673    0.9919300      54.73
   1170.39819    0.9923700      54.76
   1170.39978    0.9925700      54.77
   1170.40137    0.9923200      54.75
   1170.40295    0.9918500      54.73
   1170.40454    0.9916100      54.72
   1170.40613    0.9917400      54.72
   1170.40771    0.9919300      54.73
   1170.40930    0.9918500      54.73
   1170.41089    0.9915400      54.71
   1170.41248    0.9912900      54.70
   1170.41406    0.9912500      54.69
   1170.41565    0.9911300      54.69
   1170.41724    0.9906300      54.66
   1170.41882    0.9898600      54.62
   1170.42041    0.9893500      54.59
   1170.42200    0.9895000      54.60
   1170.42358    0.9900500      54.63
   1170.42517    0.9904300      54.65
   1170.42676    0.9904000      54.65
   1170.42834    0.9903000      54.64
   1170.42993    0.9904400      54.65
   1170.43152    0.9906300      54.66
   1170.43311    0.9905500      54.65
   1170.43457    0.9904400      54.65
   1170.43616    0.9908400      54.67
   1170.43774    0.9917300      54.72
   1170.43933    0.9923300      54.75
   1170.44092    0.9920500      54.74
   1170.44250    0.9913800      54.70
   1170.44409    0.9912000      54.69
   1170.44568    0.9916400      54.71
   1170.44727    0.9919400      54.73
   1170.44885    0.9916300      54.71
   1170.45044    0.9911100      54.68
   1170.45203    0.9908800      54.67
   1170.45361    0.9908600      54.67
   1170.45520    0.9906300      54.66
   1170.45679    0.9903100      54.64
   1170.45837    0.9903500      54.64
   1170.45996    0.9907600      54.66
   1170.46155    0.9909600      54.67
   1170.46313    0.9904900      54.65
   1170.46472    0.9896300      54.60
   1170.46631    0.9888600      54.56
   1170.46790    0.9882600      54.52
   1170.46948    0.9875700      54.49
   1170.47107    0.9866300      54.43
   1170.47253    0.9853900      54.37
   1170.47412    0.9837400      54.27
   1170.47571    0.9817600      54.17
   1170.47729    0.9799800      54.07
   1170.47888    0.9790700      54.02
   1170.48047    0.9790000      54.01
   1170.48206    0.9789300      54.01
   1170.48364    0.9780300      53.96
   1170.48523    0.9762200      53.86
   1170.48682    0.9738200      53.73
   1170.48840    0.9708600      53.56
   1170.48999    0.9670800      53.35
   1170.49158    0.9623400      53.09
   1170.49316    0.9566600      52.78
   1170.49475    0.9498000      52.40
   1170.49634    0.9411400      51.92
   1170.49792    0.9301600      51.32
   1170.49951    0.9166700      50.57
   1170.50110    0.9006500      49.69
   1170.50269    0.8825500      48.69
   1170.50427    0.8644000      47.69
   1170.50586    0.8500900      46.90
   1170.50745    0.8437300      46.55
   1170.50903    0.8469700      46.73
   1170.51050    0.8578700      47.33
   1170.51208    0.8723600      48.13
   1170.51367    0.8868500      48.93
   1170.51526    0.8995300      49.62
   1170.51685    0.9101400      50.21
   1170.51843    0.9191300      50.71
   1170.52002    0.9272300      51.15
   1170.52161    0.9351300      51.59
   1170.52319    0.9430200      52.02
   1170.52478    0.9504600      52.43
   1170.52637    0.9568000      52.78
   1170.52795    0.9618500      53.06
   1170.52954    0.9659300      53.29
   1170.53113    0.9694700      53.48
   1170.53271    0.9725900      53.65
   1170.53430    0.9751200      53.79
   1170.53589    0.9770000      53.90
   1170.53748    0.9783800      53.97
   1170.53906    0.9795600      54.04
   1170.54065    0.9807500      54.10
   1170.54224    0.9820600      54.18
   1170.54382    0.9834400      54.25
   1170.54541    0.9848400      54.33
   1170.54700    0.9861300      54.40
   1170.54846    0.9871800      54.46
   1170.55005    0.9878500      54.49
   1170.55164    0.9882200      54.51
   1170.55322    0.9885000      54.53
   1170.55481    0.9888400      54.55
   1170.55640    0.9891600      54.57
   1170.55798    0.9892300      54.57
   1170.55957    0.9889700      54.55
   1170.56116    0.9885900      54.53
   1170.56274    0.9884600      54.53
   1170.56433    0.9888300      54.55
   1170.56592    0.9895900      54.59
   1170.56750    0.9903800      54.63
   1170.56909    0.9908900      54.66
   1170.57068    0.9910300      54.67
   1170.57227    0.9909300      54.66
   1170.57385    0.9907100      54.65
   1170.57544    0.9903500      54.63
   1170.57703    0.9898500      54.60
   1170.57861    0.9894200      54.58
   1170.58020    0.9893500      54.57
   1170.58179    0.9897700      54.60
   1170.58337    0.9904600      54.63
   1170.58496    0.9910700      54.67
   1170.58655    0.9913700      54.68
   1170.58801    0.9913600      54.68
   1170.58960    0.9911400      54.67
   1170.59119    0.9908700      54.66
   1170.59277    0.9906800      54.65
   1170.59436    0.9906100      54.64
   1170.59595    0.9905000      54.64
   1170.59753    0.9901900      54.62
   1170.59912    0.9897600      54.59
   1170.60071    0.9895100      54.58
   1170.60229    0.9896000      54.59
   1170.60388    0.9898200      54.60
   1170.60547    0.9898500      54.60
   1170.60706    0.9896300      54.59
   1170.60864    0.9893700      54.57
   1170.61023    0.9891400      54.56
   1170.61182    0.9887900      54.54
   1170.61340    0.9882200      54.51
   1170.61499    0.9875300      54.47
   1170.61658    0.9869200      54.44
   1170.61816    0.9863600      54.40
   1170.61975    0.9856900      54.37
   1170.62134    0.9849100      54.32
   1170.62292    0.9841200      54.28
   1170.62451    0.9834000      54.24
   1170.62610    0.9827000      54.20
   1170.62769    0.9819800      54.16
   1170.62915    0.9812800      54.12
   1170.63074    0.9806200      54.09
   1170.63232    0.9799500      54.05
   1170.63391    0.9793000      54.01
   1170.63550    0.9788100      53.99
   1170.63708    0.9785600      53.97
   1170.63867    0.9784100      53.96
   1170.64026    0.9781400      53.95
   1170.64185    0.9777000      53.92
   1170.64343    0.9773000      53.90
   1170.64502    0.9771500      53.89
   1170.64661    0.9772500      53.90
   1170.64819    0.9774000      53.91
   1170.64978    0.9774000      53.91
   1170.65137    0.9771500      53.89
   1170.65295    0.9767100      53.87
   1170.65454    0.9762400      53.84
   1170.65613    0.9758300      53.82
   1170.65771    0.9753800      53.80
   1170.65930    0.9746300      53.75
   1170.66089    0.9734900      53.69
   1170.66248    0.9720500      53.61
   1170.66406    0.9704800      53.52
   1170.66565    0.9688100      53.43
   1170.66724    0.9670900      53.34
   1170.66882    0.9655300      53.25
   1170.67029    0.9642600      53.18
   1170.67188    0.9631300      53.12
   1170.67346    0.9617300      53.04
   1170.67505    0.9598600      52.94
   1170.67664    0.9576800      52.82
   1170.67822    0.9554900      52.70
   1170.67981    0.9533800      52.58
   1170.68140    0.9512300      52.46
   1170.68298    0.9487900      52.33
   1170.68457    0.9458900      52.17
   1170.68616    0.9424600      51.98
   1170.68774    0.9386500      51.77
   1170.68933    0.9347600      51.55
   1170.69092    0.9308800      51.34
   1170.69250    0.9267400      51.11
   1170.69409    0.9219400      50.84
   1170.69568    0.9163500      50.54
   1170.69727    0.9100300      50.19
   1170.69885    0.9028000      49.79
   1170.70044    0.8942200      49.32
   1170.70203    0.8839200      48.75
   1170.70361    0.8718000      48.08
   1170.70520    0.8577200      47.30
   1170.70679    0.8413200      46.40
   1170.70837    0.8223300      45.35
   1170.70996    0.8008800      44.17
   1170.71155    0.7774100      42.87
   1170.71301    0.7526500      41.51
   1170.71460    0.7281600      40.16
   1170.71619    0.7066500      38.97
   1170.71777    0.6909000      38.10
   1170.71936    0.6819400      37.61
   1170.72095    0.6781300      37.40
   1170.72253    0.6761000      37.28
   1170.72412    0.6724800      37.09
   1170.72571    0.6646900      36.66
   1170.72729    0.6508200      35.89
   1170.72888    0.6294800      34.71
   1170.73047    0.6000200      33.09
   1170.73206    0.5625000      31.02
   1170.73364    0.5171800      28.52
   1170.73523    0.4643000      25.60
   1170.73682    0.4048500      22.33
   1170.73840    0.3415500      18.83
   1170.73999    0.2790200      15.39
   1170.74158    0.2229800      12.30
   1170.74316    0.1790200       9.87
   1170.74475    0.1517100       8.37
   1170.74634    0.1440100       7.94
   1170.74792    0.1568900       8.65
   1170.74951    0.1891200      10.43
   1170.75110    0.2374100      13.09
   1170.75269    0.2969600      16.38
   1170.75427    0.3623800      19.98
   1170.75574    0.4285700      23.63
   1170.75732    0.4916000      27.11
   1170.75891    0.5491500      30.28
   1170.76050    0.6004800      33.11
   1170.76208    0.6457900      35.61
   1170.76367    0.6855400      37.80
   1170.76526    0.7201300      39.71
   1170.76685    0.7500300      41.36
   1170.76843    0.7758600      42.78
   1170.77002    0.7982600      44.02
   1170.77161    0.8176400      45.09
   1170.77319    0.8343000      46.00
   1170.77478    0.8487100      46.80
   1170.77637    0.8614400      47.50
   1170.77795    0.8728100      48.13
   1170.77954    0.8827800      48.68
   1170.78113    0.8914000      49.15
   1170.78271    0.8989800      49.57
   1170.78430    0.9059000      49.95
   1170.78589    0.9122100      50.30
   1170.78748    0.9177800      50.61
   1170.78906    0.9227900      50.88
   1170.79065    0.9276600      51.15
   1170.79224    0.9325000      51.42
   1170.79382    0.9369600      51.66
   1170.79541    0.9407700      51.87
   1170.79700    0.9441700      52.06
   1170.79858    0.9475400      52.25
   1170.80017    0.9507500      52.42
   1170.80164    0.9533100      52.56
   1170.80322    0.9552100      52.67
   1170.80481    0.9570300      52.77
   1170.80640    0.9592500      52.89
   1170.80798    0.9616100      53.02
   1170.80957    0.9634500      53.12
   1170.81116    0.9645400      53.18
   1170.81274    0.9652200      53.22
   1170.81433    0.9657400      53.25
   1170.81592    0.9659000      53.26
   1170.81750    0.9652400      53.22
   1170.81909    0.9636200      53.13
   1170.82068    0.9611500      53.00
   1170.82227    0.9578600      52.81
   1170.82385    0.9536500      52.58
   1170.82544    0.9486600      52.31
   1170.82703    0.9434200      52.02
   1170.82861    0.9385800      51.75
   1170.83020    0.9344800      51.52
   1170.83179    0.9312500      51.35
   1170.83337    0.9291000      51.23
   1170.83496    0.9285000      51.19
   1170.83655    0.9298300      51.27
   1170.83813    0.9330400      51.44
   1170.83972    0.9376200      51.70
   1170.84131    0.9429500      51.99
   1170.84290    0.9484700      52.29
   1170.84448    0.9538000      52.59
   1170.84607    0.9587600      52.86
   1170.84753    0.9634800      53.12
   1170.84912    0.9681800      53.38
   1170.85071    0.9727600      53.63
   1170.85229    0.9767800      53.85
   1170.85388    0.9798700      54.02
   1170.85547    0.9820700      54.15
   1170.85706    0.9836800      54.23
   1170.85864    0.9848500      54.30
   1170.86023    0.9856000      54.34
   1170.86182    0.9860900      54.37
   1170.86340    0.9865900      54.39
   1170.86499    0.9870700      54.42
   1170.86658    0.9872400      54.43
   1170.86816    0.9870800      54.42
   1170.86975    0.9870300      54.42
   1170.87134    0.9875100      54.44
   1170.87292    0.9883000      54.49
   1170.87451    0.9888000      54.51
   1170.87610    0.9887900      54.51
   1170.87769    0.9885100      54.50
   1170.87927    0.9882200      54.48
   1170.88086    0.9878900      54.46
   1170.88245    0.9875300      54.44
   1170.88403    0.9872400      54.43
   1170.88562    0.9870600      54.42
   1170.88721    0.9867000      54.40
   1170.88879    0.9860100      54.36
   1170.89038    0.9853200      54.32
   1170.89197    0.9851800      54.31
   1170.89355    0.9857000      54.34
   1170.89502    0.9864900      54.39
   1170.89661    0.9871700      54.42
   1170.89819    0.9877500      54.45
   1170.89978    0.9883600      54.49
   1170.90137    0.9890400      54.53
   1170.90295    0.9897000      54.56
   1170.90454    0.9902700      54.59
   1170.90613    0.9906800      54.61
   1170.90771    0.9909000      54.63
   1170.90930    0.9909700      54.63
   1170.91089    0.9911000      54.64
   1170.91248    0.9913500      54.65
   1170.91406    0.9915200      54.66
   1170.91565    0.9914300      54.66
   1170.91724    0.9912600      54.65
   1170.91882    0.9914200      54.65
   1170.92041    0.9920400      54.69
   1170.92200    0.9927600      54.73
   1170.92358    0.9931700      54.75
   1170.92517    0.9932400      54.75
   1170.92676    0.9933100      54.76
   1170.92834    0.9935900      54.77
   1170.92993    0.9939500      54.79
   1170.93152    0.9941300      54.80
   1170.93311    0.9941100      54.80
   1170.93469    0.9940800      54.80
   1170.93628    0.9941500      54.80
   1170.93787    0.9942300      54.81
   1170.93945    0.9942300      54.81
   1170.94104    0.9942300      54.81
   1170.94263    0.9943400      54.81
   1170.94409    0.9944700      54.82
   1170.94568    0.9944300      54.82
   1170.94727    0.9942600      54.81
   1170.94885    0.9942200      54.81
   1170.95044    0.9943700      54.81
   1170.95203    0.9944500      54.82
   1170.95361    0.9943000      54.81
   1170.95520    0.9941000      54.80
   1170.95679    0.9940900      54.80
   1170.95837    0.9941700      54.80
   1170.95996    0.9940200      54.79
   1170.96155    0.9936200      54.77
   1170.96313    0.9933700      54.76
   1170.96472    0.9935500      54.77
   1170.96631    0.9939200      54.79
   1170.96790    0.9940300      54.79
   1170.96948    0.9937400      54.78
   1170.97107    0.9931900      54.75
   1170.97266    0.9925900      54.71
   1170.97424    0.9920600      54.68
   1170.97583    0.9916500      54.66
   1170.97742    0.9913500      54.64
   1170.97900    0.9910200      54.63
   1170.98059    0.9905400      54.60
   1170.98218    0.9898600      54.56
   1170.98376    0.9889700      54.51
   1170.98535    0.9877500      54.45
   1170.98694    0.9861200      54.36
   1170.98853    0.9840300      54.24
   1170.99011    0.9813600      54.09
   1170.99170    0.9777700      53.89
   1170.99329    0.9731000      53.64
   1170.99475    0.9675200      53.33
   1170.99634    0.9609300      52.97
   1170.99792    0.9526200      52.51
   1170.99951    0.9422700      51.94
   1171.00110    0.9317100      51.36
   1171.00269    0.9247300      50.97
   1171.00427    0.9244800      50.96
   1171.00586    0.9308600      51.31
   1171.00745    0.9408100      51.86
   1171.00903    0.9510100      52.42
   1171.01062    0.9596900      52.90
   1171.01221    0.9664900      53.27
   1171.01379    0.9714500      53.54
   1171.01538    0.9746800      53.72
   1171.01697    0.9763400      53.81
   1171.01855    0.9764200      53.82
   1171.02014    0.9749400      53.74
   1171.02173    0.9725500      53.60
   1171.02332    0.9709100      53.51
   1171.02490    0.9714400      53.54
   1171.02649    0.9739200      53.68
   1171.02808    0.9767000      53.83
   1171.02966    0.9783700      53.92
   1171.03125    0.9790000      53.96
   1171.03284    0.9796100      53.99
   1171.03442    0.9809000      54.06
   1171.03601    0.9827100      54.16
   1171.03760    0.9844400      54.26
   1171.03918    0.9856300      54.32
   1171.04077    0.9861900      54.35
   1171.04236    0.9864100      54.37
   1171.04395    0.9867100      54.38
   1171.04553    0.9871500      54.41
   1171.04712    0.9873700      54.42
   1171.04858    0.9869200      54.39
   1171.05017    0.9858800      54.34
   1171.05176    0.9847100      54.27
   1171.05334    0.9836400      54.21
   1171.05493    0.9824100      54.14
   1171.05652    0.9807000      54.05
   1171.05811    0.9784900      53.93
   1171.05969    0.9760100      53.79
   1171.06128    0.9732700      53.64
   1171.06287    0.9700600      53.46
   1171.06445    0.9662200      53.25
   1171.06604    0.9617000      53.00
   1171.06763    0.9564200      52.71
   1171.06921    0.9502800      52.37
   1171.07080    0.9435800      52.00
   1171.07239    0.9373000      51.66
   1171.07397    0.9328100      51.41
   1171.07556    0.9312400      51.32
   1171.07715    0.9329100      51.41
   1171.07874    0.9372400      51.65
   1171.08032    0.9430500      51.97
   1171.08191    0.9491000      52.31
   1171.08350    0.9545600      52.61
   1171.08508    0.9592600      52.87
   1171.08667    0.9633600      53.09
   1171.08826    0.9668600      53.28
   1171.08984    0.9695200      53.43
   1171.09143    0.9712200      53.52
   1171.09302    0.9721700      53.58
   1171.09460    0.9726500      53.60
   1171.09619    0.9727200      53.61
   1171.09778    0.9722500      53.58
   1171.09937    0.9710900      53.52
   1171.10095    0.9690100      53.40
   1171.10254    0.9655600      53.21
   1171.10400    0.9603200      52.92
   1171.10559    0.9532200      52.53
   1171.10718    0.9444700      52.05
   1171.10876    0.9341700      51.48
   1171.11035    0.9227600      50.85
   1171.11194    0.9121100      50.26
   1171.11353    0.9055400      49.90
   1171.11511    0.9058200      49.92
   1171.11670    0.9129100      50.31
   1171.11829    0.9239900      50.92
   1171.11987    0.9357700      51.57
   1171.12146    0.9465100      52.16
   1171.12305    0.9558500      52.67
   1171.12463    0.9636000      53.10
   1171.12622    0.9694900      53.43
   1171.12781    0.9737500      53.66
   1171.12939    0.9770900      53.84
   1171.13098    0.9800300      54.01
   1171.13257    0.9825300      54.14
   1171.13416    0.9845200      54.25
   1171.13574    0.9862200      54.35
   1171.13733    0.9878500      54.44
   1171.13892    0.9891900      54.51
   1171.14050    0.9900300      54.56
   1171.14209    0.9906200      54.59
   1171.14368    0.9914200      54.63
   1171.14526    0.9924000      54.69
   1171.14685    0.9930600      54.72
   1171.14844    0.9931900      54.73
   1171.15002    0.9931600      54.73
   1171.15161    0.9934500      54.74
   1171.15320    0.9940600      54.78
   1171.15479    0.9946300      54.81
   1171.15637    0.9949300      54.82
   1171.15796    0.9949800      54.83
   1171.15955    0.9947800      54.82
   1171.16101    0.9943600      54.79
   1171.16260    0.9939500      54.77
   1171.16418    0.9938300      54.76
   1171.16577    0.9940000      54.77
   1171.16736    0.9942100      54.78
   1171.16895    0.9943000      54.79
   1171.17053    0.9944000      54.79
   1171.17212    0.9945900      54.80
   1171.17371    0.9946300      54.81
   1171.17529    0.9943100      54.79
   1171.17688    0.9937300      54.76
   1171.17847    0.9931600      54.72
   1171.18005    0.9925200      54.69
   1171.18164    0.9914000      54.63
   1171.18323    0.9894800      54.52
   1171.18481    0.9868000      54.37
   1171.18640    0.9835400      54.19
   1171.18799    0.9796800      53.98
   1171.18958    0.9750600      53.73
   1171.19116    0.9695200      53.42
   1171.19275    0.9630200      53.06
   1171.19434    0.9556200      52.65
   1171.19592    0.9476300      52.21
   1171.19751    0.9397600      51.78
   1171.19910    0.9328500      51.40
   1171.20068    0.9275400      51.11
   1171.20227    0.9241700      50.92
   1171.20386    0.9230600      50.86
   1171.20544    0.9245400      50.94
   1171.20703    0.9286100      51.17
   1171.20862    0.9346500      51.50
   1171.21021    0.9417900      51.89
   1171.21179    0.9494600      52.31
   1171.21338    0.9573700      52.75
   1171.21497    0.9651800      53.18
   1171.21655    0.9722500      53.57
   1171.21814    0.9779900      53.89
   1171.21973    0.9822900      54.12
   1171.22131    0.9854300      54.29
   1171.22278    0.9876900      54.42
   1171.22437    0.9891000      54.50
   1171.22595    0.9897400      54.53
   1171.22754    0.9899200      54.54
   1171.22913    0.9899700      54.54
   1171.23071    0.9899800      54.54
   1171.23230    0.9897500      54.53
   1171.23389    0.9892000      54.50
   1171.23547    0.9885500      54.47
   1171.23706    0.9881200      54.44
   1171.23865    0.9880200      54.44
   1171.24023    0.9882200      54.45
   1171.24182    0.9887900      54.48
   1171.24341    0.9898100      54.53
   1171.24500    0.9911200      54.61
   1171.24658    0.9923100      54.67
   1171.24817    0.9930700      54.71
   1171.24976    0.9934800      54.74
   1171.25134    0.9938300      54.75
   1171.25293    0.9942300      54.78
   1171.25452    0.9946100      54.80
   1171.25610    0.9948600      54.81
   1171.25769    0.9949700      54.82
   1171.25928    0.9949100      54.81
   1171.26086    0.9946300      54.80
   1171.26245    0.9941200      54.77
   1171.26404    0.9934600      54.73
   1171.26562    0.9927100      54.69
   1171.26721    0.9920000      54.65
   1171.26880    0.9914900      54.62
   1171.27039    0.9912300      54.61
   1171.27197    0.9910400      54.60
   1171.27356    0.9907500      54.58
   1171.27515    0.9905900      54.57
   1171.27673    0.9909200      54.59
   1171.27832    0.9915900      54.63
   1171.27991    0.9919100      54.65
   1171.28149    0.9914900      54.62
   1171.28308    0.9908600      54.59
   1171.28467    0.9908500      54.59
   1171.28613    0.9914500      54.62
   1171.28772    0.9919700      54.65
   1171.28931    0.9920200      54.65
   1171.29089    0.9919400      54.65
   1171.29248    0.9919500      54.65
   1171.29407    0.9915000      54.62
   1171.29565    0.9900400      54.54
   1171.29724    0.9880300      54.43
   1171.29883    0.9866900      54.36
   1171.30042    0.9866500      54.35
   1171.30200    0.9873500      54.39
   1171.30359    0.9878200      54.42
   1171.30518    0.9875900      54.41
   1171.30676    0.9867500      54.36
   1171.30835    0.9855200      54.29
   1171.30994    0.9842500      54.22
   1171.31152    0.9835200      54.18
   1171.31311    0.9836700      54.19
   1171.31470    0.9844500      54.23
   1171.31628    0.9853400      54.28
   1171.31787    0.9863100      54.33
   1171.31946    0.9877400      54.41
   1171.32104    0.9895800      54.51
   1171.32263    0.9911800      54.60
   1171.32422    0.9919500      54.64
   1171.32581    0.9921700      54.66
   1171.32739    0.9925500      54.68
   1171.32898    0.9933600      54.72
   1171.33057    0.9942400      54.77
   1171.33215    0.9948400      54.80
   1171.33374    0.9952300      54.82
   1171.33533    0.9955800      54.84
   1171.33691    0.9958000      54.85
   1171.33850    0.9957400      54.85
   1171.34009    0.9955200      54.84
   1171.34167    0.9954700      54.84
   1171.34326    0.9956900      54.85
   1171.34485    0.9959700      54.86
   1171.34644    0.9961200      54.87
   1171.34802    0.9961700      54.87
   1171.34961    0.9962900      54.88
   1171.35120    0.9964200      54.89
   1171.35278    0.9962900      54.88
   1171.35425    0.9957300      54.85
   1171.35583    0.9949000      54.80
   1171.35742    0.9942600      54.77
   1171.35901    0.9941300      54.76
   1171.36060    0.9943800      54.77
   1171.36218    0.9945800      54.79
   1171.36377    0.9944900      54.78
   1171.36536    0.9943100      54.77
   1171.36694    0.9944100      54.78
   1171.36853    0.9948500      54.80
   1171.37012    0.9953800      54.83
   1171.37170    0.9957400      54.85
   1171.37329    0.9959100      54.86
   1171.37488    0.9959200      54.86
   1171.37646    0.9957700      54.85
   1171.37805    0.9954300      54.83
   1171.37964    0.9949400      54.80
   1171.38123    0.9942900      54.77
   1171.38281    0.9935000      54.72
   1171.38440    0.9926800      54.68
   1171.38599    0.9919900      54.64
   1171.38757    0.9912900      54.60
   1171.38916    0.9901400      54.54
   1171.39075    0.9883000      54.44
   1171.39233    0.9863100      54.33
   1171.39392    0.9851900      54.26
   1171.39551    0.9854600      54.28
   1171.39709    0.9866900      54.35
   1171.39868    0.9880000      54.42
   1171.40027    0.9887800      54.46
   1171.40186    0.9889100      54.47
   1171.40344    0.9885000      54.45
   1171.40503    0.9876300      54.40
   1171.40662    0.9863300      54.33
   1171.40820    0.9845900      54.23
   1171.40979    0.9825600      54.12
   1171.41138    0.9808100      54.02
   1171.41296    0.9801800      53.99
   1171.41455    0.9810800      54.04
   1171.41614    0.9829100      54.14
   1171.41772    0.9845200      54.23
   1171.41931    0.9853000      54.27
   1171.42090    0.9855300      54.28
   1171.42249    0.9856300      54.29
   1171.42407    0.9855100      54.28
   1171.42566    0.9847000      54.23
   1171.42712    0.9830500      54.14
   1171.42871    0.9807800      54.02
   1171.43030    0.9781300      53.87
   1171.43188    0.9749300      53.70
   1171.43347    0.9707300      53.46
   1171.43506    0.9650000      53.15
   1171.43665    0.9573000      52.72
   1171.43823    0.9469900      52.16
   1171.43982    0.9329000      51.38
   1171.44141    0.9136400      50.32
   1171.44299    0.8894400      48.99
   1171.44458    0.8646500      47.62
   1171.44617    0.8475700      46.68
   1171.44775    0.8458000      46.58
   1171.44934    0.8602300      47.38
   1171.45093    0.8838700      48.68
   1171.45251    0.9073700      49.97
   1171.45410    0.9256000      50.98
   1171.45569    0.9387300      51.70
   1171.45728    0.9482500      52.22
   1171.45886    0.9540700      52.54
   1171.46045    0.9556900      52.63
   1171.46204    0.9538900      52.53
   1171.46362    0.9492300      52.28
   1171.46521    0.9401900      51.78
   1171.46680    0.9254100      50.97
   1171.46838    0.9083700      50.03
   1171.46997    0.8974100      49.42
   1171.47156    0.8992900      49.53
   1171.47314    0.9129700      50.28
   1171.47473    0.9308300      51.26
   1171.47632    0.9456300      52.08
   1171.47791    0.9552600      52.61
   1171.47949    0.9615700      52.96
   1171.48108    0.9666500      53.24
   1171.48267    0.9710300      53.48
   1171.48425    0.9744200      53.66
   1171.48584    0.9765400      53.78
   1171.48743    0.9773700      53.82
   1171.48901    0.9773300      53.82
   1171.49060    0.9772900      53.82
   1171.49219    0.9779800      53.86
   1171.49377    0.9793300      53.93
   1171.49536    0.9806400      54.00
   1171.49695    0.9814600      54.05
   1171.49854    0.9818900      54.07
   1171.50012    0.9821400      54.09
   1171.50171    0.9822000      54.09
   1171.50330    0.9821100      54.08
   1171.50488    0.9820500      54.08
   1171.50635    0.9820800      54.08
   1171.50793    0.9819600      54.08
   1171.50952    0.9814900      54.05
   1171.51111    0.9808200      54.01
   1171.51270    0.9802500      53.98
   1171.51428    0.9800000      53.97
   1171.51587    0.9798500      53.96
   1171.51746    0.9793200      53.93
   1171.51904    0.9779900      53.86
   1171.52063    0.9760300      53.75
   1171.52222    0.9740800      53.64
   1171.52380    0.9724300      53.55
   1171.52539    0.9705300      53.44
   1171.52698    0.9675200      53.28
   1171.52856    0.9633000      53.05
   1171.53015    0.9583100      52.77
   1171.53174    0.9524700      52.45
   1171.53333    0.9451700      52.05
   1171.53491    0.9362800      51.56
   1171.53650    0.9262700      51.01
   1171.53809    0.9150100      50.39
   1171.53967    0.9013900      49.64
   1171.54126    0.8847900      48.72
   1171.54285    0.8657600      47.67
   1171.54443    0.8441600      46.48
   1171.54602    0.8177400      45.03
   1171.54761    0.7839100      43.17
   1171.54919    0.7409800      40.80
   1171.55078    0.6851200      37.73
   1171.55237    0.6085100      33.51
   1171.55396    0.5086000      28.01
   1171.55554    0.4036700      22.23
   1171.55713    0.3334700      18.36
   1171.55872    0.3339200      18.39
   1171.56030    0.4064600      22.38
   1171.56189    0.5155500      28.39
   1171.56348    0.6183400      34.05
   1171.56506    0.6945300      38.24
   1171.56665    0.7473100      41.15
   1171.56824    0.7837100      43.15
   1171.56982    0.8037300      44.26
   1171.57141    0.8068500      44.43
   1171.57300    0.7976800      43.92
   1171.57458    0.7788700      42.89
   1171.57617    0.7449300      41.02
   1171.57776    0.6924200      38.13
   1171.57935    0.6357600      35.01
   1171.58093    0.6039300      33.25
   1171.58252    0.6166300      33.95
   1171.58411    0.6665300      36.70
   1171.58569    0.7279700      40.08
   1171.58728    0.7803500      42.97
   1171.58887    0.8197900      45.14
   1171.59045    0.8514600      46.88
   1171.59204    0.8781300      48.35
   1171.59351    0.8988500      49.49
   1171.59509    0.9137800      50.31
   1171.59668    0.9254400      50.96
   1171.59827    0.9355500      51.51
   1171.59985    0.9436300      51.96
   1171.60144    0.9492600      52.27
   1171.60303    0.9535700      52.50
   1171.60461    0.9578100      52.74
   1171.60620    0.9619000      52.96
   1171.60779    0.9652200      53.14
   1171.60938    0.9678700      53.29
   1171.61096    0.9704400      53.43
   1171.61255    0.9729800      53.57
   1171.61414    0.9750600      53.69
   1171.61572    0.9765800      53.77
   1171.61731    0.9777300      53.83
   1171.61890    0.9785400      53.88
   1171.62048    0.9788300      53.89
   1171.62207    0.9787100      53.89
   1171.62366    0.9786100      53.88
   1171.62524    0.9788500      53.89
   1171.62683    0.9793400      53.92
   1171.62842    0.9799200      53.95
   1171.63000    0.9805800      53.99
   1171.63159    0.9813500      54.03
   1171.63318    0.9822000      54.08
   1171.63477    0.9831600      54.13
   1171.63635    0.9843900      54.20
   1171.63794    0.9858500      54.28
   1171.63953    0.9872500      54.35
   1171.64111    0.9882800      54.41
   1171.64270    0.9889200      54.45
   1171.64429    0.9893400      54.47
   1171.64587    0.9897500      54.49
   1171.64746    0.9902800      54.52
   1171.64905    0.9909700      54.56
   1171.65063    0.9916200      54.59
   1171.65222    0.9919600      54.61
   1171.65381    0.9919800      54.61
   1171.65540    0.9919600      54.61
   1171.65698    0.9921000      54.62
   1171.65857    0.9922700      54.63
   1171.66016    0.9922400      54.63
   1171.66174    0.9920700      54.62
   1171.66333    0.9920000      54.61
   1171.66492    0.9919900      54.61
   1171.66650    0.9918000      54.60
   1171.66809    0.9913600      54.58
   1171.66968    0.9909400      54.55
   1171.67126    0.9907500      54.54
   1171.67285    0.9906700      54.54
   1171.67444    0.9905400      54.53
   1171.67603    0.9904800      54.53
   1171.67761    0.9906300      54.54
   1171.67920    0.9908100      54.55
   1171.68079    0.9905900      54.53
   1171.68237    0.9899000      54.50
   1171.68396    0.9891500      54.45
   1171.68555    0.9886700      54.43
   1171.68713    0.9883400      54.41
   1171.68872    0.9879600      54.39
   1171.69031    0.9876600      54.37
   1171.69177    0.9877300      54.38
   1171.69336    0.9880900      54.40
   1171.69495    0.9882400      54.40
   1171.69653    0.9879000      54.38
   1171.69812    0.9873100      54.35
   1171.69971    0.9869100      54.33
   1171.70129    0.9867100      54.32
   1171.70288    0.9863500      54.30
   1171.70447    0.9855700      54.26
   1171.70605    0.9844200      54.19
   1171.70764    0.9830900      54.12
   1171.70923    0.9817600      54.05
   1171.71082    0.9806000      53.98
   1171.71240    0.9797500      53.93
   1171.71399    0.9791200      53.90
   1171.71558    0.9783000      53.85
   1171.71716    0.9767900      53.77
   1171.71875    0.9743800      53.64
   1171.72034    0.9712600      53.47
   1171.72192    0.9676000      53.26
   1171.72351    0.9633300      53.03
   1171.72510    0.9581100      52.74
   1171.72668    0.9518500      52.40
   1171.72827    0.9451200      52.03
   1171.72986    0.9391100      51.70
   1171.73145    0.9352400      51.48
   1171.73303    0.9344200      51.44
   1171.73462    0.9367400      51.56
   1171.73621    0.9415400      51.83
   1171.73779    0.9476400      52.16
   1171.73938    0.9537200      52.50
   1171.74097    0.9587600      52.78
   1171.74255    0.9624500      52.98
   1171.74414    0.9649600      53.12
   1171.74573    0.9664100      53.20
   1171.74731    0.9665600      53.20
   1171.74890    0.9652700      53.13
   1171.75049    0.9631200      53.02
   1171.75208    0.9613100      52.92
   1171.75366    0.9608200      52.89
   1171.75525    0.9617700      52.94
   1171.75684    0.9635300      53.04
   1171.75842    0.9653300      53.14
   1171.76001    0.9665600      53.20
   1171.76160    0.9669400      53.22
   1171.76318    0.9665400      53.20
   1171.76477    0.9657500      53.16
   1171.76636    0.9650300      53.12
   1171.76794    0.9647100      53.10
   1171.76953    0.9649300      53.11
   1171.77112    0.9657700      53.16
   1171.77271    0.9672600      53.24
   1171.77429    0.9692600      53.35
   1171.77588    0.9715400      53.48
   1171.77747    0.9738000      53.60
   1171.77905    0.9756500      53.70
   1171.78064    0.9767800      53.76
   1171.78223    0.9772900      53.79
   1171.78381    0.9779200      53.83
   1171.78540    0.9795500      53.92
   1171.78699    0.9823800      54.07
   1171.78857    0.9856000      54.25
   1171.79016    0.9881500      54.39
   1171.79175    0.9896800      54.47
   1171.79333    0.9906300      54.53
   1171.79492    0.9915200      54.57
   1171.79651    0.9924000      54.62
   1171.79810    0.9930200      54.66
   1171.79968    0.9933000      54.67
   1171.80127    0.9934700      54.68
   1171.80286    0.9937400      54.70
   1171.80444    0.9941000      54.72
   1171.80591    0.9943800      54.73
   1171.80750    0.9944500      54.73
   1171.80908    0.9942700      54.72
   1171.81067    0.9938600      54.70
   1171.81226    0.9933400      54.67
   1171.81384    0.9929100      54.65
   1171.81543    0.9927000      54.64
   1171.81702    0.9926400      54.63
   1171.81860    0.9925600      54.63
   1171.82019    0.9924100      54.62
   1171.82178    0.9922300      54.61
   1171.82336    0.9920300      54.60
   1171.82495    0.9917000      54.58
   1171.82654    0.9911100      54.55
   1171.82812    0.9902900      54.50
   1171.82971    0.9894800      54.46
   1171.83130    0.9888600      54.42
   1171.83289    0.9883800      54.40
   1171.83447    0.9878000      54.37
   1171.83606    0.9869700      54.32
   1171.83765    0.9859900      54.27
   1171.83923    0.9851300      54.22
   1171.84082    0.9844400      54.18
   1171.84241    0.9836700      54.14
   1171.84399    0.9826300      54.08
   1171.84558    0.9816300      54.02
   1171.84717    0.9812500      54.00
   1171.84875    0.9816900      54.03
   1171.85034    0.9825200      54.07
   1171.85193    0.9832400      54.11
   1171.85352    0.9838600      54.15
   1171.85510    0.9847600      54.20
   1171.85669    0.9859400      54.26
   1171.85828    0.9869600      54.32
   1171.85986    0.9875500      54.35
   1171.86145    0.9879800      54.37
   1171.86304    0.9886700      54.41
   1171.86462    0.9895000      54.46
   1171.86621    0.9900100      54.48
   1171.86780    0.9900400      54.49
   1171.86938    0.9899500      54.48
   1171.87097    0.9901800      54.49
   1171.87256    0.9907700      54.53
   1171.87415    0.9914000      54.56
   1171.87573    0.9917000      54.58
   1171.87732    0.9914900      54.56
   1171.87891    0.9909100      54.53
   1171.88049    0.9904000      54.50
   1171.88208    0.9903800      54.50
   1171.88367    0.9908000      54.53
   1171.88525    0.9911900      54.55
   1171.88684    0.9911900      54.55
   1171.88843    0.9909800      54.54
   1171.89001    0.9908500      54.53
   1171.89160    0.9906500      54.52
   1171.89319    0.9900600      54.48
   1171.89478    0.9891900      54.44
   1171.89636    0.9886700      54.41
   1171.89795    0.9889000      54.42
   1171.89954    0.9895400      54.45
   1171.90112    0.9899200      54.48
   1171.90271    0.9898100      54.47
   1171.90430    0.9894500      54.45
   1171.90588    0.9890700      54.43
   1171.90747    0.9886600      54.41
   1171.90906    0.9882300      54.38
   1171.91064    0.9879400      54.37
   1171.91223    0.9878600      54.36
   1171.91382    0.9878000      54.36
   1171.91541    0.9875400      54.34
   1171.91699    0.9870600      54.32
   1171.91858    0.9864400      54.28
   1171.92017    0.9857300      54.24
   1171.92175    0.9849500      54.20
   1171.92334    0.9842500      54.16
   1171.92493    0.9838000      54.14
   1171.92651    0.9836500      54.13
   1171.92810    0.9836600      54.13
   1171.92969    0.9836700      54.13
   1171.93127    0.9835000      54.12
   1171.93286    0.9830200      54.09
   1171.93445    0.9822900      54.05
   1171.93604    0.9816400      54.02
   1171.93762    0.9812300      53.99
   1171.93921    0.9807200      53.97
   1171.94080    0.9796200      53.90
   1171.94238    0.9779700      53.81
   1171.94397    0.9763300      53.72
   1171.94556    0.9748900      53.64
   1171.94714    0.9730000      53.54
   1171.94873    0.9700000      53.37
   1171.95032    0.9663000      53.17
   1171.95178    0.9632500      53.00
   1171.95337    0.9618700      52.93
   1171.95496    0.9620300      52.94
   1171.95654    0.9629100      52.98
   1171.95813    0.9637800      53.03
   1171.95972    0.9642300      53.06
   1171.96130    0.9640700      53.05
   1171.96289    0.9634500      53.01
   1171.96448    0.9628000      52.98
   1171.96606    0.9623900      52.95
   1171.96765    0.9619500      52.93
   1171.96924    0.9610100      52.88
   1171.97083    0.9595600      52.80
   1171.97241    0.9579400      52.71
   1171.97400    0.9563300      52.62
   1171.97559    0.9544600      52.52
   1171.97717    0.9521200      52.39
   1171.97876    0.9494500      52.24
   1171.98035    0.9466700      52.09
   1171.98193    0.9437000      51.92
   1171.98352    0.9403400      51.74
   1171.98511    0.9366300      51.54
   1171.98669    0.9326900      51.32
   1171.98828    0.9284200      51.08
   1171.98987    0.9235300      50.81
   1171.99146    0.9178800      50.50
   1171.99304    0.9116700      50.16
   1171.99463    0.9052700      49.81
   1171.99622    0.8989700      49.46
   1171.99780    0.8927900      49.12
   1171.99939    0.8864900      48.78
   1172.00098    0.8796400      48.40
   1172.00256    0.8718800      47.97
   1172.00415    0.8630600      47.49
   1172.00574    0.8530900      46.94
   1172.00732    0.8416900      46.31
   1172.00891    0.8284000      45.58
   1172.01050    0.8129400      44.73
   1172.01208    0.7952100      43.75
   1172.01367    0.7750300      42.64
   1172.01526    0.7519500      41.37
   1172.01685    0.7253400      39.91
   1172.01843    0.6945500      38.21
   1172.02002    0.6588200      36.25
   1172.02161    0.6173400      33.97
   1172.02319    0.5696000      31.34
   1172.02478    0.5154200      28.36
   1172.02637    0.4549100      25.03
   1172.02795    0.3886500      21.38
   1172.02954    0.3186400      17.53
   1172.03113    0.2489200      13.69
   1172.03271    0.1850200      10.18
   1172.03430    0.1321900       7.27
   1172.03589    0.0940500       5.17
   1172.03748    0.0722300       3.97
   1172.03906    0.0669700       3.68
   1172.04065    0.0779600       4.29
   1172.04224    0.1048800       5.77
   1172.04382    0.1471500       8.10
   1172.04541    0.2029600      11.17
   1172.04700    0.2683200      14.76
   1172.04858    0.3376900      18.58
   1172.05017    0.4059900      22.34
   1172.05176    0.4701200      25.86
   1172.05334    0.5288600      29.10
   1172.05493    0.5816000      32.00
   1172.05652    0.6278800      34.54
   1172.05811    0.6677500      36.74
   1172.05969    0.7020400      38.62
   1172.06128    0.7318400      40.26
   1172.06287    0.7579200      41.70
   1172.06445    0.7807700      42.95
   1172.06604    0.8009300      44.06
   1172.06763    0.8188500      45.05
   1172.06921    0.8346500      45.92
   1172.07080    0.8483500      46.67
   1172.07239    0.8602700      47.33
   1172.07397    0.8710700      47.92
   1172.07556    0.8811600      48.48
   1172.07715    0.8903700      48.98
   1172.07874    0.8983900      49.42
   1172.08032    0.9052900      49.80
   1172.08191    0.9115000      50.14
   1172.08350    0.9172700      50.46
   1172.08508    0.9225100      50.75
   1172.08667    0.9271400      51.00
   1172.08826    0.9313400      51.23
   1172.08984    0.9353000      51.45
   1172.09143    0.9389300      51.65
   1172.09302    0.9419800      51.82
   1172.09460    0.9444300      51.95
   1172.09619    0.9465400      52.07
   1172.09778    0.9485600      52.18
   1172.09937    0.9504900      52.29
