   1176.00000    0.9953600      54.37
   1176.00159    0.9958700      54.40
   1176.00317    0.9959000      54.40
   1176.00476    0.9956700      54.39
   1176.00635    0.9956900      54.39
   1176.00806    0.9960300      54.41
   1176.00964    0.9964100      54.43
   1176.01123    0.9966200      54.44
   1176.01282    0.9966600      54.44
   1176.01440    0.9966600      54.44
   1176.01599    0.9967900      54.45
   1176.01758    0.9971200      54.47
   1176.01917    0.9975000      54.49
   1176.02075    0.9975600      54.49
   1176.02234    0.9971800      54.47
   1176.02393    0.9966800      54.44
   1176.02551    0.9964500      54.43
   1176.02710    0.9964200      54.43
   1176.02881    0.9962400      54.42
   1176.03040    0.9958700      54.40
   1176.03198    0.9956600      54.39
   1176.03357    0.9958400      54.40
   1176.03516    0.9962500      54.42
   1176.03674    0.9965100      54.43
   1176.03833    0.9964700      54.43
   1176.03992    0.9962200      54.42
   1176.04150    0.9960500      54.41
   1176.04309    0.9962300      54.42
   1176.04468    0.9967300      54.44
   1176.04626    0.9971600      54.47
   1176.04797    0.9971600      54.47
   1176.04956    0.9968600      54.45
   1176.05115    0.9966600      54.44
   1176.05273    0.9965800      54.44
   1176.05432    0.9962600      54.42
   1176.05591    0.9955600      54.38
   1176.05750    0.9948700      54.34
   1176.05908    0.9945900      54.33
   1176.06067    0.9944900      54.32
   1176.06226    0.9941500      54.30
   1176.06384    0.9936200      54.27
   1176.06543    0.9932400      54.25
   1176.06714    0.9929900      54.24
   1176.06873    0.9923500      54.20
   1176.07031    0.9910900      54.13
   1176.07190    0.9896300      54.05
   1176.07349    0.9883500      53.98
   1176.07507    0.9871300      53.92
   1176.07666    0.9857500      53.84
   1176.07825    0.9846500      53.78
   1176.07983    0.9846000      53.78
   1176.08142    0.9857800      53.84
   1176.08301    0.9874600      53.93
   1176.08459    0.9888200      54.01
   1176.08630    0.9897200      54.06
   1176.08789    0.9905300      54.10
   1176.08948    0.9914300      54.15
   1176.09106    0.9921600      54.19
   1176.09265    0.9924600      54.21
   1176.09424    0.9924900      54.21
   1176.09583    0.9927100      54.22
   1176.09741    0.9933300      54.25
   1176.09900    0.9941200      54.30
   1176.10059    0.9946800      54.33
   1176.10217    0.9948600      54.34
   1176.10376    0.9947800      54.33
   1176.10547    0.9945900      54.32
   1176.10706    0.9943200      54.31
   1176.10864    0.9939900      54.29
   1176.11023    0.9937900      54.28
   1176.11182    0.9938300      54.28
   1176.11340    0.9938800      54.28
   1176.11499    0.9935200      54.26
   1176.11658    0.9926900      54.22
   1176.11816    0.9919400      54.18
   1176.11975    0.9919200      54.17
   1176.12134    0.9927200      54.22
   1176.12292    0.9937900      54.28
   1176.12463    0.9945500      54.32
   1176.12622    0.9949500      54.34
   1176.12781    0.9952900      54.36
   1176.12939    0.9957000      54.38
   1176.13098    0.9960500      54.40
   1176.13257    0.9962200      54.41
   1176.13416    0.9964000      54.42
   1176.13574    0.9967500      54.44
   1176.13733    0.9971000      54.46
   1176.13892    0.9971100      54.46
   1176.14050    0.9968000      54.44
   1176.14209    0.9966600      54.43
   1176.14380    0.9970800      54.45
   1176.14539    0.9979000      54.50
   1176.14697    0.9985100      54.53
   1176.14856    0.9984700      54.53
   1176.15015    0.9978900      54.50
   1176.15173    0.9972100      54.46
   1176.15332    0.9968300      54.44
   1176.15491    0.9969400      54.45
   1176.15649    0.9973600      54.47
   1176.15808    0.9976500      54.48
   1176.15967    0.9974800      54.47
   1176.16125    0.9969500      54.45
   1176.16296    0.9966000      54.43
   1176.16455    0.9967500      54.43
   1176.16614    0.9971900      54.46
   1176.16772    0.9974500      54.47
   1176.16931    0.9973800      54.47
   1176.17090    0.9972700      54.46
   1176.17249    0.9973800      54.47
   1176.17407    0.9976700      54.48
   1176.17566    0.9978500      54.49
   1176.17725    0.9978000      54.49
   1176.17883    0.9976100      54.48
   1176.18042    0.9974700      54.47
   1176.18213    0.9974800      54.47
   1176.18372    0.9975500      54.48
   1176.18530    0.9975600      54.48
   1176.18689    0.9974600      54.47
   1176.18848    0.9973700      54.47
   1176.19006    0.9974600      54.47
   1176.19165    0.9976800      54.48
   1176.19324    0.9978500      54.49
   1176.19482    0.9978500      54.49
   1176.19641    0.9977100      54.48
   1176.19800    0.9974700      54.47
   1176.19958    0.9970900      54.45
   1176.20129    0.9966200      54.42
   1176.20288    0.9962300      54.40
   1176.20447    0.9960800      54.39
   1176.20605    0.9959800      54.39
   1176.20764    0.9956000      54.37
   1176.20923    0.9949500      54.33
   1176.21082    0.9944700      54.31
   1176.21240    0.9945000      54.31
   1176.21399    0.9948900      54.33
   1176.21558    0.9951300      54.34
   1176.21716    0.9949400      54.33
   1176.21875    0.9944100      54.30
   1176.22046    0.9937700      54.27
   1176.22205    0.9931800      54.23
   1176.22363    0.9926700      54.21
   1176.22522    0.9922600      54.18
   1176.22681    0.9919600      54.17
   1176.22839    0.9917900      54.16
   1176.22998    0.9918400      54.16
   1176.23157    0.9921900      54.18
   1176.23315    0.9927600      54.21
   1176.23474    0.9932500      54.24
   1176.23633    0.9934400      54.25
   1176.23804    0.9934100      54.24
   1176.23962    0.9934100      54.24
   1176.24121    0.9935700      54.25
   1176.24280    0.9937800      54.26
   1176.24438    0.9938900      54.27
   1176.24597    0.9938800      54.27
   1176.24756    0.9937700      54.26
   1176.24915    0.9935300      54.25
   1176.25073    0.9932000      54.23
   1176.25232    0.9929500      54.22
   1176.25391    0.9929500      54.22
   1176.25549    0.9931400      54.23
   1176.25720    0.9932900      54.24
   1176.25879    0.9932100      54.23
   1176.26038    0.9929200      54.22
   1176.26196    0.9925200      54.19
   1176.26355    0.9921600      54.17
   1176.26514    0.9919900      54.16
   1176.26672    0.9920300      54.17
   1176.26831    0.9919400      54.16
   1176.26990    0.9912600      54.12
   1176.27148    0.9899400      54.05
   1176.27307    0.9885300      53.97
   1176.27466    0.9874700      53.92
   1176.27637    0.9864100      53.86
   1176.27795    0.9845600      53.76
   1176.27954    0.9817300      53.60
   1176.28113    0.9788200      53.44
   1176.28271    0.9769700      53.34
   1176.28430    0.9764500      53.31
   1176.28589    0.9765700      53.32
   1176.28748    0.9764700      53.31
   1176.28906    0.9756600      53.27
   1176.29065    0.9738800      53.17
   1176.29224    0.9709000      53.01
   1176.29395    0.9665500      52.77
   1176.29553    0.9608900      52.46
   1176.29712    0.9543200      52.10
   1176.29871    0.9476500      51.74
   1176.30029    0.9422500      51.45
   1176.30188    0.9395400      51.30
   1176.30347    0.9400200      51.32
   1176.30505    0.9427300      51.47
   1176.30664    0.9460200      51.65
   1176.30823    0.9488400      51.80
   1176.30981    0.9511400      51.93
   1176.31152    0.9530300      52.03
   1176.31311    0.9540200      52.09
   1176.31470    0.9533800      52.05
   1176.31628    0.9509800      51.92
   1176.31787    0.9473300      51.72
   1176.31946    0.9428000      51.47
   1176.32104    0.9372000      51.17
   1176.32263    0.9300500      50.78
   1176.32422    0.9210400      50.29
   1176.32581    0.9099300      49.68
   1176.32739    0.8961700      48.93
   1176.32898    0.8791000      47.99
   1176.33069    0.8583000      46.86
   1176.33228    0.8337000      45.52
   1176.33386    0.8054600      43.97
   1176.33545    0.7746900      42.29
   1176.33704    0.7447100      40.66
   1176.33862    0.7211700      39.37
   1176.34021    0.7097600      38.75
   1176.34180    0.7131200      38.93
   1176.34338    0.7294900      39.83
   1176.34497    0.7542600      41.18
   1176.34656    0.7826000      42.73
   1176.34827    0.8109900      44.27
   1176.34985    0.8373100      45.71
   1176.35144    0.8604200      46.97
   1176.35303    0.8800700      48.05
   1176.35461    0.8966300      48.95
   1176.35620    0.9106100      49.71
   1176.35779    0.9222800      50.35
   1176.35938    0.9317800      50.87
   1176.36096    0.9393500      51.28
   1176.36255    0.9453800      51.61
   1176.36414    0.9501600      51.87
   1176.36584    0.9538400      52.07
   1176.36743    0.9564800      52.22
   1176.36902    0.9580400      52.30
   1176.37061    0.9585200      52.33
   1176.37219    0.9581700      52.31
   1176.37378    0.9577200      52.28
   1176.37537    0.9580900      52.30
   1176.37695    0.9599100      52.40
   1176.37854    0.9631900      52.58
   1176.38013    0.9673500      52.81
   1176.38171    0.9715700      53.04
   1176.38330    0.9752200      53.24
   1176.38501    0.9781300      53.40
   1176.38660    0.9805100      53.53
   1176.38818    0.9825900      53.64
   1176.38977    0.9843400      53.73
   1176.39136    0.9855300      53.80
   1176.39294    0.9861400      53.83
   1176.39453    0.9864400      53.85
   1176.39612    0.9867700      53.87
   1176.39771    0.9873000      53.90
   1176.39929    0.9879200      53.93
   1176.40088    0.9884800      53.96
   1176.40259    0.9889100      53.98
   1176.40417    0.9893400      54.01
   1176.40576    0.9899600      54.04
   1176.40735    0.9906700      54.08
   1176.40894    0.9910900      54.10
   1176.41052    0.9909700      54.09
   1176.41211    0.9906000      54.07
   1176.41370    0.9905500      54.07
   1176.41528    0.9908500      54.09
   1176.41687    0.9908000      54.08
   1176.41846    0.9898800      54.03
   1176.42017    0.9886000      53.96
   1176.42175    0.9880700      53.94
   1176.42334    0.9887500      53.97
   1176.42493    0.9899600      54.04
   1176.42651    0.9907200      54.08
   1176.42810    0.9907700      54.08
   1176.42969    0.9905400      54.07
   1176.43127    0.9905200      54.07
   1176.43286    0.9908100      54.08
   1176.43445    0.9912800      54.11
   1176.43604    0.9918100      54.14
   1176.43774    0.9923200      54.17
   1176.43933    0.9928100      54.19
   1176.44092    0.9933500      54.22
   1176.44250    0.9939100      54.25
   1176.44409    0.9942700      54.27
   1176.44568    0.9942900      54.27
   1176.44727    0.9941300      54.26
   1176.44885    0.9941100      54.26
   1176.45044    0.9943300      54.27
   1176.45203    0.9945400      54.29
   1176.45361    0.9946000      54.29
   1176.45532    0.9946300      54.29
   1176.45691    0.9947400      54.30
   1176.45850    0.9948300      54.30
   1176.46008    0.9948300      54.30
   1176.46167    0.9948900      54.30
   1176.46326    0.9951200      54.32
   1176.46484    0.9952300      54.32
   1176.46643    0.9948500      54.30
   1176.46802    0.9941300      54.26
   1176.46960    0.9936400      54.23
   1176.47119    0.9936500      54.23
   1176.47290    0.9938400      54.25
   1176.47449    0.9939100      54.25
   1176.47607    0.9940900      54.26
   1176.47766    0.9946100      54.29
   1176.47925    0.9950400      54.31
   1176.48083    0.9946200      54.29
   1176.48242    0.9933800      54.22
   1176.48401    0.9923900      54.16
   1176.48560    0.9926000      54.18
   1176.48718    0.9938200      54.24
   1176.48877    0.9950900      54.31
   1176.49048    0.9958600      54.35
   1176.49207    0.9962500      54.37
   1176.49365    0.9963200      54.38
   1176.49524    0.9957300      54.35
   1176.49683    0.9944000      54.27
   1176.49841    0.9929800      54.20
   1176.50000    0.9923300      54.16
   1176.50159    0.9925200      54.17
   1176.50317    0.9929300      54.19
   1176.50476    0.9931700      54.21
   1176.50635    0.9934600      54.22
   1176.50806    0.9941000      54.26
   1176.50964    0.9948600      54.30
   1176.51123    0.9953200      54.32
   1176.51282    0.9954600      54.33
   1176.51440    0.9956600      54.34
   1176.51599    0.9960500      54.36
   1176.51758    0.9963800      54.38
   1176.51917    0.9964300      54.38
   1176.52075    0.9963200      54.38
   1176.52234    0.9962500      54.37
   1176.52393    0.9961600      54.37
   1176.52563    0.9958900      54.35
   1176.52722    0.9954500      54.33
   1176.52881    0.9950500      54.31
   1176.53040    0.9947400      54.29
   1176.53198    0.9943700      54.27
   1176.53357    0.9938800      54.24
   1176.53516    0.9933600      54.21
   1176.53674    0.9929200      54.19
   1176.53833    0.9925000      54.17
   1176.53992    0.9920300      54.14
   1176.54150    0.9916200      54.12
   1176.54321    0.9914400      54.11
   1176.54480    0.9916100      54.12
   1176.54639    0.9920200      54.14
   1176.54797    0.9925300      54.17
   1176.54956    0.9929300      54.19
   1176.55115    0.9931000      54.20
   1176.55273    0.9931000      54.20
   1176.55432    0.9931800      54.20
   1176.55591    0.9936200      54.23
   1176.55750    0.9943100      54.26
   1176.55920    0.9949200      54.30
   1176.56079    0.9951700      54.31
   1176.56238    0.9951800      54.31
   1176.56396    0.9952300      54.31
   1176.56555    0.9954400      54.32
   1176.56714    0.9957500      54.34
   1176.56873    0.9960000      54.35
   1176.57031    0.9960000      54.35
   1176.57190    0.9955700      54.33
   1176.57349    0.9947400      54.28
   1176.57507    0.9937500      54.23
   1176.57678    0.9926700      54.17
   1176.57837    0.9910900      54.08
   1176.57996    0.9884600      53.94
   1176.58154    0.9848400      53.74
   1176.58313    0.9808300      53.52
   1176.58472    0.9767200      53.30
   1176.58630    0.9721100      53.05
   1176.58789    0.9666600      52.75
   1176.58948    0.9609100      52.44
   1176.59106    0.9558100      52.16
   1176.59265    0.9518100      51.94
   1176.59436    0.9488600      51.78
   1176.59595    0.9472100      51.69
   1176.59753    0.9475600      51.71
   1176.59912    0.9501000      51.85
   1176.60071    0.9540900      52.06
   1176.60229    0.9585800      52.31
   1176.60388    0.9633600      52.57
   1176.60547    0.9685700      52.85
   1176.60706    0.9739400      53.15
   1176.60864    0.9788500      53.41
   1176.61035    0.9829700      53.64
   1176.61194    0.9864200      53.83
   1176.61353    0.9892500      53.98
   1176.61511    0.9913100      54.09
   1176.61670    0.9927000      54.17
   1176.61829    0.9937600      54.23
   1176.61987    0.9945900      54.27
   1176.62146    0.9949800      54.29
   1176.62305    0.9950300      54.30
   1176.62463    0.9952100      54.31
   1176.62622    0.9956300      54.33
   1176.62793    0.9957800      54.34
   1176.62952    0.9953200      54.31
   1176.63110    0.9948400      54.28
   1176.63269    0.9951100      54.30
   1176.63428    0.9958800      54.34
   1176.63586    0.9961500      54.36
   1176.63745    0.9955900      54.32
   1176.63904    0.9948300      54.28
   1176.64062    0.9944600      54.26
   1176.64221    0.9941700      54.25
   1176.64380    0.9934400      54.21
   1176.64551    0.9923600      54.15
   1176.64709    0.9914000      54.10
   1176.64868    0.9906300      54.05
   1176.65027    0.9899000      54.01
   1176.65186    0.9893900      53.99
   1176.65344    0.9895700      53.99
   1176.65503    0.9904500      54.04
   1176.65662    0.9914200      54.10
   1176.65820    0.9919700      54.13
   1176.65979    0.9921800      54.14
   1176.66150    0.9924300      54.15
   1176.66309    0.9928000      54.17
   1176.66467    0.9930300      54.18
   1176.66626    0.9929000      54.18
   1176.66785    0.9923600      54.15
   1176.66943    0.9914700      54.10
   1176.67102    0.9904200      54.04
   1176.67261    0.9893900      53.98
   1176.67419    0.9884900      53.93
   1176.67578    0.9877900      53.90
   1176.67737    0.9875100      53.88
   1176.67908    0.9880000      53.91
   1176.68066    0.9892200      53.97
   1176.68225    0.9906600      54.05
   1176.68384    0.9918000      54.11
   1176.68542    0.9926400      54.16
   1176.68701    0.9934200      54.20
   1176.68860    0.9941200      54.24
   1176.69019    0.9945100      54.26
   1176.69177    0.9946500      54.27
   1176.69336    0.9948300      54.28
   1176.69507    0.9951300      54.29
   1176.69666    0.9952900      54.30
   1176.69824    0.9952200      54.30
   1176.69983    0.9951000      54.29
   1176.70142    0.9950200      54.29
   1176.70300    0.9948100      54.28
   1176.70459    0.9944100      54.25
   1176.70618    0.9940900      54.24
   1176.70776    0.9939900      54.23
   1176.70935    0.9937600      54.22
   1176.71106    0.9930200      54.18
   1176.71265    0.9920100      54.12
   1176.71423    0.9913500      54.09
   1176.71582    0.9912800      54.08
   1176.71741    0.9914500      54.09
   1176.71899    0.9914600      54.09
   1176.72058    0.9911500      54.07
   1176.72217    0.9904200      54.03
   1176.72375    0.9892200      53.97
   1176.72534    0.9877500      53.89
   1176.72693    0.9863800      53.81
   1176.72864    0.9852100      53.75
   1176.73022    0.9838600      53.68
   1176.73181    0.9819400      53.57
   1176.73340    0.9793900      53.43
   1176.73499    0.9763700      53.27
   1176.73657    0.9729600      53.08
   1176.73816    0.9692300      52.88
   1176.73975    0.9654600      52.67
   1176.74133    0.9620600      52.49
   1176.74292    0.9592500      52.33
   1176.74463    0.9569400      52.21
   1176.74622    0.9548000      52.09
   1176.74780    0.9525800      51.97
   1176.74939    0.9502700      51.84
   1176.75098    0.9479900      51.72
   1176.75256    0.9457000      51.59
   1176.75415    0.9430900      51.45
   1176.75574    0.9402100      51.29
   1176.75732    0.9378100      51.16
   1176.75891    0.9366100      51.10
   1176.76062    0.9366100      51.10
   1176.76221    0.9373400      51.13
   1176.76379    0.9388500      51.22
   1176.76538    0.9415400      51.36
   1176.76697    0.9451700      51.56
   1176.76855    0.9489200      51.77
   1176.77014    0.9524600      51.96
   1176.77173    0.9561900      52.16
   1176.77332    0.9600100      52.37
   1176.77490    0.9631400      52.54
   1176.77649    0.9653200      52.66
   1176.77820    0.9672700      52.77
   1176.77979    0.9691300      52.87
   1176.78137    0.9697700      52.90
   1176.78296    0.9685500      52.84
   1176.78455    0.9665200      52.72
   1176.78613    0.9645600      52.62
   1176.78772    0.9615300      52.45
   1176.78931    0.9560200      52.15
   1176.79089    0.9487900      51.76
   1176.79248    0.9415300      51.36
   1176.79419    0.9343400      50.97
   1176.79578    0.9271000      50.57
   1176.79736    0.9223000      50.31
   1176.79895    0.9231900      50.36
   1176.80054    0.9290400      50.68
   1176.80212    0.9358400      51.05
   1176.80371    0.9419600      51.38
   1176.80530    0.9493000      51.78
   1176.80688    0.9577500      52.24
   1176.80847    0.9636400      52.57
   1176.81018    0.9658000      52.68
   1176.81177    0.9683000      52.82
   1176.81335    0.9734200      53.10
   1176.81494    0.9769300      53.29
   1176.81653    0.9754400      53.21
   1176.81812    0.9734200      53.10
   1176.81970    0.9755300      53.21
   1176.82129    0.9764400      53.26
   1176.82288    0.9683500      52.82
   1176.82446    0.9555400      52.12
   1176.82617    0.9466200      51.64
   1176.82776    0.9307400      50.77
   1176.82935    0.8805400      48.03
   1176.83093    0.7926400      43.24
   1176.83252    0.7129400      38.89
   1176.83411    0.7003300      38.20
   1176.83569    0.7647800      41.72
   1176.83728    0.8568800      46.74
   1176.83887    0.9214900      50.26
   1176.84045    0.9472200      51.67
   1176.84216    0.9574700      52.23
   1176.84375    0.9697900      52.90
   1176.84534    0.9805100      53.48
   1176.84692    0.9827600      53.60
   1176.84851    0.9810100      53.51
   1176.85010    0.9828300      53.61
   1176.85168    0.9874300      53.86
   1176.85327    0.9892300      53.96
   1176.85486    0.9874200      53.86
   1176.85645    0.9862400      53.79
   1176.85815    0.9878000      53.88
   1176.85974    0.9894100      53.97
   1176.86133    0.9878800      53.88
   1176.86292    0.9839000      53.67
   1176.86450    0.9807500      53.49
   1176.86609    0.9784400      53.37
   1176.86768    0.9702100      52.92
   1176.86926    0.9482000      51.72
   1176.87085    0.9156100      49.94
   1176.87244    0.8906000      48.58
   1176.87415    0.8918000      48.64
   1176.87573    0.9187800      50.11
   1176.87732    0.9515500      51.90
   1176.87891    0.9713100      52.98
   1176.88049    0.9771600      53.30
   1176.88208    0.9797100      53.43
   1176.88367    0.9844800      53.69
   1176.88525    0.9880300      53.89
   1176.88684    0.9876300      53.87
   1176.88843    0.9863300      53.80
   1176.89014    0.9872000      53.84
   1176.89172    0.9885700      53.92
   1176.89331    0.9878600      53.88
   1176.89490    0.9861900      53.79
   1176.89648    0.9859700      53.77
   1176.89807    0.9867600      53.82
   1176.89966    0.9865400      53.81
   1176.90125    0.9854500      53.75
   1176.90283    0.9852400      53.73
   1176.90442    0.9860000      53.78
   1176.90613    0.9862100      53.79
   1176.90771    0.9855300      53.75
   1176.90930    0.9852300      53.73
   1176.91089    0.9857700      53.76
   1176.91248    0.9861400      53.78
   1176.91406    0.9858000      53.76
   1176.91565    0.9855900      53.75
   1176.91724    0.9860300      53.78
   1176.91882    0.9864100      53.80
   1176.92041    0.9861100      53.78
   1176.92212    0.9856200      53.75
   1176.92371    0.9855100      53.75
   1176.92529    0.9853600      53.74
   1176.92688    0.9845800      53.70
   1176.92847    0.9834900      53.64
   1176.93005    0.9827300      53.59
   1176.93164    0.9822100      53.57
   1176.93323    0.9812800      53.52
   1176.93481    0.9797500      53.43
   1176.93640    0.9779200      53.33
   1176.93811    0.9758800      53.22
   1176.93970    0.9733800      53.08
   1176.94128    0.9703800      52.92
   1176.94287    0.9670700      52.74
   1176.94446    0.9633800      52.54
   1176.94604    0.9588800      52.29
   1176.94763    0.9532900      51.99
   1176.94922    0.9466000      51.62
   1176.95081    0.9387100      51.19
   1176.95239    0.9292900      50.68
   1176.95410    0.9180600      50.07
   1176.95569    0.9050200      49.35
   1176.95728    0.8904600      48.56
   1176.95886    0.8749600      47.72
   1176.96045    0.8596300      46.88
   1176.96204    0.8459200      46.13
   1176.96362    0.8352100      45.55
   1176.96521    0.8284500      45.18
   1176.96680    0.8261800      45.05
   1176.96851    0.8286000      45.19
   1176.97009    0.8353000      45.55
   1176.97168    0.8453400      46.10
   1176.97327    0.8575800      46.77
   1176.97485    0.8709600      47.50
   1176.97644    0.8843600      48.23
   1176.97803    0.8965000      48.89
   1176.97961    0.9063800      49.43
   1176.98120    0.9137900      49.83
   1176.98279    0.9190900      50.12
   1176.98450    0.9225000      50.31
   1176.98608    0.9238200      50.38
   1176.98767    0.9230000      50.33
   1176.98926    0.9206800      50.21
   1176.99084    0.9178900      50.05
   1176.99243    0.9153600      49.92
   1176.99402    0.9134500      49.81
   1176.99561    0.9127400      49.77
   1176.99719    0.9140400      49.84
   1176.99878    0.9177400      50.04
   1177.00049    0.9232900      50.35
   1177.00208    0.9296800      50.70
   1177.00366    0.9364300      51.06
   1177.00525    0.9437100      51.46
   1177.00684    0.9514800      51.88
   1177.00842    0.9589500      52.29
   1177.01001    0.9651300      52.63
   1177.01160    0.9696900      52.88
   1177.01318    0.9730800      53.06
   1177.01477    0.9757500      53.21
   1177.01648    0.9777900      53.32
   1177.01807    0.9791000      53.39
   1177.01965    0.9798300      53.43
   1177.02124    0.9802700      53.45
   1177.02283    0.9804400      53.46
   1177.02441    0.9801000      53.44
   1177.02600    0.9791600      53.39
   1177.02759    0.9778300      53.32
   1177.02917    0.9764000      53.24
   1177.03088    0.9748200      53.15
   1177.03247    0.9727500      53.04
   1177.03406    0.9699900      52.89
   1177.03564    0.9666900      52.71
   1177.03723    0.9630600      52.51
   1177.03882    0.9590500      52.29
   1177.04041    0.9545000      52.05
   1177.04199    0.9499100      51.79
   1177.04358    0.9465700      51.61
   1177.04517    0.9457000      51.56
   1177.04688    0.9473600      51.66
   1177.04846    0.9503500      51.82
   1177.05005    0.9532600      51.98
   1177.05164    0.9554700      52.10
   1177.05322    0.9570800      52.18
   1177.05481    0.9582400      52.25
   1177.05640    0.9588500      52.28
   1177.05798    0.9588100      52.28
   1177.05957    0.9582900      52.25
   1177.06116    0.9575500      52.21
   1177.06287    0.9566100      52.16
   1177.06445    0.9554800      52.10
   1177.06604    0.9543000      52.03
   1177.06763    0.9532100      51.97
   1177.06921    0.9521200      51.91
   1177.07080    0.9508200      51.84
   1177.07239    0.9492700      51.76
   1177.07397    0.9476100      51.67
   1177.07556    0.9457200      51.56
   1177.07727    0.9431400      51.42
   1177.07886    0.9394900      51.22
   1177.08044    0.9348500      50.97
   1177.08203    0.9296500      50.69
   1177.08362    0.9241000      50.38
   1177.08521    0.9180200      50.05
   1177.08679    0.9111000      49.67
   1177.08838    0.9030000      49.23
   1177.08997    0.8933200      48.70
   1177.09155    0.8816700      48.07
   1177.09326    0.8677800      47.31
   1177.09485    0.8513400      46.42
   1177.09644    0.8315500      45.34
   1177.09802    0.8070200      44.00
   1177.09961    0.7761500      42.32
   1177.10120    0.7377100      40.22
   1177.10278    0.6909300      37.67
   1177.10437    0.6352000      34.63
   1177.10596    0.5704700      31.10
   1177.10767    0.4990900      27.21
   1177.10925    0.4280000      23.33
   1177.11084    0.3690900      20.12
   1177.11243    0.3357600      18.31
   1177.11401    0.3366900      18.36
   1177.11560    0.3711500      20.23
   1177.11719    0.4295700      23.42
   1177.11877    0.4990700      27.21
   1177.12036    0.5691300      31.03
   1177.12195    0.6337100      34.55
   1177.12366    0.6899400      37.61
   1177.12524    0.7366600      40.16
   1177.12683    0.7742300      42.21
   1177.12842    0.8043600      43.85
   1177.13000    0.8289600      45.19
   1177.13159    0.8490600      46.29
   1177.13318    0.8650300      47.16
   1177.13477    0.8775600      47.84
   1177.13635    0.8877600      48.40
   1177.13806    0.8964500      48.87
   1177.13965    0.9038300      49.27
   1177.14124    0.9099300      49.61
   1177.14282    0.9151300      49.89
   1177.14441    0.9198300      50.15
   1177.14600    0.9240300      50.37
   1177.14758    0.9274900      50.56
   1177.14917    0.9302500      50.71
   1177.15076    0.9326100      50.84
   1177.15234    0.9347400      50.96
   1177.15405    0.9364300      51.05
   1177.15564    0.9374600      51.11
   1177.15723    0.9379600      51.13
   1177.15881    0.9382400      51.15
   1177.16040    0.9384100      51.16
   1177.16199    0.9381500      51.14
   1177.16357    0.9369900      51.08
   1177.16516    0.9346800      50.95
   1177.16675    0.9313300      50.77
   1177.16846    0.9271500      50.54
   1177.17004    0.9221900      50.27
   1177.17163    0.9162800      49.95
   1177.17322    0.9092900      49.57
   1177.17480    0.9015200      49.14
   1177.17639    0.8939400      48.73
   1177.17798    0.8880200      48.41
   1177.17957    0.8851200      48.25
   1177.18115    0.8857800      48.29
   1177.18286    0.8895100      48.49
   1177.18445    0.8952100      48.80
   1177.18604    0.9017600      49.16
   1177.18762    0.9084600      49.52
   1177.18921    0.9148200      49.87
   1177.19080    0.9205300      50.18
   1177.19238    0.9254100      50.45
   1177.19397    0.9294800      50.67
   1177.19556    0.9327600      50.85
   1177.19714    0.9351400      50.98
   1177.19885    0.9365900      51.05
   1177.20044    0.9373800      51.10
   1177.20203    0.9378000      51.12
   1177.20361    0.9378300      51.12
   1177.20520    0.9372400      51.09
   1177.20679    0.9360400      51.02
   1177.20837    0.9346800      50.95
   1177.20996    0.9335300      50.89
   1177.21155    0.9323100      50.82
   1177.21326    0.9305100      50.72
   1177.21484    0.9280200      50.59
   1177.21643    0.9252900      50.44
   1177.21802    0.9226100      50.29
   1177.21960    0.9197000      50.13
   1177.22119    0.9161400      49.94
   1177.22278    0.9120300      49.71
   1177.22437    0.9077300      49.48
   1177.22595    0.9032900      49.24
   1177.22766    0.8982000      48.96
   1177.22925    0.8921000      48.63
   1177.23083    0.8851600      48.25
   1177.23242    0.8777300      47.84
   1177.23401    0.8697800      47.41
   1177.23560    0.8608400      46.92
   1177.23718    0.8505000      46.36
   1177.23877    0.8386600      45.71
   1177.24036    0.8252300      44.98
   1177.24194    0.8099900      44.15
   1177.24365    0.7926200      43.20
   1177.24524    0.7728700      42.13
   1177.24683    0.7503500      40.90
   1177.24841    0.7244500      39.49
   1177.25000    0.6944200      37.85
   1177.25159    0.6595800      35.95
   1177.25317    0.6192300      33.75
   1177.25476    0.5725400      31.21
   1177.25635    0.5188000      28.28
   1177.25806    0.4579300      24.96
   1177.25964    0.3906000      21.29
   1177.26123    0.3184900      17.36
   1177.26282    0.2449300      13.35
   1177.26440    0.1754000       9.56
   1177.26599    0.1164900       6.35
   1177.26758    0.0731200       3.99
   1177.26917    0.0464300       2.53
   1177.27075    0.0344000       1.87
   1177.27246    0.0345400       1.88
   1177.27405    0.0456800       2.49
   1177.27563    0.0672200       3.66
   1177.27722    0.0972600       5.30
   1177.27881    0.1320100       7.19
   1177.28040    0.1670900       9.11
   1177.28198    0.1993300      10.86
   1177.28357    0.2276200      12.41
   1177.28516    0.2528700      13.78
   1177.28687    0.2773400      15.12
   1177.28845    0.3036100      16.55
   1177.29004    0.3337500      18.19
   1177.29163    0.3688400      20.10
   1177.29321    0.4090200      22.29
   1177.29480    0.4535500      24.72
   1177.29639    0.5007500      27.29
   1177.29797    0.5483100      29.88
   1177.29956    0.5941400      32.38
   1177.30127    0.6369100      34.71
   1177.30286    0.6759100      36.84
   1177.30444    0.7105000      38.72
   1177.30603    0.7401800      40.34
   1177.30762    0.7650600      41.70
   1177.30920    0.7857800      42.82
   1177.31079    0.8029200      43.76
   1177.31238    0.8165800      44.50
   1177.31396    0.8268400      45.06
   1177.31567    0.8340700      45.46
   1177.31726    0.8385600      45.70
   1177.31885    0.8402300      45.79
   1177.32043    0.8389700      45.72
   1177.32202    0.8350800      45.51
   1177.32361    0.8288900      45.17
   1177.32520    0.8200500      44.69
   1177.32678    0.8081200      44.04
   1177.32837    0.7938500      43.26
   1177.33008    0.7793500      42.47
   1177.33167    0.7669400      41.80
   1177.33325    0.7584900      41.34
   1177.33484    0.7559200      41.20
   1177.33643    0.7611200      41.48
   1177.33801    0.7741200      42.19
   1177.33960    0.7920100      43.16
   1177.34119    0.8107200      44.18
   1177.34277    0.8279000      45.12
   1177.34436    0.8428800      45.93
   1177.34607    0.8543500      46.56
   1177.34766    0.8601000      46.87
   1177.34924    0.8604100      46.89
   1177.35083    0.8599000      46.86
   1177.35242    0.8640500      47.09
   1177.35400    0.8737600      47.62
   1177.35559    0.8847300      48.21
   1177.35718    0.8924800      48.64
   1177.35876    0.8962800      48.84
   1177.36047    0.8980900      48.94
   1177.36206    0.8992600      49.00
   1177.36365    0.8996500      49.03
   1177.36523    0.8991800      49.00
   1177.36682    0.8983600      48.96
   1177.36841    0.8973800      48.90
   1177.37000    0.8957300      48.81
   1177.37158    0.8932000      48.67
   1177.37317    0.8903000      48.52
   1177.37488    0.8874000      48.36
   1177.37646    0.8841200      48.18
   1177.37805    0.8799600      47.95
   1177.37964    0.8751700      47.69
   1177.38123    0.8702700      47.42
   1177.38281    0.8651600      47.14
   1177.38440    0.8592700      46.82
   1177.38599    0.8524100      46.45
   1177.38757    0.8449000      46.04
   1177.38928    0.8369000      45.60
   1177.39087    0.8280100      45.12
   1177.39246    0.8177500      44.56
   1177.39404    0.8059800      43.92
   1177.39563    0.7928000      43.20
   1177.39722    0.7782100      42.41
   1177.39880    0.7620500      41.52
   1177.40039    0.7440800      40.55
   1177.40210    0.7239400      39.45
   1177.40369    0.7012500      38.21
   1177.40527    0.6756200      36.81
   1177.40686    0.6467700      35.24
   1177.40845    0.6143600      33.48
   1177.41003    0.5780300      31.50
   1177.41162    0.5375200      29.29
   1177.41321    0.4927900      26.85
   1177.41479    0.4439900      24.19
   1177.41650    0.3915200      21.33
   1177.41809    0.3362400      18.32
   1177.41968    0.2796600      15.24
   1177.42126    0.2239700      12.20
   1177.42285    0.1717900       9.36
   1177.42444    0.1258900       6.86
   1177.42603    0.0885600       4.83
   1177.42761    0.0609600       3.32
   1177.42920    0.0430000       2.34
   1177.43091    0.0340200       1.85
   1177.43250    0.0336100       1.83
   1177.43408    0.0419100       2.28
   1177.43567    0.0594700       3.24
   1177.43726    0.0868700       4.73
   1177.43884    0.1242900       6.77
   1177.44043    0.1708400       9.31
   1177.44202    0.2241700      12.21
   1177.44360    0.2810100      15.31
   1177.44531    0.3382700      18.43
   1177.44690    0.3938300      21.46
   1177.44849    0.4463900      24.32
   1177.45007    0.4951000      26.98
   1177.45166    0.5395400      29.40
   1177.45325    0.5797800      31.59
   1177.45483    0.6160800      33.57
   1177.45642    0.6485400      35.34
   1177.45801    0.6772600      36.90
   1177.45972    0.7026900      38.29
   1177.46130    0.7255500      39.53
   1177.46289    0.7462200      40.66
   1177.46448    0.7647500      41.67
   1177.46606    0.7812800      42.57
   1177.46765    0.7961800      43.38
   1177.46924    0.8096700      44.11
   1177.47083    0.8216200      44.77
   1177.47241    0.8320700      45.33
   1177.47412    0.8415200      45.85
   1177.47571    0.8504500      46.34
   1177.47729    0.8586600      46.78
   1177.47888    0.8657300      47.17
   1177.48047    0.8717500      47.50
   1177.48206    0.8773100      47.80
   1177.48364    0.8826200      48.09
   1177.48523    0.8873900      48.35
   1177.48682    0.8916100      48.58
   1177.48853    0.8956900      48.80
   1177.49011    0.8998000      49.02
   1177.49170    0.9034900      49.22
   1177.49329    0.9063900      49.38
   1177.49487    0.9088700      49.52
   1177.49646    0.9113600      49.65
   1177.49805    0.9136500      49.78
   1177.49963    0.9152800      49.87
   1177.50134    0.9163600      49.92
   1177.50293    0.9172800      49.97
   1177.50452    0.9178800      50.01
   1177.50610    0.9177100      50.00
   1177.50769    0.9169700      49.96
   1177.50928    0.9162900      49.92
   1177.51086    0.9156500      49.88
   1177.51245    0.9143000      49.81
   1177.51404    0.9119000      49.68
   1177.51575    0.9088400      49.51
   1177.51733    0.9051700      49.31
   1177.51892    0.9002900      49.05
   1177.52051    0.8940800      48.71
   1177.52209    0.8874600      48.35
   1177.52368    0.8813600      48.02
   1177.52527    0.8759700      47.72
   1177.52686    0.8716100      47.48
   1177.52844    0.8690300      47.34
   1177.53015    0.8674800      47.26
   1177.53174    0.8640400      47.07
   1177.53333    0.8564800      46.66
   1177.53491    0.8456400      46.07
   1177.53650    0.8324500      45.35
   1177.53809    0.8134900      44.32
   1177.53967    0.7837800      42.70
   1177.54126    0.7455600      40.62
   1177.54285    0.7101400      38.69
   1177.54456    0.6872200      37.44
   1177.54614    0.6736000      36.70
   1177.54773    0.6561000      35.74
   1177.54932    0.6251600      34.06
   1177.55090    0.5826900      31.74
   1177.55249    0.5373300      29.27
   1177.55408    0.4968300      27.07
   1177.55566    0.4673000      25.46
   1177.55737    0.4553900      24.81
   1177.55896    0.4658500      25.38
   1177.56055    0.4968000      27.06
   1177.56213    0.5402600      29.43
   1177.56372    0.5881000      32.04
   1177.56531    0.6359800      34.64
   1177.56689    0.6817900      37.14
   1177.56848    0.7233000      39.40
   1177.57007    0.7587800      41.33
   1177.57178    0.7884700      42.95
   1177.57336    0.8137400      44.33
   1177.57495    0.8353400      45.50
   1177.57654    0.8533800      46.49
   1177.57812    0.8683800      47.30
   1177.57971    0.8811700      48.00
   1177.58130    0.8920300      48.59
   1177.58289    0.9009700      49.08
   1177.58447    0.9086100      49.49
   1177.58618    0.9158200      49.89
   1177.58777    0.9226400      50.26
   1177.58936    0.9282900      50.57
   1177.59094    0.9325800      50.80
   1177.59253    0.9362900      51.00
   1177.59412    0.9400800      51.21
   1177.59570    0.9436500      51.40
   1177.59729    0.9464400      51.55
   1177.59900    0.9485300      51.67
   1177.60059    0.9503900      51.77
   1177.60217    0.9520900      51.86
   1177.60376    0.9534500      51.94
   1177.60535    0.9546900      52.00
   1177.60693    0.9564000      52.10
   1177.60852    0.9586800      52.22
   1177.61011    0.9610400      52.35
   1177.61169    0.9629900      52.45
   1177.61340    0.9645800      52.54
   1177.61499    0.9659500      52.62
   1177.61658    0.9670000      52.67
   1177.61816    0.9675500      52.70
   1177.61975    0.9678200      52.72
   1177.62134    0.9682800      52.74
   1177.62292    0.9691200      52.79
   1177.62451    0.9701800      52.84
   1177.62622    0.9713200      52.91
   1177.62781    0.9725600      52.97
   1177.62939    0.9737900      53.04
   1177.63098    0.9747100      53.09
   1177.63257    0.9751700      53.12
   1177.63416    0.9755300      53.14
   1177.63574    0.9762000      53.17
   1177.63733    0.9771800      53.22
   1177.63892    0.9780900      53.27
   1177.64062    0.9787900      53.31
   1177.64221    0.9794500      53.35
   1177.64380    0.9801200      53.38
   1177.64539    0.9806000      53.41
   1177.64697    0.9807900      53.42
   1177.64856    0.9809800      53.43
   1177.65015    0.9814100      53.45
   1177.65173    0.9817400      53.47
   1177.65344    0.9815900      53.46
   1177.65503    0.9812100      53.44
   1177.65662    0.9812500      53.44
   1177.65820    0.9817900      53.47
   1177.65979    0.9822900      53.50
   1177.66138    0.9824300      53.51
   1177.66296    0.9826700      53.52
   1177.66455    0.9834200      53.56
   1177.66614    0.9843300      53.61
   1177.66785    0.9847700      53.64
   1177.66943    0.9848100      53.64
   1177.67102    0.9849500      53.64
   1177.67261    0.9852100      53.66
   1177.67419    0.9850400      53.65
   1177.67578    0.9844300      53.62
   1177.67737    0.9840800      53.60
   1177.67896    0.9844100      53.61
   1177.68054    0.9848100      53.64
   1177.68225    0.9845700      53.62
   1177.68384    0.9839200      53.59
   1177.68542    0.9836600      53.57
   1177.68701    0.9837800      53.58
   1177.68860    0.9834200      53.56
   1177.69019    0.9821000      53.49
   1177.69177    0.9803500      53.39
   1177.69336    0.9788700      53.31
   1177.69507    0.9775800      53.24
   1177.69666    0.9759600      53.15
   1177.69824    0.9738500      53.04
   1177.69983    0.9714100      52.90
   1177.70142    0.9686500      52.75
   1177.70300    0.9655100      52.58
   1177.70459    0.9624600      52.42
   1177.70618    0.9603500      52.30
   1177.70789    0.9595500      52.26
   1177.70947    0.9596000      52.26
   1177.71106    0.9599800      52.28
   1177.71265    0.9607100      52.32
   1177.71423    0.9620400      52.39
   1177.71582    0.9638200      52.49
   1177.71741    0.9655500      52.58
   1177.71899    0.9669700      52.66
   1177.72058    0.9680900      52.72
   1177.72229    0.9687500      52.76
   1177.72388    0.9685100      52.74
   1177.72546    0.9671400      52.67
   1177.72705    0.9649000      52.55
   1177.72864    0.9621200      52.40
   1177.73022    0.9587600      52.21
   1177.73181    0.9545200      51.98
   1177.73340    0.9492500      51.69
   1177.73511    0.9430900      51.36
   1177.73669    0.9362700      50.99
   1177.73828    0.9289400      50.59
   1177.73987    0.9211900      50.17
   1177.74146    0.9130600      49.72
   1177.74304    0.9046100      49.26
   1177.74463    0.8960400      48.80
   1177.74622    0.8877300      48.34
   1177.74780    0.8801300      47.93
   1177.74951    0.8734100      47.56
   1177.75110    0.8675000      47.24
   1177.75269    0.8624200      46.96
   1177.75427    0.8584800      46.75
   1177.75586    0.8560700      46.62
   1177.75745    0.8552300      46.57
   1177.75903    0.8557800      46.60
   1177.76062    0.8576000      46.70
   1177.76233    0.8608900      46.88
   1177.76392    0.8659500      47.16
   1177.76550    0.8726800      47.52
   1177.76709    0.8805800      47.95
   1177.76868    0.8890900      48.42
   1177.77026    0.8979200      48.90
   1177.77185    0.9069700      49.39
   1177.77344    0.9160000      49.88
   1177.77515    0.9246600      50.35
   1177.77673    0.9327700      50.79
   1177.77832    0.9403500      51.21
   1177.77991    0.9473500      51.59
   1177.78149    0.9535200      51.92
   1177.78308    0.9587100      52.21
   1177.78467    0.9631500      52.45
   1177.78625    0.9672200      52.67
   1177.78784    0.9709400      52.87
   1177.78955    0.9740300      53.04
   1177.79114    0.9764300      53.17
   1177.79272    0.9784100      53.28
   1177.79431    0.9801300      53.37
   1177.79590    0.9813600      53.44
   1177.79749    0.9819400      53.47
   1177.79907    0.9822500      53.49
   1177.80066    0.9828500      53.52
   1177.80237    0.9837500      53.57
   1177.80396    0.9843600      53.60
   1177.80554    0.9843500      53.60
   1177.80713    0.9841700      53.59
   1177.80872    0.9844500      53.60
   1177.81030    0.9851600      53.64
   1177.81189    0.9856300      53.67
   1177.81348    0.9854000      53.66
   1177.81519    0.9846500      53.61
   1177.81677    0.9838100      53.57
   1177.81836    0.9829500      53.52
   1177.81995    0.9817200      53.45
   1177.82153    0.9799200      53.36
   1177.82312    0.9776400      53.23
   1177.82471    0.9750600      53.09
   1177.82629    0.9721900      52.94
   1177.82800    0.9689900      52.76
   1177.82959    0.9655700      52.57
   1177.83118    0.9621200      52.39
   1177.83276    0.9586800      52.20
   1177.83435    0.9552400      52.01
   1177.83594    0.9519800      51.83
   1177.83752    0.9494000      51.69
   1177.83911    0.9480000      51.62
   1177.84070    0.9479900      51.62
   1177.84241    0.9492800      51.69
   1177.84399    0.9516900      51.82
   1177.84558    0.9548500      51.99
   1177.84717    0.9583200      52.18
   1177.84875    0.9618000      52.37
   1177.85034    0.9654300      52.56
   1177.85193    0.9693500      52.78
   1177.85352    0.9732000      52.99
   1177.85522    0.9762900      53.16
   1177.85681    0.9783600      53.27
   1177.85840    0.9799000      53.35
   1177.85999    0.9814600      53.44
   1177.86157    0.9829300      53.52
   1177.86316    0.9838900      53.57
   1177.86475    0.9843800      53.60
   1177.86633    0.9848200      53.62
   1177.86804    0.9854200      53.65
   1177.86963    0.9858400      53.67
   1177.87122    0.9858300      53.67
   1177.87280    0.9856100      53.66
   1177.87439    0.9855100      53.66
   1177.87598    0.9856000      53.66
   1177.87756    0.9857600      53.67
   1177.87915    0.9860500      53.68
   1177.88086    0.9865500      53.71
   1177.88245    0.9870700      53.74
   1177.88403    0.9873300      53.75
   1177.88562    0.9872700      53.75
   1177.88721    0.9870200      53.74
   1177.88879    0.9867200      53.72
   1177.89038    0.9864100      53.70
   1177.89197    0.9862600      53.70
   1177.89368    0.9864200      53.70
   1177.89526    0.9868400      53.73
   1177.89685    0.9873100      53.75
   1177.89844    0.9877100      53.77
   1177.90002    0.9881300      53.80
   1177.90161    0.9884700      53.81
   1177.90320    0.9885400      53.82
   1177.90479    0.9883500      53.81
   1177.90649    0.9882500      53.80
   1177.90808    0.9884200      53.81
   1177.90967    0.9886300      53.82
   1177.91125    0.9885800      53.82
   1177.91284    0.9882900      53.80
   1177.91443    0.9879200      53.78
   1177.91602    0.9873800      53.75
   1177.91760    0.9865400      53.71
   1177.91919    0.9857400      53.66
   1177.92090    0.9855300      53.65
   1177.92249    0.9859200      53.67
   1177.92407    0.9863100      53.69
   1177.92566    0.9861500      53.69
   1177.92725    0.9855600      53.65
   1177.92883    0.9849900      53.62
   1177.93042    0.9846400      53.60
   1177.93201    0.9843400      53.59
   1177.93372    0.9839500      53.57
   1177.93530    0.9834800      53.54
   1177.93689    0.9830500      53.52
   1177.93848    0.9828100      53.50
   1177.94006    0.9829600      53.51
   1177.94165    0.9835100      53.54
   1177.94324    0.9841300      53.57
   1177.94482    0.9844100      53.59
   1177.94653    0.9843400      53.59
   1177.94812    0.9842500      53.58
   1177.94971    0.9843900      53.59
   1177.95129    0.9846700      53.60
   1177.95288    0.9848900      53.61
   1177.95447    0.9849900      53.62
   1177.95605    0.9849400      53.62
   1177.95764    0.9846500      53.60
   1177.95935    0.9841100      53.57
   1177.96094    0.9835900      53.54
   1177.96252    0.9833700      53.53
   1177.96411    0.9834400      53.53
   1177.96570    0.9834500      53.54
   1177.96729    0.9831400      53.52
   1177.96887    0.9825300      53.48
   1177.97046    0.9819000      53.45
   1177.97217    0.9814800      53.43
   1177.97375    0.9813200      53.42
   1177.97534    0.9812500      53.41
   1177.97693    0.9810700      53.40
   1177.97852    0.9806500      53.38
   1177.98010    0.9800400      53.35
   1177.98169    0.9793500      53.31
   1177.98328    0.9785700      53.27
   1177.98499    0.9775700      53.21
   1177.98657    0.9762800      53.14
   1177.98816    0.9747900      53.06
   1177.98975    0.9732900      52.98
   1177.99133    0.9719900      52.91
   1177.99292    0.9710300      52.86
   1177.99451    0.9704100      52.82
   1177.99609    0.9699500      52.80
   1177.99780    0.9694500      52.77
   1177.99939    0.9688400      52.74
   1178.00098    0.9681400      52.70
   1178.00256    0.9672600      52.65
   1178.00415    0.9660400      52.58
   1178.00574    0.9645200      52.50
   1178.00732    0.9630100      52.42
   1178.00891    0.9617400      52.35
   1178.01062    0.9604900      52.28
   1178.01221    0.9589700      52.20
   1178.01379    0.9573200      52.11
   1178.01538    0.9560200      52.04
   1178.01697    0.9551400      51.99
   1178.01855    0.9540100      51.93
   1178.02014    0.9520000      51.82
   1178.02173    0.9493000      51.67
   1178.02344    0.9466800      51.53
   1178.02502    0.9444900      51.41
   1178.02661    0.9421800      51.28
   1178.02820    0.9390800      51.11
   1178.02979    0.9352000      50.90
   1178.03137    0.9311400      50.68
   1178.03296    0.9272200      50.47
   1178.03455    0.9231400      50.25
   1178.03625    0.9183800      49.99
   1178.03784    0.9127700      49.68
   1178.03943    0.9063900      49.33
   1178.04102    0.8992400      48.94
   1178.04260    0.8912200      48.51
   1178.04419    0.8822400      48.02
   1178.04578    0.8723400      47.48
   1178.04736    0.8614800      46.89
   1178.04907    0.8494600      46.23
   1178.05066    0.8360600      45.50
   1178.05225    0.8211000      44.69
   1178.05383    0.8044300      43.78
   1178.05542    0.7859100      42.77
   1178.05701    0.7654200      41.66
   1178.05859    0.7427000      40.42
   1178.06018    0.7171300      39.03
   1178.06189    0.6877200      37.43
   1178.06348    0.6534800      35.57
   1178.06506    0.6137800      33.41
   1178.06665    0.5683300      30.93
   1178.06824    0.5169100      28.13
   1178.06982    0.4595400      25.01
   1178.07141    0.3968800      21.60
   1178.07300    0.3309300      18.01
   1178.07471    0.2652900      14.44
   1178.07629    0.2048300      11.15
   1178.07788    0.1545600       8.41
   1178.07947    0.1183300       6.44
   1178.08105    0.0980400       5.34
   1178.08264    0.0940800       5.12
   1178.08423    0.1061800       5.78
   1178.08594    0.1338800       7.29
   1178.08752    0.1760200       9.58
   1178.08911    0.2300800      12.52
   1178.09070    0.2921000      15.90
   1178.09229    0.3574800      19.46
   1178.09387    0.4219500      22.96
   1178.09546    0.4825500      26.26
   1178.09705    0.5379300      29.28
   1178.09875    0.5879000      32.00
   1178.10034    0.6325400      34.42
   1178.10193    0.6716800      36.55
   1178.10352    0.7052900      38.38
   1178.10510    0.7339800      39.94
   1178.10669    0.7589100      41.30
   1178.10828    0.7810100      42.50
   1178.10986    0.8006000      43.57
   1178.11157    0.8176600      44.50
   1178.11316    0.8323500      45.30
   1178.11475    0.8450700      45.99
   1178.11633    0.8561200      46.59
   1178.11792    0.8656000      47.11
   1178.11951    0.8734900      47.54
   1178.12109    0.8797500      47.88
   1178.12268    0.8842900      48.12
   1178.12439    0.8870700      48.27
   1178.12598    0.8882100      48.34
   1178.12756    0.8879500      48.32
   1178.12915    0.8865500      48.25
   1178.13074    0.8842500      48.12
   1178.13232    0.8815100      47.97
   1178.13391    0.8789200      47.83
   1178.13550    0.8770300      47.73
   1178.13721    0.8762800      47.69
   1178.13879    0.8770700      47.73
   1178.14038    0.8797900      47.88
   1178.14197    0.8845600      48.14
   1178.14355    0.8910800      48.49
   1178.14514    0.8988700      48.92
   1178.14673    0.9074600      49.38
   1178.14832    0.9164300      49.87
   1178.15002    0.9252200      50.35
   1178.15161    0.9332200      50.78
   1178.15320    0.9400800      51.16
   1178.15479    0.9457900      51.47
   1178.15637    0.9505300      51.73
   1178.15796    0.9544400      51.94
   1178.15955    0.9576200      52.11
   1178.16125    0.9602800      52.26
   1178.16284    0.9626200      52.38
   1178.16443    0.9647800      52.50
   1178.16602    0.9667300      52.61
   1178.16760    0.9684400      52.70
   1178.16919    0.9699400      52.78
   1178.17078    0.9713300      52.86
   1178.17236    0.9727000      52.93
   1178.17407    0.9739100      53.00
   1178.17566    0.9746500      53.04
   1178.17725    0.9748000      53.04
   1178.17883    0.9745800      53.03
   1178.18042    0.9743000      53.02
   1178.18201    0.9738200      52.99
   1178.18359    0.9725400      52.92
   1178.18518    0.9701200      52.79
   1178.18689    0.9669000      52.61
   1178.18848    0.9634600      52.43
   1178.19006    0.9597700      52.23
   1178.19165    0.9552700      51.98
   1178.19324    0.9498200      51.68
   1178.19482    0.9442600      51.38
   1178.19641    0.9397600      51.14
   1178.19800    0.9368700      50.98
   1178.19971    0.9354700      50.90
   1178.20129    0.9354100      50.90
   1178.20288    0.9368800      50.98
   1178.20447    0.9400300      51.15
   1178.20605    0.9445300      51.39
   1178.20764    0.9496800      51.67
   1178.20923    0.9548700      51.96
   1178.21094    0.9598000      52.22
   1178.21252    0.9644500      52.48
   1178.21411    0.9688400      52.72
   1178.21570    0.9728700      52.94
   1178.21729    0.9762600      53.12
   1178.21887    0.9787700      53.26
   1178.22046    0.9805000      53.35
   1178.22205    0.9818600      53.42
   1178.22375    0.9831300      53.49
   1178.22534    0.9841600      53.55
   1178.22693    0.9846500      53.58
   1178.22852    0.9847300      53.58
   1178.23010    0.9848400      53.59
   1178.23169    0.9851700      53.60
   1178.23328    0.9855000      53.62
   1178.23486    0.9855600      53.62
   1178.23657    0.9854000      53.62
   1178.23816    0.9852300      53.61
   1178.23975    0.9851100      53.60
   1178.24133    0.9849500      53.59
   1178.24292    0.9847400      53.58
   1178.24451    0.9846000      53.57
   1178.24609    0.9845100      53.57
   1178.24780    0.9843600      53.56
   1178.24939    0.9841000      53.54
   1178.25098    0.9838700      53.53
   1178.25256    0.9837000      53.52
   1178.25415    0.9834900      53.51
   1178.25574    0.9831500      53.49
   1178.25732    0.9828000      53.47
   1178.25891    0.9825400      53.46
   1178.26062    0.9823000      53.44
   1178.26221    0.9819100      53.42
   1178.26379    0.9813900      53.39
   1178.26538    0.9809000      53.37
   1178.26697    0.9803800      53.34
   1178.26855    0.9795800      53.30
   1178.27014    0.9784200      53.23
   1178.27173    0.9772100      53.17
   1178.27344    0.9762400      53.11
   1178.27502    0.9754300      53.07
   1178.27661    0.9744700      53.02
   1178.27820    0.9732100      52.95
   1178.27979    0.9717800      52.87
   1178.28137    0.9701900      52.78
   1178.28296    0.9682200      52.68
   1178.28467    0.9657000      52.54
   1178.28625    0.9627900      52.38
   1178.28784    0.9596600      52.21
   1178.28943    0.9561800      52.02
   1178.29102    0.9519400      51.79
   1178.29260    0.9468200      51.51
   1178.29419    0.9411000      51.20
   1178.29578    0.9351400      50.88
   1178.29749    0.9290200      50.54
   1178.29907    0.9225500      50.19
   1178.30066    0.9154200      49.80
   1178.30225    0.9071600      49.35
   1178.30383    0.8970000      48.80
   1178.30542    0.8840300      48.09
   1178.30701    0.8676400      47.20
   1178.30872    0.8475700      46.11
   1178.31030    0.8234700      44.80
   1178.31189    0.7948700      43.24
   1178.31348    0.7615700      41.43
   1178.31506    0.7243000      39.40
   1178.31665    0.6845500      37.24
   1178.31824    0.6439300      35.03
   1178.31982    0.6038900      32.85
   1178.32153    0.5660000      30.79
   1178.32312    0.5321800      28.95
   1178.32471    0.5041200      27.42
   1178.32629    0.4826200      26.25
   1178.32788    0.4675100      25.43
   1178.32947    0.4583900      24.94
   1178.33105    0.4551500      24.76
   1178.33276    0.4578300      24.91
   1178.33435    0.4660800      25.35
   1178.33594    0.4791600      26.07
   1178.33752    0.4967100      27.02
   1178.33911    0.5195300      28.26
   1178.34070    0.5491400      29.87
   1178.34229    0.5863600      31.90
   1178.34387    0.6297200      34.26
   1178.34558    0.6755000      36.75
   1178.34717    0.7193000      39.13
   1178.34875    0.7582400      41.25
   1178.35034    0.7916700      43.07
   1178.35193    0.8203600      44.63
   1178.35352    0.8450900      45.97
   1178.35510    0.8661900      47.12
   1178.35681    0.8838700      48.08
   1178.35840    0.8986300      48.88
   1178.35999    0.9111200      49.56
   1178.36157    0.9218000      50.14
   1178.36316    0.9309100      50.64
   1178.36475    0.9386500      51.06
   1178.36633    0.9452400      51.42
   1178.36792    0.9508600      51.72
   1178.36963    0.9555400      51.98
   1178.37122    0.9593700      52.19
   1178.37280    0.9626000      52.36
   1178.37439    0.9655300      52.52
   1178.37598    0.9682600      52.67
   1178.37756    0.9707100      52.80
   1178.37915    0.9727500      52.91
   1178.38086    0.9744100      53.00
   1178.38245    0.9758200      53.08
   1178.38403    0.9770600      53.15
   1178.38562    0.9781200      53.20
   1178.38721    0.9789400      53.25
   1178.38879    0.9796200      53.29
   1178.39038    0.9803000      53.32
   1178.39197    0.9810600      53.36
   1178.39368    0.9817200      53.40
   1178.39526    0.9820900      53.42
   1178.39685    0.9823000      53.43
   1178.39844    0.9827000      53.45
   1178.40002    0.9834700      53.49
   1178.40161    0.9842300      53.54
   1178.40320    0.9844500      53.55
   1178.40491    0.9841100      53.53
   1178.40649    0.9838200      53.51
   1178.40808    0.9841100      53.53
   1178.40967    0.9848800      53.57
   1178.41125    0.9855800      53.61
   1178.41284    0.9860300      53.63
   1178.41443    0.9865800      53.66
   1178.41602    0.9874700      53.71
   1178.41772    0.9884100      53.76
   1178.41931    0.9889800      53.79
   1178.42090    0.9892700      53.81
   1178.42249    0.9897100      53.83
   1178.42407    0.9904100      53.87
   1178.42566    0.9909500      53.90
   1178.42725    0.9910600      53.90
   1178.42896    0.9910300      53.90
   1178.43054    0.9912600      53.92
   1178.43213    0.9916200      53.93
   1178.43372    0.9915600      53.93
   1178.43530    0.9909300      53.90
   1178.43689    0.9901100      53.85
   1178.43848    0.9894000      53.81
   1178.44006    0.9884300      53.76
   1178.44177    0.9866400      53.66
   1178.44336    0.9842800      53.53
   1178.44495    0.9825300      53.44
   1178.44653    0.9824100      53.43
   1178.44812    0.9835800      53.50
   1178.44971    0.9847000      53.56
   1178.45129    0.9846300      53.55
   1178.45300    0.9833800      53.48
   1178.45459    0.9816900      53.39
   1178.45618    0.9800800      53.30
   1178.45776    0.9785900      53.22
   1178.45935    0.9771500      53.15
   1178.46094    0.9758100      53.07
   1178.46252    0.9745000      53.00
   1178.46411    0.9730300      52.92
   1178.46582    0.9714800      52.84
   1178.46741    0.9703600      52.78
   1178.46899    0.9701500      52.76
   1178.47058    0.9707500      52.80
   1178.47217    0.9717100      52.85
   1178.47375    0.9728800      52.91
   1178.47534    0.9744000      52.99
   1178.47705    0.9763000      53.10
   1178.47864    0.9782600      53.20
   1178.48022    0.9800900      53.30
   1178.48181    0.9819100      53.40
   1178.48340    0.9837800      53.50
   1178.48499    0.9853800      53.59
   1178.48657    0.9863300      53.64
   1178.48828    0.9867400      53.66
   1178.48987    0.9870600      53.68
   1178.49146    0.9874700      53.70
   1178.49304    0.9877700      53.72
   1178.49463    0.9878500      53.72
   1178.49622    0.9878400      53.72
   1178.49780    0.9880000      53.73
   1178.49939    0.9884400      53.76
   1178.50110    0.9892200      53.80
   1178.50269    0.9903300      53.86
   1178.50427    0.9915000      53.92
   1178.50586    0.9923300      53.97
   1178.50745    0.9927800      53.99
   1178.50903    0.9932200      54.01
   1178.51062    0.9938200      54.05
   1178.51233    0.9942300      54.07
   1178.51392    0.9940700      54.06
   1178.51550    0.9937100      54.04
   1178.51709    0.9939100      54.05
   1178.51868    0.9947800      54.10
   1178.52026    0.9955500      54.14
   1178.52185    0.9955600      54.14
   1178.52356    0.9951000      54.12
   1178.52515    0.9949400      54.11
   1178.52673    0.9953600      54.13
   1178.52832    0.9959400      54.16
   1178.52991    0.9963100      54.18
   1178.53149    0.9964900      54.19
   1178.53308    0.9966000      54.20
   1178.53467    0.9965800      54.19
   1178.53638    0.9963700      54.18
   1178.53796    0.9961500      54.17
   1178.53955    0.9961500      54.17
   1178.54114    0.9962800      54.18
   1178.54272    0.9962900      54.18
   1178.54431    0.9961200      54.17
   1178.54590    0.9959800      54.16
   1178.54761    0.9960400      54.16
   1178.54919    0.9961900      54.17
   1178.55078    0.9962600      54.18
   1178.55237    0.9962400      54.17
   1178.55396    0.9962000      54.17
   1178.55554    0.9961800      54.17
   1178.55713    0.9961800      54.17
   1178.55884    0.9962100      54.17
   1178.56042    0.9963200      54.18
   1178.56201    0.9964400      54.18
   1178.56360    0.9964100      54.18
   1178.56519    0.9962200      54.17
   1178.56677    0.9959900      54.16
   1178.56836    0.9958500      54.15
   1178.57007    0.9958200      54.15
   1178.57166    0.9958400      54.15
   1178.57324    0.9958900      54.15
   1178.57483    0.9960100      54.16
   1178.57642    0.9961400      54.17
   1178.57800    0.9962100      54.17
   1178.57959    0.9962500      54.17
   1178.58118    0.9964400      54.18
   1178.58289    0.9967800      54.20
   1178.58447    0.9970700      54.22
   1178.58606    0.9970600      54.22
   1178.58765    0.9968200      54.20
   1178.58923    0.9966500      54.19
   1178.59082    0.9966700      54.19
   1178.59241    0.9967600      54.20
   1178.59412    0.9967100      54.20
   1178.59570    0.9965300      54.19
   1178.59729    0.9963100      54.17
   1178.59888    0.9960600      54.16
   1178.60046    0.9957000      54.14
   1178.60205    0.9953000      54.12
   1178.60364    0.9950400      54.10
   1178.60535    0.9949500      54.10
   1178.60693    0.9948100      54.09
   1178.60852    0.9944200      54.07
   1178.61011    0.9939000      54.04
   1178.61169    0.9936400      54.03
   1178.61328    0.9938800      54.04
   1178.61487    0.9944700      54.07
   1178.61658    0.9950500      54.10
   1178.61816    0.9953900      54.12
   1178.61975    0.9955300      54.13
   1178.62134    0.9956000      54.13
   1178.62292    0.9956100      54.13
   1178.62451    0.9954900      54.13
   1178.62610    0.9952400      54.11
   1178.62781    0.9949500      54.10
   1178.62939    0.9946700      54.08
   1178.63098    0.9943300      54.06
   1178.63257    0.9937900      54.03
   1178.63416    0.9931100      54.00
   1178.63574    0.9925400      53.97
   1178.63733    0.9923300      53.95
   1178.63892    0.9925400      53.96
   1178.64062    0.9930800      53.99
   1178.64221    0.9938100      54.03
   1178.64380    0.9945300      54.07
   1178.64539    0.9950600      54.10
   1178.64697    0.9953700      54.12
   1178.64856    0.9956300      54.13
   1178.65015    0.9959900      54.15
   1178.65186    0.9963700      54.17
   1178.65344    0.9964100      54.17
   1178.65503    0.9959600      54.15
   1178.65662    0.9952700      54.11
   1178.65820    0.9947900      54.09
   1178.65979    0.9946500      54.08
   1178.66138    0.9945600      54.07
   1178.66309    0.9941700      54.05
   1178.66467    0.9934600      54.01
   1178.66626    0.9927800      53.98
   1178.66785    0.9924000      53.95
   1178.66943    0.9923000      53.95
   1178.67102    0.9922700      53.95
   1178.67261    0.9922400      53.95
   1178.67432    0.9923500      53.95
   1178.67590    0.9926500      53.97
   1178.67749    0.9929400      53.98
   1178.67908    0.9929600      53.98
   1178.68066    0.9928200      53.98
   1178.68225    0.9928800      53.98
   1178.68384    0.9933000      54.00
   1178.68555    0.9938100      54.03
   1178.68713    0.9940400      54.04
   1178.68872    0.9940100      54.04
   1178.69031    0.9940000      54.04
   1178.69189    0.9940600      54.04
   1178.69348    0.9939300      54.04
   1178.69507    0.9934500      54.01
   1178.69678    0.9928000      53.97
   1178.69836    0.9922700      53.94
   1178.69995    0.9919600      53.93
   1178.70154    0.9919300      53.93
   1178.70312    0.9922400      53.94
   1178.70471    0.9928200      53.97
   1178.70630    0.9933600      54.00
   1178.70801    0.9936100      54.02
   1178.70959    0.9937300      54.02
   1178.71118    0.9939700      54.04
   1178.71277    0.9942300      54.05
   1178.71436    0.9942000      54.05
   1178.71594    0.9939200      54.03
   1178.71753    0.9938800      54.03
   1178.71912    0.9943300      54.05
   1178.72083    0.9949000      54.09
   1178.72241    0.9951200      54.10
   1178.72400    0.9950700      54.09
   1178.72559    0.9951500      54.10
   1178.72717    0.9954100      54.11
   1178.72876    0.9954800      54.12
   1178.73035    0.9952100      54.10
   1178.73206    0.9949800      54.09
   1178.73364    0.9951100      54.10
   1178.73523    0.9953900      54.11
   1178.73682    0.9954500      54.11
   1178.73840    0.9952600      54.10
   1178.73999    0.9951300      54.10
   1178.74158    0.9951100      54.09
   1178.74329    0.9948500      54.08
   1178.74487    0.9940700      54.04
   1178.74646    0.9929400      53.98
   1178.74805    0.9918300      53.92
   1178.74963    0.9907500      53.86
   1178.75122    0.9893200      53.78
   1178.75281    0.9872600      53.67
   1178.75452    0.9848600      53.54
   1178.75610    0.9827700      53.42
   1178.75769    0.9812300      53.34
   1178.75928    0.9797300      53.26
   1178.76086    0.9774600      53.13
   1178.76245    0.9742900      52.96
   1178.76404    0.9709900      52.78
   1178.76575    0.9684700      52.64
   1178.76733    0.9669700      52.56
   1178.76892    0.9661000      52.52
   1178.77051    0.9656500      52.49
   1178.77209    0.9659000      52.50
   1178.77368    0.9671500      52.57
   1178.77527    0.9692500      52.69
   1178.77698    0.9717700      52.82
   1178.77856    0.9745200      52.97
   1178.78015    0.9775500      53.14
   1178.78174    0.9807600      53.31
   1178.78333    0.9837500      53.47
   1178.78491    0.9860500      53.60
   1178.78650    0.9875900      53.68
   1178.78821    0.9887100      53.74
   1178.78979    0.9898600      53.80
   1178.79138    0.9913000      53.88
   1178.79297    0.9928700      53.97
   1178.79456    0.9941400      54.04
   1178.79614    0.9948200      54.07
   1178.79773    0.9950500      54.09
   1178.79944    0.9952800      54.10
   1178.80103    0.9957200      54.12
   1178.80261    0.9961600      54.15
   1178.80420    0.9962700      54.15
   1178.80579    0.9960700      54.14
   1178.80737    0.9958700      54.13
   1178.80896    0.9958900      54.13
   1178.81067    0.9960700      54.14
   1178.81226    0.9962300      54.15
   1178.81384    0.9963100      54.15
   1178.81543    0.9964300      54.16
   1178.81702    0.9966700      54.17
   1178.81860    0.9969100      54.19
   1178.82019    0.9969400      54.19
   1178.82190    0.9966500      54.17
   1178.82349    0.9962000      54.15
   1178.82507    0.9959300      54.13
   1178.82666    0.9959500      54.13
   1178.82825    0.9960800      54.14
   1178.82983    0.9961300      54.14
   1178.83142    0.9961600      54.14
   1178.83313    0.9963100      54.15
   1178.83472    0.9964600      54.16
   1178.83630    0.9964100      54.16
   1178.83789    0.9961900      54.14
   1178.83948    0.9961100      54.14
   1178.84106    0.9963300      54.15
   1178.84265    0.9966200      54.17
   1178.84436    0.9966900      54.17
   1178.84595    0.9966000      54.17
   1178.84753    0.9965800      54.16
   1178.84912    0.9966900      54.17
   1178.85071    0.9968500      54.18
   1178.85229    0.9970500      54.19
   1178.85388    0.9972500      54.20
   1178.85559    0.9972100      54.20
   1178.85718    0.9966800      54.17
   1178.85876    0.9958700      54.12
   1178.86035    0.9953600      54.10
   1178.86194    0.9954300      54.10
   1178.86353    0.9957100      54.12
   1178.86511    0.9956700      54.11
   1178.86682    0.9952900      54.09
   1178.86841    0.9949500      54.07
   1178.87000    0.9948400      54.07
   1178.87158    0.9947700      54.06
   1178.87317    0.9945700      54.05
   1178.87476    0.9943600      54.04
   1178.87646    0.9943200      54.04
   1178.87805    0.9943900      54.04
   1178.87964    0.9944200      54.04
   1178.88123    0.9944500      54.05
   1178.88281    0.9945700      54.05
   1178.88440    0.9947100      54.06
   1178.88599    0.9946700      54.06
   1178.88770    0.9944400      54.04
   1178.88928    0.9942700      54.03
   1178.89087    0.9943000      54.04
   1178.89246    0.9943400      54.04
   1178.89404    0.9941300      54.03
   1178.89563    0.9936800      54.00
   1178.89722    0.9933500      53.98
   1178.89893    0.9933000      53.98
   1178.90051    0.9932900      53.98
   1178.90210    0.9930200      53.97
   1178.90369    0.9925400      53.94
   1178.90527    0.9922000      53.92
   1178.90686    0.9920800      53.91
   1178.90845    0.9918500      53.90
   1178.91016    0.9912400      53.87
   1178.91174    0.9905500      53.83
   1178.91333    0.9902700      53.82
   1178.91492    0.9904200      53.82
   1178.91650    0.9905000      53.83
   1178.91809    0.9901700      53.81
   1178.91968    0.9895700      53.78
   1178.92139    0.9889000      53.74
   1178.92297    0.9879200      53.69
   1178.92456    0.9862300      53.59
   1178.92615    0.9839400      53.47
   1178.92773    0.9816600      53.35
   1178.92932    0.9797400      53.24
   1178.93091    0.9777200      53.13
   1178.93262    0.9749300      52.98
   1178.93420    0.9713300      52.78
   1178.93579    0.9677000      52.59
   1178.93738    0.9649700      52.44
   1178.93896    0.9636900      52.37
   1178.94055    0.9639300      52.38
   1178.94214    0.9655100      52.47
   1178.94385    0.9680700      52.61
   1178.94543    0.9710900      52.77
   1178.94702    0.9740400      52.93
   1178.94861    0.9765600      53.07
   1178.95020    0.9785000      53.17
   1178.95178    0.9797900      53.24
   1178.95337    0.9804700      53.28
   1178.95508    0.9807600      53.29
   1178.95667    0.9809700      53.31
   1178.95825    0.9812700      53.32
   1178.95984    0.9816000      53.34
   1178.96143    0.9818600      53.35
   1178.96301    0.9821200      53.37
   1178.96472    0.9825200      53.39
   1178.96631    0.9830300      53.42
   1178.96790    0.9835200      53.44
   1178.96948    0.9838500      53.46
   1178.97107    0.9840400      53.47
   1178.97266    0.9841300      53.48
   1178.97424    0.9842200      53.48
   1178.97595    0.9844600      53.49
   1178.97754    0.9849100      53.52
   1178.97913    0.9853400      53.54
   1178.98071    0.9853800      53.54
   1178.98230    0.9850200      53.52
   1178.98389    0.9847500      53.51
   1178.98547    0.9850400      53.52
   1178.98718    0.9858000      53.57
   1178.98877    0.9865600      53.61
   1178.99036    0.9870800      53.63
   1178.99194    0.9875000      53.66
   1178.99353    0.9879600      53.68
   1178.99512    0.9883600      53.70
   1178.99670    0.9887400      53.72
   1178.99841    0.9892800      53.75
   1179.00000    0.9899600      53.79
   1179.00159    0.9903300      53.81
   1179.00317    0.9900500      53.79
   1179.00476    0.9893500      53.76
   1179.00635    0.9887300      53.72
   1179.00793    0.9883500      53.70
   1179.00964    0.9879600      53.68
   1179.01123    0.9874500      53.65
   1179.01282    0.9869400      53.62
   1179.01440    0.9864700      53.60
   1179.01599    0.9859200      53.57
   1179.01758    0.9853500      53.54
   1179.01929    0.9851400      53.53
   1179.02087    0.9854600      53.54
   1179.02246    0.9859700      53.57
   1179.02405    0.9862600      53.59
   1179.02563    0.9864000      53.59
   1179.02722    0.9867000      53.61
   1179.02881    0.9871200      53.63
   1179.03052    0.9873500      53.65
   1179.03210    0.9873300      53.64
   1179.03369    0.9873100      53.64
   1179.03528    0.9874500      53.65
   1179.03687    0.9875800      53.66
   1179.03845    0.9875500      53.66
   1179.04004    0.9875100      53.65
   1179.04175    0.9875100      53.65
   1179.04333    0.9873400      53.64
   1179.04492    0.9869300      53.62
   1179.04651    0.9866700      53.61
   1179.04810    0.9870100      53.63
   1179.04968    0.9877500      53.67
   1179.05127    0.9882400      53.69
   1179.05298    0.9882700      53.69
   1179.05457    0.9882800      53.69
   1179.05615    0.9887100      53.72
   1179.05774    0.9893200      53.75
   1179.05933    0.9895300      53.76
   1179.06091    0.9891500      53.74
   1179.06262    0.9886400      53.71
   1179.06421    0.9884400      53.70
   1179.06580    0.9885700      53.71
   1179.06738    0.9887200      53.72
   1179.06897    0.9886600      53.71
   1179.07056    0.9884300      53.70
   1179.07214    0.9881500      53.68
   1179.07385    0.9879400      53.67
   1179.07544    0.9878600      53.67
   1179.07703    0.9879200      53.67
   1179.07861    0.9880600      53.68
   1179.08020    0.9881500      53.68
   1179.08179    0.9881300      53.68
   1179.08337    0.9880400      53.68
   1179.08508    0.9878900      53.67
   1179.08667    0.9876300      53.66
   1179.08826    0.9871900      53.63
   1179.08984    0.9866800      53.60
   1179.09143    0.9862700      53.58
   1179.09302    0.9860000      53.57
   1179.09473    0.9856600      53.55
   1179.09631    0.9850800      53.52
   1179.09790    0.9844200      53.48
   1179.09949    0.9839700      53.45
   1179.10107    0.9837900      53.45
   1179.10266    0.9836600      53.44
   1179.10425    0.9834100      53.42
   1179.10596    0.9831000      53.41
   1179.10754    0.9827600      53.39
   1179.10913    0.9821200      53.35
   1179.11072    0.9809800      53.29
   1179.11230    0.9796100      53.22
   1179.11389    0.9786500      53.16
   1179.11548    0.9784400      53.15
   1179.11719    0.9786700      53.17
   1179.11877    0.9788800      53.18
   1179.12036    0.9789900      53.18
   1179.12195    0.9791300      53.19
   1179.12354    0.9792600      53.20
   1179.12512    0.9792100      53.19
   1179.12683    0.9789300      53.18
   1179.12842    0.9785600      53.16
   1179.13000    0.9781400      53.14
   1179.13159    0.9775400      53.10
   1179.13318    0.9767700      53.06
   1179.13477    0.9761000      53.02
   1179.13635    0.9756700      53.00
   1179.13806    0.9752500      52.98
   1179.13965    0.9746000      52.94
   1179.14124    0.9738800      52.90
   1179.14282    0.9734900      52.88
   1179.14441    0.9734300      52.88
   1179.14600    0.9732300      52.87
   1179.14758    0.9725700      52.83
   1179.14929    0.9716700      52.78
   1179.15088    0.9709200      52.74
   1179.15247    0.9702800      52.71
   1179.15405    0.9693700      52.66
   1179.15564    0.9679300      52.58
   1179.15723    0.9662200      52.49
   1179.15894    0.9647100      52.40
   1179.16052    0.9636000      52.34
   1179.16211    0.9626500      52.29
   1179.16370    0.9615300      52.23
   1179.16528    0.9601100      52.15
   1179.16687    0.9585500      52.07
   1179.16846    0.9570000      51.98
   1179.17017    0.9554500      51.90
   1179.17175    0.9536900      51.80
   1179.17334    0.9515400      51.69
   1179.17493    0.9488700      51.54
   1179.17651    0.9455800      51.36
   1179.17810    0.9416700      51.15
   1179.17969    0.9374400      50.92
   1179.18140    0.9335500      50.71
   1179.18298    0.9307000      50.55
   1179.18457    0.9290700      50.46
   1179.18616    0.9281900      50.42
   1179.18774    0.9272300      50.36
   1179.18933    0.9254800      50.27
   1179.19104    0.9226800      50.12
   1179.19263    0.9189900      49.92
   1179.19421    0.9146900      49.68
   1179.19580    0.9099700      49.43
   1179.19739    0.9049000      49.15
   1179.19897    0.8995800      48.86
   1179.20056    0.8940300      48.56
   1179.20227    0.8881000      48.24
   1179.20386    0.8814100      47.87
   1179.20544    0.8737000      47.46
   1179.20703    0.8651100      46.99
   1179.20862    0.8559900      46.49
   1179.21021    0.8463700      45.97
   1179.21191    0.8357300      45.39
   1179.21350    0.8234800      44.73
   1179.21509    0.8094800      43.97
   1179.21667    0.7940800      43.13
   1179.21826    0.7774000      42.22
   1179.21985    0.7589900      41.22
   1179.22144    0.7380500      40.09
   1179.22314    0.7140300      38.78
   1179.22473    0.6868000      37.30
   1179.22632    0.6561700      35.64
   1179.22791    0.6215600      33.76
   1179.22949    0.5822200      31.62
   1179.23108    0.5377500      29.21
   1179.23279    0.4882900      26.52
   1179.23438    0.4341900      23.58
   1179.23596    0.3758800      20.42
   1179.23755    0.3142100      17.07
   1179.23914    0.2511000      13.64
   1179.24072    0.1896900      10.30
   1179.24231    0.1338500       7.27
   1179.24402    0.0874100       4.75
   1179.24561    0.0530300       2.88
   1179.24719    0.0311300       1.69
   1179.24878    0.0196900       1.07
   1179.25037    0.0158200       0.86
   1179.25195    0.0182400       0.99
   1179.25354    0.0284600       1.55
   1179.25525    0.0493900       2.68
   1179.25684    0.0828900       4.50
   1179.25842    0.1284600       6.98
   1179.26001    0.1838000       9.98
   1179.26160    0.2456000      13.34
   1179.26318    0.3099300      16.83
   1179.26489    0.3728600      20.25
   1179.26648    0.4316400      23.44
   1179.26807    0.4853500      26.36
   1179.26965    0.5342100      29.01
   1179.27124    0.5783100      31.41
   1179.27283    0.6174200      33.53
   1179.27441    0.6516500      35.39
   1179.27612    0.6816900      37.02
   1179.27771    0.7083200      38.47
   1179.27930    0.7319800      39.75
   1179.28088    0.7529300      40.89
   1179.28247    0.7715800      41.90
   1179.28406    0.7881900      42.80
   1179.28577    0.8027700      43.60
   1179.28735    0.8153300      44.28
   1179.28894    0.8262600      44.87
   1179.29053    0.8359600      45.40
   1179.29211    0.8444400      45.86
   1179.29370    0.8515000      46.24
   1179.29529    0.8572900      46.56
   1179.29700    0.8622200      46.82
   1179.29858    0.8664200      47.05
   1179.30017    0.8695900      47.22
   1179.30176    0.8715100      47.33
   1179.30334    0.8724300      47.38
   1179.30493    0.8726900      47.39
   1179.30664    0.8722500      47.37
   1179.30823    0.8709300      47.30
   1179.30981    0.8687900      47.18
   1179.31140    0.8661000      47.03
   1179.31299    0.8630200      46.87
   1179.31458    0.8596500      46.68
   1179.31616    0.8565400      46.51
   1179.31787    0.8545000      46.40
   1179.31946    0.8539900      46.38
   1179.32104    0.8549900      46.43
   1179.32263    0.8574800      46.56
   1179.32422    0.8617600      46.80
   1179.32581    0.8679700      47.13
   1179.32751    0.8756200      47.55
   1179.32910    0.8839200      48.00
   1179.33069    0.8923500      48.46
   1179.33228    0.9007100      48.91
   1179.33386    0.9087100      49.35
   1179.33545    0.9159500      49.74
   1179.33716    0.9223400      50.09
   1179.33875    0.9282200      50.40
   1179.34033    0.9337600      50.71
   1179.34192    0.9386800      50.97
   1179.34351    0.9426700      51.19
   1179.34509    0.9458600      51.36
   1179.34668    0.9486100      51.51
   1179.34839    0.9510200      51.64
   1179.34998    0.9529600      51.75
   1179.35156    0.9544100      51.83
   1179.35315    0.9555800      51.89
   1179.35474    0.9566200      51.95
   1179.35632    0.9575100      51.99
   1179.35803    0.9582700      52.03
   1179.35962    0.9590700      52.08
   1179.36121    0.9599900      52.13
   1179.36279    0.9609900      52.18
   1179.36438    0.9620700      52.24
   1179.36597    0.9633600      52.31
   1179.36755    0.9647900      52.39
   1179.36926    0.9660700      52.46
   1179.37085    0.9669500      52.50
   1179.37244    0.9675800      52.54
   1179.37402    0.9682700      52.58
   1179.37561    0.9689700      52.61
   1179.37720    0.9693700      52.64
   1179.37891    0.9693500      52.63
   1179.38049    0.9691100      52.62
   1179.38208    0.9688800      52.61
   1179.38367    0.9686300      52.59
   1179.38525    0.9682800      52.58
   1179.38684    0.9679100      52.56
   1179.38843    0.9676200      52.54
   1179.39014    0.9672200      52.52
   1179.39172    0.9663500      52.47
   1179.39331    0.9649300      52.39
   1179.39490    0.9631500      52.30
   1179.39648    0.9611700      52.19
   1179.39807    0.9590000      52.07
   1179.39978    0.9567400      51.95
   1179.40137    0.9548000      51.84
   1179.40295    0.9536800      51.78
   1179.40454    0.9536600      51.78
   1179.40613    0.9545800      51.83
   1179.40771    0.9559700      51.91
   1179.40942    0.9572800      51.98
   1179.41101    0.9582100      52.03
   1179.41260    0.9588600      52.06
   1179.41418    0.9595500      52.10
   1179.41577    0.9603200      52.14
   1179.41736    0.9606700      52.16
   1179.41895    0.9601300      52.13
   1179.42065    0.9588700      52.06
   1179.42224    0.9574300      51.98
   1179.42383    0.9558800      51.90
   1179.42542    0.9535500      51.77
   1179.42700    0.9498400      51.57
   1179.42859    0.9449400      51.30
   1179.43030    0.9390800      50.99
   1179.43188    0.9314600      50.57
   1179.43347    0.9208300      50.00
   1179.43506    0.9078100      49.29
   1179.43665    0.8960200      48.65
   1179.43823    0.8900400      48.32
   1179.43994    0.8917400      48.42
   1179.44153    0.8988600      48.80
   1179.44312    0.9071300      49.25
   1179.44470    0.9134200      49.59
   1179.44629    0.9169600      49.78
   1179.44788    0.9183200      49.86
   1179.44946    0.9180200      49.84
   1179.45117    0.9162200      49.74
   1179.45276    0.9129400      49.56
   1179.45435    0.9082000      49.31
   1179.45593    0.9020100      48.97
   1179.45752    0.8944400      48.56
   1179.45911    0.8856800      48.08
   1179.46082    0.8756900      47.54
   1179.46240    0.8640800      46.91
   1179.46399    0.8502300      46.16
   1179.46558    0.8336800      45.26
   1179.46716    0.8140500      44.19
   1179.46875    0.7907700      42.93
   1179.47046    0.7630400      41.43
   1179.47205    0.7299900      39.63
   1179.47363    0.6908400      37.51
   1179.47522    0.6448300      35.01
   1179.47681    0.5915500      32.11
   1179.47839    0.5315600      28.86
   1179.47998    0.4670700      25.36
   1179.48169    0.4022800      21.84
   1179.48328    0.3435300      18.65
   1179.48486    0.2988000      16.22
   1179.48645    0.2758500      14.98
   1179.48804    0.2793300      15.16
   1179.48962    0.3084000      16.74
   1179.49133    0.3571700      19.39
   1179.49292    0.4174600      22.66
   1179.49451    0.4818300      26.16
   1179.49609    0.5448400      29.58
   1179.49768    0.6029300      32.73
   1179.49927    0.6541800      35.51
   1179.50098    0.6982100      37.90
   1179.50256    0.7357600      39.94
   1179.50415    0.7678300      41.68
   1179.50574    0.7950500      43.16
   1179.50732    0.8179100      44.40
   1179.50891    0.8370900      45.44
   1179.51050    0.8533800      46.33
   1179.51221    0.8673000      47.08
   1179.51379    0.8791300      47.72
   1179.51538    0.8892100      48.27
   1179.51697    0.8980400      48.75
   1179.51855    0.9059000      49.18
   1179.52014    0.9128100      49.55
   1179.52185    0.9188300      49.88
   1179.52344    0.9243400      50.18
   1179.52502    0.9297200      50.47
   1179.52661    0.9349300      50.75
   1179.52820    0.9396400      51.01
   1179.52979    0.9436400      51.22
   1179.53149    0.9471000      51.41
   1179.53308    0.9502300      51.58
   1179.53467    0.9530000      51.73
   1179.53625    0.9553300      51.86
   1179.53784    0.9572800      51.96
   1179.53943    0.9590200      52.06
   1179.54102    0.9605900      52.14
   1179.54272    0.9619000      52.21
   1179.54431    0.9630000      52.27
   1179.54590    0.9640800      52.33
   1179.54749    0.9652200      52.39
   1179.54907    0.9662000      52.45
   1179.55066    0.9667100      52.48
   1179.55237    0.9666500      52.47
   1179.55396    0.9661900      52.45
   1179.55554    0.9654400      52.41
   1179.55713    0.9641900      52.34
   1179.55872    0.9620900      52.22
   1179.56030    0.9589000      52.05
   1179.56201    0.9546900      51.82
   1179.56360    0.9497400      51.55
   1179.56519    0.9443900      51.26
   1179.56677    0.9390300      50.97
   1179.56836    0.9341800      50.71
   1179.56995    0.9303800      50.50
   1179.57166    0.9279800      50.37
   1179.57324    0.9271500      50.33
   1179.57483    0.9278900      50.37
   1179.57642    0.9301400      50.49
   1179.57800    0.9335300      50.67
   1179.57959    0.9374100      50.88
   1179.58118    0.9411800      51.09
   1179.58289    0.9447500      51.28
   1179.58447    0.9483900      51.48
   1179.58606    0.9521300      51.68
   1179.58765    0.9556100      51.87
   1179.58923    0.9585500      52.03
   1179.59082    0.9612100      52.17
   1179.59253    0.9640100      52.32
   1179.59412    0.9668900      52.48
   1179.59570    0.9693200      52.61
   1179.59729    0.9711200      52.71
   1179.59888    0.9726600      52.79
   1179.60046    0.9743100      52.88
   1179.60217    0.9758500      52.97
   1179.60376    0.9769000      53.02
   1179.60535    0.9775000      53.06
   1179.60693    0.9779600      53.08
   1179.60852    0.9783300      53.10
   1179.61011    0.9783200      53.10
   1179.61182    0.9778800      53.08
   1179.61340    0.9773600      53.05
   1179.61499    0.9770000      53.03
   1179.61658    0.9766200      53.01
   1179.61816    0.9759900      52.97
   1179.61975    0.9752400      52.93
   1179.62146    0.9746700      52.90
   1179.62305    0.9742700      52.88
   1179.62463    0.9738700      52.86
   1179.62622    0.9736000      52.84
   1179.62781    0.9739400      52.86
   1179.62939    0.9751300      52.92
   1179.63098    0.9769000      53.02
   1179.63269    0.9787400      53.12
   1179.63428    0.9804000      53.21
   1179.63586    0.9819800      53.30
   1179.63745    0.9836200      53.38
   1179.63904    0.9852800      53.47
   1179.64062    0.9868500      53.56
   1179.64233    0.9881400      53.63
   1179.64392    0.9890100      53.68
   1179.64551    0.9894500      53.70
   1179.64709    0.9895600      53.71
   1179.64868    0.9894500      53.70
   1179.65027    0.9892500      53.69
   1179.65198    0.9891400      53.68
   1179.65356    0.9892900      53.69
   1179.65515    0.9896500      53.71
   1179.65674    0.9900100      53.73
   1179.65833    0.9902200      53.74
   1179.65991    0.9903800      53.75
   1179.66162    0.9905600      53.76
   1179.66321    0.9906000      53.76
   1179.66479    0.9903200      53.75
   1179.66638    0.9899900      53.73
   1179.66797    0.9900400      53.73
   1179.66956    0.9904300      53.75
   1179.67126    0.9905900      53.76
   1179.67285    0.9901800      53.74
   1179.67444    0.9896300      53.71
   1179.67603    0.9895200      53.70
   1179.67761    0.9896600      53.71
   1179.67920    0.9893200      53.69
   1179.68079    0.9882800      53.63
   1179.68250    0.9871500      53.57
   1179.68408    0.9865500      53.54
   1179.68567    0.9862600      53.52
   1179.68726    0.9856300      53.49
   1179.68884    0.9845300      53.43
   1179.69043    0.9834300      53.37
   1179.69214    0.9825500      53.32
   1179.69373    0.9814600      53.26
   1179.69531    0.9795600      53.16
   1179.69690    0.9769200      53.02
   1179.69849    0.9741600      52.87
   1179.70007    0.9718700      52.74
   1179.70178    0.9702000      52.65
   1179.70337    0.9691000      52.59
   1179.70496    0.9685900      52.56
   1179.70654    0.9687400      52.57
   1179.70813    0.9694400      52.61
   1179.70972    0.9702400      52.65
   1179.71143    0.9705600      52.67
   1179.71301    0.9700900      52.64
   1179.71460    0.9689600      52.58
   1179.71619    0.9675700      52.51
   1179.71777    0.9661300      52.43
   1179.71936    0.9646400      52.35
   1179.72107    0.9632200      52.27
   1179.72266    0.9621200      52.21
   1179.72424    0.9613600      52.17
   1179.72583    0.9605000      52.12
   1179.72742    0.9590500      52.04
   1179.72900    0.9570500      51.93
   1179.73071    0.9548000      51.81
   1179.73230    0.9520500      51.66
   1179.73389    0.9479800      51.44
   1179.73547    0.9420800      51.12
   1179.73706    0.9346100      50.72
   1179.73865    0.9260400      50.25
   1179.74036    0.9161900      49.72
   1179.74194    0.9042700      49.07
   1179.74353    0.8896600      48.28
   1179.74512    0.8726300      47.35
   1179.74670    0.8546900      46.38
   1179.74829    0.8387200      45.51
   1179.75000    0.8283000      44.95
   1179.75159    0.8260200      44.82
   1179.75317    0.8318300      45.14
   1179.75476    0.8434000      45.76
   1179.75635    0.8580000      46.56
   1179.75793    0.8739300      47.42
   1179.75964    0.8902100      48.30
   1179.76123    0.9056900      49.14
   1179.76282    0.9193200      49.88
   1179.76440    0.9308400      50.51
   1179.76599    0.9406800      51.04
   1179.76758    0.9490900      51.50
   1179.76917    0.9559300      51.87
   1179.77087    0.9612300      52.16
   1179.77246    0.9655500      52.39
   1179.77405    0.9693200      52.60
   1179.77563    0.9724900      52.77
   1179.77722    0.9749500      52.90
   1179.77881    0.9770500      53.01
   1179.78052    0.9791300      53.13
   1179.78210    0.9809700      53.23
   1179.78369    0.9821500      53.29
   1179.78528    0.9827900      53.33
   1179.78687    0.9835600      53.37
   1179.78845    0.9847800      53.43
   1179.79016    0.9861100      53.51
   1179.79175    0.9871200      53.56
   1179.79333    0.9878800      53.60
   1179.79492    0.9886000      53.64
   1179.79651    0.9891000      53.67
   1179.79810    0.9890600      53.66
   1179.79980    0.9886800      53.64
   1179.80139    0.9885500      53.64
   1179.80298    0.9888500      53.65
   1179.80457    0.9891000      53.67
   1179.80615    0.9888800      53.65
   1179.80774    0.9884900      53.63
   1179.80945    0.9885300      53.63
   1179.81104    0.9890100      53.66
   1179.81262    0.9893400      53.68
   1179.81421    0.9891800      53.67
   1179.81580    0.9888600      53.65
   1179.81738    0.9888800      53.65
   1179.81909    0.9893000      53.68
   1179.82068    0.9897900      53.70
   1179.82227    0.9902400      53.73
   1179.82385    0.9907600      53.75
   1179.82544    0.9913300      53.79
   1179.82703    0.9917700      53.81
   1179.82874    0.9919800      53.82
   1179.83032    0.9921300      53.83
   1179.83191    0.9922700      53.84
   1179.83350    0.9922900      53.84
   1179.83508    0.9921200      53.83
   1179.83667    0.9920900      53.83
   1179.83838    0.9924400      53.84
   1179.83997    0.9929700      53.87
   1179.84155    0.9932400      53.89
   1179.84314    0.9931900      53.88
   1179.84473    0.9932000      53.88
   1179.84631    0.9935000      53.90
   1179.84802    0.9938100      53.92
   1179.84961    0.9937200      53.91
   1179.85120    0.9932800      53.89
   1179.85278    0.9929700      53.87
   1179.85437    0.9932000      53.88
   1179.85596    0.9938400      53.92
   1179.85767    0.9944400      53.95
   1179.85925    0.9946100      53.96
   1179.86084    0.9943200      53.94
   1179.86243    0.9938300      53.92
   1179.86401    0.9934400      53.90
   1179.86560    0.9932300      53.88
   1179.86731    0.9931200      53.88
   1179.86890    0.9930400      53.87
   1179.87048    0.9930300      53.87
   1179.87207    0.9931200      53.88
   1179.87366    0.9932100      53.88
   1179.87524    0.9932600      53.89
   1179.87695    0.9933200      53.89
   1179.87854    0.9933600      53.89
   1179.88013    0.9932400      53.88
   1179.88171    0.9929400      53.87
   1179.88330    0.9927900      53.86
   1179.88489    0.9931000      53.88
   1179.88660    0.9936800      53.91
   1179.88818    0.9940000      53.92
   1179.88977    0.9938700      53.92
   1179.89136    0.9936300      53.90
   1179.89294    0.9936600      53.91
   1179.89453    0.9939500      53.92
   1179.89624    0.9943000      53.94
   1179.89783    0.9946500      53.96
   1179.89941    0.9949600      53.97
   1179.90100    0.9950900      53.98
   1179.90259    0.9949400      53.97
   1179.90417    0.9946200      53.96
   1179.90588    0.9942300      53.93
   1179.90747    0.9935900      53.90
   1179.90906    0.9924900      53.84
   1179.91064    0.9911800      53.77
   1179.91223    0.9902400      53.72
   1179.91382    0.9900000      53.70
   1179.91553    0.9902500      53.72
   1179.91711    0.9907200      53.74
   1179.91870    0.9913500      53.78
   1179.92029    0.9920700      53.82
   1179.92188    0.9925500      53.84
   1179.92346    0.9925600      53.84
   1179.92517    0.9923000      53.83
   1179.92676    0.9921900      53.82
   1179.92834    0.9923200      53.83
   1179.92993    0.9924900      53.84
   1179.93152    0.9926800      53.85
   1179.93311    0.9930800      53.87
   1179.93481    0.9937200      53.90
   1179.93640    0.9942300      53.93
   1179.93799    0.9943200      53.94
   1179.93958    0.9942300      53.93
   1179.94116    0.9943300      53.94
   1179.94275    0.9946300      53.95
   1179.94446    0.9947900      53.96
   1179.94604    0.9946600      53.95
   1179.94763    0.9944400      53.94
   1179.94922    0.9943000      53.93
   1179.95081    0.9942000      53.93
   1179.95251    0.9940500      53.92
   1179.95410    0.9939000      53.91
   1179.95569    0.9937600      53.90
   1179.95728    0.9933300      53.88
   1179.95886    0.9923700      53.83
   1179.96045    0.9911100      53.76
   1179.96216    0.9902000      53.71
   1179.96375    0.9900100      53.70
   1179.96533    0.9901700      53.71
   1179.96692    0.9900300      53.70
   1179.96851    0.9891900      53.66
   1179.97009    0.9876300      53.57
   1179.97180    0.9852300      53.44
   1179.97339    0.9817000      53.25
   1179.97498    0.9769400      52.99
   1179.97656    0.9712500      52.68
   1179.97815    0.9649500      52.34
   1179.97974    0.9579900      51.96
   1179.98145    0.9503100      51.55
   1179.98303    0.9424500      51.12
   1179.98462    0.9356000      50.75
   1179.98621    0.9307400      50.48
   1179.98779    0.9281400      50.34
   1179.98938    0.9276400      50.31
   1179.99109    0.9292400      50.40
   1179.99268    0.9330700      50.61
   1179.99426    0.9388900      50.92
   1179.99585    0.9459400      51.31
   1179.99744    0.9534100      51.71
   1179.99902    0.9607600      52.11
   1180.00073    0.9676500      52.48
   1180.00232    0.9737300      52.81
   1180.00391    0.9788000      53.09
   1180.00549    0.9828800      53.31
   1180.00708    0.9860700      53.48
   1180.00867    0.9884800      53.61
   1180.01038    0.9902500      53.71
   1180.01196    0.9915900      53.78
   1180.01355    0.9926300      53.84
   1180.01514    0.9932100      53.87
   1180.01672    0.9932700      53.87
   1180.01831    0.9931300      53.86
   1180.02002    0.9932700      53.87
   1180.02161    0.9937200      53.90
   1180.02319    0.9941200      53.92
   1180.02478    0.9942800      53.93
   1180.02637    0.9943900      53.93
   1180.02795    0.9945500      53.94
   1180.02966    0.9945900      53.94
   1180.03125    0.9943800      53.93
   1180.03284    0.9941400      53.92
   1180.03442    0.9940100      53.91
   1180.03601    0.9937100      53.89
   1180.03760    0.9929800      53.85
   1180.03931    0.9921500      53.81
   1180.04089    0.9918000      53.79
   1180.04248    0.9918800      53.79
   1180.04407    0.9917200      53.79
   1180.04565    0.9910300      53.75
   1180.04736    0.9903300      53.71
   1180.04895    0.9900500      53.69
   1180.05054    0.9899100      53.69
   1180.05212    0.9894200      53.66
   1180.05371    0.9887300      53.62
   1180.05530    0.9883700      53.60
   1180.05701    0.9882900      53.60
   1180.05859    0.9878900      53.58
   1180.06018    0.9869100      53.52
   1180.06177    0.9858400      53.46
   1180.06335    0.9851400      53.43
   1180.06494    0.9846000      53.40
   1180.06665    0.9837100      53.35
   1180.06824    0.9823500      53.27
   1180.06982    0.9806400      53.18
   1180.07141    0.9785100      53.07
   1180.07300    0.9756500      52.91
   1180.07458    0.9720200      52.71
   1180.07629    0.9679700      52.49
   1180.07788    0.9638600      52.27
   1180.07947    0.9596500      52.04
   1180.08105    0.9549200      51.79
   1180.08264    0.9490100      51.47
   1180.08423    0.9413700      51.05
   1180.08594    0.9318400      50.53
   1180.08752    0.9206500      49.93
   1180.08911    0.9079900      49.24
   1180.09070    0.8935800      48.46
   1180.09229    0.8768400      47.55
   1180.09387    0.8575900      46.51
   1180.09558    0.8363300      45.35
   1180.09717    0.8143800      44.16
   1180.09875    0.7940300      43.06
