   1160.00085    0.4733600      26.61
   1160.00232    0.4167200      23.43
   1160.00391    0.3559900      20.01
   1160.00549    0.2936000      16.51
   1160.00708    0.2333600      13.12
   1160.00854    0.1799000      10.11
   1160.01013    0.1375500       7.73
   1160.01172    0.1093400       6.15
   1160.01318    0.0968100       5.44
   1160.01477    0.1002600       5.64
   1160.01636    0.1188800       6.68
   1160.01794    0.1505500       8.46
   1160.01941    0.1917200      10.78
   1160.02100    0.2378300      13.37
   1160.02258    0.2840900      15.97
   1160.02417    0.3260200      18.33
   1160.02563    0.3597700      20.23
   1160.02722    0.3825400      21.51
   1160.02881    0.3925300      22.07
   1160.03027    0.3882700      21.83
   1160.03186    0.3688200      20.74
   1160.03345    0.3361700      18.90
   1160.03503    0.2982700      16.77
   1160.03650    0.2687300      15.11
   1160.03809    0.2609300      14.67
   1160.03967    0.2805100      15.77
   1160.04126    0.3224300      18.13
   1160.04272    0.3750200      21.08
   1160.04431    0.4268500      24.00
   1160.04590    0.4710100      26.48
   1160.04736    0.5050300      28.39
   1160.04895    0.5288900      29.73
   1160.05054    0.5435800      30.56
   1160.05212    0.5506500      30.96
   1160.05359    0.5519200      31.03
   1160.05518    0.5489600      30.86
   1160.05676    0.5427900      30.51
   1160.05835    0.5339800      30.02
   1160.05981    0.5228900      29.40
   1160.06140    0.5097800      28.66
   1160.06299    0.4945800      27.80
   1160.06445    0.4767900      26.80
   1160.06604    0.4557500      25.62
   1160.06763    0.4310600      24.23
   1160.06921    0.4025600      22.63
   1160.07068    0.3700500      20.80
   1160.07227    0.3332000      18.73
   1160.07385    0.2921500      16.42
   1160.07544    0.2479100      13.94
   1160.07690    0.2020500      11.36
   1160.07849    0.1561600       8.78
   1160.08008    0.1121800       6.31
   1160.08167    0.0729300       4.10
   1160.08313    0.0415800       2.34
   1160.08472    0.0199500       1.12
   1160.08630    0.0074100       0.42
   1160.08777    0.0014700       0.08
   1160.08936   -0.0006000      -0.03
   1160.09094   -0.0008100      -0.05
   1160.09253   -0.0004000      -0.02
   1160.09399   -0.0000900      -0.01
   1160.09558   -0.0000400       0.00
   1160.09717   -0.0000800       0.00
   1160.09875   -0.0000200       0.00
   1160.10022    0.0002300       0.01
   1160.10181    0.0008500       0.05
   1160.10339    0.0024400       0.14
   1160.10486    0.0063100       0.35
   1160.10645    0.0144200       0.81
   1160.10803    0.0288800       1.62
   1160.10962    0.0507300       2.85
   1160.11108    0.0792600       4.46
   1160.11267    0.1126700       6.33
   1160.11426    0.1495500       8.41
   1160.11584    0.1891500      10.63
   1160.11731    0.2302500      12.94
   1160.11890    0.2706400      15.21
   1160.12048    0.3080500      17.32
   1160.12195    0.3409700      19.17
   1160.12354    0.3681400      20.69
   1160.12512    0.3880300      21.81
   1160.12671    0.4006200      22.52
   1160.12817    0.4100100      23.05
   1160.12976    0.4237200      23.82
   1160.13135    0.4478300      25.17
   1160.13293    0.4824000      27.12
   1160.13440    0.5220000      29.34
   1160.13599    0.5605200      31.51
   1160.13757    0.5950900      33.45
   1160.13916    0.6258600      35.18
   1160.14062    0.6536400      36.74
   1160.14221    0.6786200      38.14
   1160.14380    0.7007800      39.39
   1160.14526    0.7205200      40.50
   1160.14685    0.7383400      41.50
   1160.14844    0.7543400      42.40
   1160.15002    0.7683500      43.19
   1160.15149    0.7805000      43.87
   1160.15308    0.7912900      44.48
   1160.15466    0.8012000      45.03
   1160.15625    0.8103900      45.55
   1160.15771    0.8187400      46.02
   1160.15930    0.8261500      46.44
   1160.16089    0.8325800      46.80
   1160.16235    0.8380900      47.11
   1160.16394    0.8428000      47.37
   1160.16553    0.8469000      47.60
   1160.16711    0.8505100      47.80
   1160.16858    0.8535100      47.97
   1160.17017    0.8558200      48.10
   1160.17175    0.8576800      48.21
   1160.17334    0.8595000      48.31
   1160.17480    0.8613500      48.41
   1160.17639    0.8628000      48.49
   1160.17798    0.8635900      48.54
   1160.17957    0.8642400      48.57
   1160.18103    0.8658000      48.66
   1160.18262    0.8686500      48.82
   1160.18420    0.8720600      49.01
   1160.18567    0.8748700      49.17
   1160.18726    0.8765500      49.27
   1160.18884    0.8771900      49.30
   1160.19043    0.8769700      49.29
   1160.19189    0.8757200      49.22
   1160.19348    0.8731900      49.08
   1160.19507    0.8692200      48.85
   1160.19666    0.8636200      48.54
   1160.19812    0.8562400      48.12
   1160.19971    0.8475000      47.63
   1160.20129    0.8390300      47.16
   1160.20276    0.8333300      46.84
   1160.20435    0.8325500      46.79
   1160.20593    0.8371800      47.05
   1160.20752    0.8459700      47.55
   1160.20898    0.8570100      48.17
   1160.21057    0.8687300      48.82
   1160.21216    0.8801200      49.46
   1160.21375    0.8902600      50.03
   1160.21521    0.8983000      50.49
   1160.21680    0.9041800      50.82
   1160.21838    0.9089300      51.08
   1160.21997    0.9139400      51.36
   1160.22144    0.9196600      51.69
   1160.22302    0.9253500      52.01
   1160.22461    0.9300500      52.27
   1160.22607    0.9335700      52.47
   1160.22766    0.9364100      52.63
   1160.22925    0.9390000      52.77
   1160.23083    0.9413200      52.90
   1160.23230    0.9432400      53.01
   1160.23389    0.9449700      53.11
   1160.23547    0.9467700      53.21
   1160.23706    0.9486200      53.31
   1160.23853    0.9502600      53.40
   1160.24011    0.9516600      53.48
   1160.24170    0.9530300      53.56
   1160.24329    0.9544700      53.64
   1160.24475    0.9556700      53.71
   1160.24634    0.9563800      53.75
   1160.24792    0.9568100      53.77
   1160.24939    0.9574200      53.81
   1160.25098    0.9582100      53.85
   1160.25256    0.9587600      53.88
   1160.25415    0.9589200      53.89
   1160.25562    0.9590700      53.90
   1160.25720    0.9593300      53.91
   1160.25879    0.9591300      53.90
   1160.26038    0.9580200      53.84
   1160.26184    0.9567200      53.76
   1160.26343    0.9564100      53.75
   1160.26501    0.9571900      53.79
   1160.26648    0.9578200      53.83
   1160.26807    0.9574300      53.80
   1160.26965    0.9563300      53.74
   1160.27124    0.9547800      53.65
   1160.27271    0.9518900      53.49
   1160.27429    0.9468700      53.21
   1160.27588    0.9410500      52.88
   1160.27747    0.9373000      52.67
   1160.27893    0.9369100      52.65
   1160.28052    0.9380700      52.72
   1160.28210    0.9377500      52.70
   1160.28369    0.9347000      52.53
   1160.28516    0.9299700      52.26
   1160.28674    0.9253700      52.00
   1160.28833    0.9222700      51.83
   1160.28992    0.9214600      51.78
   1160.29138    0.9231500      51.88
   1160.29297    0.9267600      52.08
   1160.29456    0.9312500      52.33
   1160.29602    0.9359100      52.59
   1160.29761    0.9405700      52.85
   1160.29919    0.9449900      53.10
   1160.30078    0.9487100      53.31
   1160.30225    0.9515300      53.47
   1160.30383    0.9537500      53.59
   1160.30542    0.9556800      53.70
   1160.30701    0.9572500      53.79
   1160.30847    0.9584000      53.85
   1160.31006    0.9593500      53.91
   1160.31165    0.9603100      53.96
   1160.31323    0.9611100      54.01
   1160.31470    0.9614600      54.03
   1160.31628    0.9614000      54.02
   1160.31787    0.9611900      54.01
   1160.31934    0.9609400      54.00
   1160.32092    0.9606200      53.98
   1160.32251    0.9601400      53.95
   1160.32410    0.9592300      53.90
   1160.32556    0.9573600      53.79
   1160.32715    0.9542100      53.62
   1160.32874    0.9498500      53.37
   1160.33032    0.9440600      53.05
   1160.33179    0.9358200      52.58
   1160.33337    0.9247100      51.96
   1160.33496    0.9128700      51.29
   1160.33655    0.9046600      50.83
   1160.33801    0.9034200      50.76
   1160.33960    0.9086300      51.06
   1160.34119    0.9165400      51.50
   1160.34265    0.9232900      51.88
   1160.34424    0.9271100      52.09
   1160.34583    0.9280400      52.15
   1160.34741    0.9265500      52.06
   1160.34888    0.9226600      51.84
   1160.35046    0.9159500      51.47
   1160.35205    0.9061400      50.91
   1160.35364    0.8941000      50.24
   1160.35510    0.8820600      49.56
   1160.35669    0.8724200      49.02
   1160.35828    0.8661100      48.66
   1160.35986    0.8624700      48.46
   1160.36133    0.8608000      48.37
   1160.36292    0.8614200      48.40
   1160.36450    0.8650000      48.60
   1160.36597    0.8713800      48.96
   1160.36755    0.8795400      49.42
   1160.36914    0.8884500      49.92
   1160.37073    0.8974000      50.42
   1160.37219    0.9057000      50.89
   1160.37378    0.9127300      51.28
   1160.37537    0.9183200      51.60
   1160.37695    0.9226600      51.84
   1160.37842    0.9258600      52.02
   1160.38000    0.9279000      52.13
   1160.38159    0.9290500      52.20
   1160.38318    0.9299200      52.25
   1160.38464    0.9306800      52.29
   1160.38623    0.9308200      52.30
   1160.38782    0.9298700      52.24
   1160.38940    0.9280000      52.14
   1160.39087    0.9256400      52.01
   1160.39246    0.9228100      51.85
   1160.39404    0.9193100      51.65
   1160.39551    0.9152300      51.42
   1160.39709    0.9107000      51.17
   1160.39868    0.9053600      50.87
   1160.40027    0.8986400      50.49
   1160.40173    0.8907800      50.05
   1160.40332    0.8828500      49.60
   1160.40491    0.8754800      49.19
   1160.40649    0.8680000      48.77
   1160.40796    0.8592600      48.28
   1160.40955    0.8487700      47.69
   1160.41113    0.8367200      47.01
   1160.41272    0.8230500      46.24
   1160.41418    0.8072200      45.35
   1160.41577    0.7887100      44.31
   1160.41736    0.7672800      43.11
   1160.41882    0.7425700      41.72
   1160.42041    0.7137300      40.10
   1160.42200    0.6797600      38.19
   1160.42358    0.6397400      35.94
   1160.42505    0.5927700      33.30
   1160.42664    0.5380000      30.23
   1160.42822    0.4750100      26.69
   1160.42981    0.4042600      22.71
   1160.43127    0.3274700      18.40
   1160.43286    0.2485300      13.96
   1160.43445    0.1740500       9.78
   1160.43604    0.1120800       6.30
   1160.43750    0.0685300       3.85
   1160.43909    0.0444300       2.50
   1160.44067    0.0371700       2.09
   1160.44226    0.0447000       2.51
   1160.44373    0.0681000       3.83
   1160.44531    0.1095900       6.16
   1160.44690    0.1685300       9.47
   1160.44836    0.2399200      13.48
   1160.44995    0.3165400      17.78
   1160.45154    0.3919500      22.02
   1160.45312    0.4619800      25.95
   1160.45459    0.5244600      29.46
   1160.45618    0.5787600      32.51
   1160.45776    0.6253000      35.13
   1160.45935    0.6649400      37.35
   1160.46082    0.6985300      39.24
   1160.46240    0.7268700      40.83
   1160.46399    0.7509600      42.19
   1160.46558    0.7718000      43.36
   1160.46704    0.7899700      44.38
   1160.46863    0.8055700      45.25
   1160.47021    0.8187300      45.99
   1160.47180    0.8298600      46.62
   1160.47327    0.8393400      47.15
   1160.47485    0.8471400      47.59
   1160.47644    0.8530300      47.92
   1160.47791    0.8572000      48.15
   1160.47949    0.8603300      48.33
   1160.48108    0.8628700      48.47
   1160.48267    0.8646500      48.57
   1160.48413    0.8651600      48.60
   1160.48572    0.8643600      48.55
   1160.48730    0.8629100      48.47
   1160.48889    0.8614900      48.39
   1160.49036    0.8600100      48.31
   1160.49194    0.8577900      48.19
   1160.49353    0.8542300      47.99
   1160.49512    0.8491800      47.70
   1160.49658    0.8428000      47.34
   1160.49817    0.8351200      46.91
   1160.49976    0.8260700      46.40
   1160.50134    0.8157700      45.82
   1160.50281    0.8045500      45.19
   1160.50439    0.7927100      44.53
   1160.50598    0.7801600      43.82
   1160.50757    0.7665100      43.06
   1160.50903    0.7514600      42.21
   1160.51062    0.7348000      41.28
   1160.51221    0.7161100      40.23
   1160.51367    0.6942400      39.00
   1160.51526    0.6676200      37.50
   1160.51685    0.6349900      35.67
   1160.51843    0.5960700      33.48
   1160.51990    0.5514800      30.98
   1160.52148    0.5028700      28.25
   1160.52307    0.4537900      25.49
   1160.52466    0.4105900      23.06
   1160.52612    0.3814300      21.42
   1160.52771    0.3729700      20.95
   1160.52930    0.3870500      21.74
   1160.53088    0.4199800      23.59
   1160.53235    0.4648900      26.11
   1160.53394    0.5148400      28.92
   1160.53552    0.5645400      31.71
   1160.53711    0.6106700      34.30
   1160.53857    0.6513700      36.59
   1160.54016    0.6857500      38.52
   1160.54175    0.7134000      40.07
   1160.54333    0.7340900      41.23
   1160.54480    0.7481300      42.02
   1160.54639    0.7566200      42.50
   1160.54797    0.7612300      42.76
   1160.54944    0.7636000      42.89
   1160.55103    0.7653000      42.99
   1160.55261    0.7681500      43.15
   1160.55420    0.7742000      43.48
   1160.55566    0.7848600      44.08
   1160.55725    0.7998600      44.93
   1160.55884    0.8173400      45.91
   1160.56042    0.8349400      46.90
   1160.56189    0.8510900      47.80
   1160.56348    0.8652800      48.60
   1160.56506    0.8776300      49.29
   1160.56665    0.8882800      49.89
   1160.56812    0.8973300      50.40
   1160.56970    0.9050100      50.83
   1160.57129    0.9118200      51.21
   1160.57288    0.9182200      51.57
   1160.57434    0.9241800      51.91
   1160.57593    0.9293300      52.20
   1160.57751    0.9334100      52.42
   1160.57910    0.9366200      52.61
   1160.58057    0.9393000      52.76
   1160.58215    0.9414300      52.87
   1160.58374    0.9427000      52.95
   1160.58521    0.9430500      52.97
   1160.58679    0.9429300      52.96
   1160.58838    0.9430100      52.96
   1160.58997    0.9436200      53.00
   1160.59143    0.9446100      53.05
   1160.59302    0.9456000      53.11
   1160.59460    0.9460900      53.14
   1160.59619    0.9457400      53.12
   1160.59766    0.9446900      53.06
   1160.59924    0.9434700      52.99
   1160.60083    0.9424900      52.93
   1160.60242    0.9416200      52.88
   1160.60388    0.9406300      52.83
   1160.60547    0.9397600      52.78
   1160.60706    0.9396100      52.77
   1160.60864    0.9403100      52.81
   1160.61011    0.9412900      52.86
   1160.61169    0.9420500      52.91
   1160.61328    0.9426300      52.94
   1160.61487    0.9431500      52.97
   1160.61633    0.9432500      52.97
   1160.61792    0.9425700      52.94
   1160.61951    0.9413500      52.87
   1160.62109    0.9400900      52.80
   1160.62256    0.9388600      52.73
   1160.62415    0.9375100      52.65
   1160.62573    0.9364700      52.59
   1160.62720    0.9364400      52.59
   1160.62878    0.9371700      52.63
   1160.63037    0.9374900      52.65
   1160.63196    0.9365900      52.60
   1160.63342    0.9345900      52.49
   1160.63501    0.9312100      52.30
   1160.63660    0.9249400      51.94
   1160.63818    0.9144300      51.35
   1160.63965    0.8995800      50.52
   1160.64124    0.8797200      49.40
   1160.64282    0.8521000      47.85
   1160.64441    0.8153900      45.79
   1160.64587    0.7760400      43.58
   1160.64746    0.7484400      42.03
   1160.64905    0.7452400      41.85
   1160.65063    0.7667500      43.06
   1160.65210    0.8010200      44.98
   1160.65369    0.8343600      46.86
   1160.65527    0.8605600      48.33
   1160.65686    0.8806600      49.46
   1160.65833    0.8971100      50.38
   1160.65991    0.9105600      51.13
   1160.66150    0.9211500      51.73
   1160.66309    0.9298600      52.22
   1160.66455    0.9377200      52.66
   1160.66614    0.9447400      53.05
   1160.66772    0.9505500      53.38
   1160.66919    0.9553900      53.65
   1160.67078    0.9597600      53.90
   1160.67236    0.9635800      54.11
   1160.67395    0.9664200      54.27
   1160.67542    0.9683300      54.38
   1160.67700    0.9699000      54.46
   1160.67859    0.9713900      54.55
   1160.68018    0.9725400      54.61
   1160.68164    0.9731800      54.65
   1160.68323    0.9736700      54.68
   1160.68481    0.9743500      54.71
   1160.68640    0.9750200      54.75
   1160.68787    0.9753000      54.77
   1160.68945    0.9752400      54.76
   1160.69104    0.9751200      54.76
   1160.69263    0.9748400      54.74
   1160.69409    0.9738700      54.69
   1160.69568    0.9721000      54.59
   1160.69727    0.9702400      54.48
   1160.69885    0.9690600      54.42
   1160.70032    0.9686300      54.39
   1160.70190    0.9684800      54.38
   1160.70349    0.9683900      54.38
   1160.70508    0.9685500      54.39
   1160.70654    0.9689100      54.41
   1160.70813    0.9690700      54.41
   1160.70972    0.9687800      54.40
   1160.71130    0.9681500      54.36
   1160.71277    0.9671600      54.31
   1160.71436    0.9654500      54.21
   1160.71594    0.9629200      54.07
   1160.71741    0.9602200      53.92
   1160.71899    0.9581200      53.80
   1160.72058    0.9565200      53.71
   1160.72217    0.9545600      53.60
   1160.72363    0.9516100      53.43
   1160.72522    0.9477100      53.21
   1160.72681    0.9428900      52.94
   1160.72839    0.9368100      52.60
   1160.72986    0.9290700      52.17
   1160.73145    0.9195400      51.63
   1160.73303    0.9079900      50.98
   1160.73462    0.8938800      50.19
   1160.73608    0.8770100      49.24
   1160.73767    0.8579300      48.17
   1160.73926    0.8370700      47.00
   1160.74084    0.8137500      45.69
   1160.74231    0.7866100      44.17
   1160.74390    0.7552500      42.41
   1160.74548    0.7207900      40.47
   1160.74707    0.6846600      38.44
   1160.74854    0.6476900      36.37
   1160.75012    0.6107300      34.29
   1160.75171    0.5755500      32.32
   1160.75330    0.5444000      30.57
   1160.75476    0.5186500      29.12
   1160.75635    0.4984800      27.99
   1160.75793    0.4839500      27.17
   1160.75952    0.4758100      26.72
   1160.76099    0.4750000      26.67
   1160.76257    0.4819700      27.06
   1160.76416    0.4967400      27.89
   1160.76575    0.5194600      29.17
   1160.76721    0.5501300      30.89
   1160.76880    0.5876500      32.99
   1160.77039    0.6294800      35.34
   1160.77197    0.6725300      37.76
   1160.77344    0.7143600      40.11
   1160.77502    0.7535000      42.31
   1160.77661    0.7889800      44.30
   1160.77808    0.8199500      46.04
   1160.77966    0.8460000      47.50
   1160.78125    0.8676300      48.71
   1160.78284    0.8858600      49.74
   1160.78430    0.9014600      50.61
   1160.78589    0.9145900      51.35
   1160.78748    0.9252700      51.95
   1160.78906    0.9338100      52.43
   1160.79053    0.9407200      52.82
   1160.79211    0.9463500      53.13
   1160.79370    0.9509000      53.39
   1160.79529    0.9546200      53.60
   1160.79675    0.9578300      53.78
   1160.79834    0.9606100      53.93
   1160.79993    0.9627700      54.05
   1160.80151    0.9641700      54.13
   1160.80298    0.9650500      54.18
   1160.80457    0.9658700      54.23
   1160.80615    0.9669400      54.29
   1160.80774    0.9682100      54.36
   1160.80920    0.9693800      54.42
   1160.81079    0.9701000      54.46
   1160.81238    0.9703000      54.47
   1160.81396    0.9702700      54.47
   1160.81543    0.9704200      54.48
   1160.81702    0.9708200      54.50
   1160.81860    0.9711700      54.52
   1160.82019    0.9712400      54.53
   1160.82166    0.9711600      54.52
   1160.82324    0.9711800      54.52
   1160.82483    0.9711900      54.52
   1160.82642    0.9709700      54.51
   1160.82788    0.9705500      54.49
   1160.82947    0.9701800      54.47
   1160.83105    0.9699400      54.45
   1160.83264    0.9696800      54.44
   1160.83411    0.9693800      54.42
   1160.83569    0.9692400      54.41
   1160.83728    0.9693300      54.42
   1160.83887    0.9694000      54.42
   1160.84033    0.9693400      54.42
   1160.84192    0.9693300      54.42
   1160.84351    0.9694700      54.42
   1160.84509    0.9694800      54.42
   1160.84656    0.9691100      54.40
   1160.84814    0.9686700      54.38
   1160.84973    0.9686100      54.38
   1160.85132    0.9687900      54.39
   1160.85278    0.9685800      54.37
   1160.85437    0.9677400      54.33
   1160.85596    0.9666800      54.27
   1160.85742    0.9657600      54.21
   1160.85901    0.9648100      54.16
   1160.86060    0.9634800      54.09
   1160.86218    0.9616900      53.99
   1160.86365    0.9592600      53.85
   1160.86523    0.9556700      53.65
   1160.86682    0.9505100      53.36
   1160.86841    0.9439400      52.99
   1160.86987    0.9357600      52.53
   1160.87146    0.9245300      51.90
   1160.87305    0.9090400      51.03
   1160.87463    0.8913000      50.03
   1160.87610    0.8772500      49.24
   1160.87769    0.8729700      49.00
   1160.87927    0.8797800      49.39
   1160.88086    0.8932600      50.14
   1160.88232    0.9071500      50.92
   1160.88391    0.9176500      51.51
   1160.88550    0.9244900      51.90
   1160.88708    0.9289200      52.14
   1160.88855    0.9317700      52.30
   1160.89014    0.9332900      52.39
   1160.89172    0.9336400      52.41
   1160.89331    0.9330300      52.37
   1160.89478    0.9314700      52.29
   1160.89636    0.9288200      52.14
   1160.89795    0.9251600      51.93
   1160.89954    0.9209100      51.69
   1160.90100    0.9164500      51.44
   1160.90259    0.9117100      51.18
   1160.90417    0.9063100      50.87
   1160.90576    0.8999200      50.51
   1160.90723    0.8924800      50.10
   1160.90881    0.8839600      49.62
   1160.91040    0.8741100      49.06
   1160.91199    0.8625100      48.41
   1160.91345    0.8487400      47.64
   1160.91504    0.8324300      46.72
   1160.91663    0.8131600      45.64
   1160.91821    0.7902600      44.36
   1160.91968    0.7626300      42.81
   1160.92126    0.7288900      40.91
   1160.92285    0.6876000      38.59
   1160.92444    0.6375600      35.79
   1160.92590    0.5777400      32.43
   1160.92749    0.5071800      28.47
   1160.92908    0.4261100      23.92
   1160.93066    0.3382200      18.98
   1160.93213    0.2519900      14.14
   1160.93372    0.1789000      10.04
   1160.93530    0.1290200       7.24
   1160.93689    0.1077600       6.05
   1160.93835    0.1160900       6.52
   1160.93994    0.1524000       8.55
   1160.94153    0.2129300      11.95
   1160.94312    0.2906300      16.31
   1160.94458    0.3755600      21.08
   1160.94617    0.4580100      25.71
   1160.94775    0.5319600      29.86
   1160.94934    0.5956000      33.43
   1160.95081    0.6493600      36.45
   1160.95239    0.6940400      38.95
   1160.95398    0.7304400      41.00
   1160.95557    0.7596000      42.63
   1160.95703    0.7827600      43.93
   1160.95862    0.8009400      44.95
   1160.96021    0.8149800      45.74
   1160.96179    0.8255800      46.34
   1160.96326    0.8332900      46.77
   1160.96484    0.8383900      47.06
   1160.96643    0.8410800      47.21
   1160.96802    0.8415500      47.23
   1160.96948    0.8399800      47.14
   1160.97107    0.8364600      46.95
   1160.97266    0.8312000      46.65
   1160.97424    0.8247800      46.29
   1160.97571    0.8179700      45.91
   1160.97729    0.8114700      45.54
   1160.97888    0.8058400      45.23
   1160.98047    0.8017000      44.99
   1160.98193    0.7997500      44.89
   1160.98352    0.8005400      44.93
   1160.98511    0.8042000      45.13
   1160.98669    0.8105200      45.49
   1160.98816    0.8191100      45.97
   1160.98975    0.8294800      46.55
   1160.99133    0.8410500      47.20
   1160.99292    0.8532700      47.89
   1160.99438    0.8656400      48.58
   1160.99597    0.8776700      49.26
   1160.99756    0.8888900      49.89
   1160.99915    0.8989600      50.45
   1161.00061    0.9078000      50.95
   1161.00220    0.9155300      51.38
   1161.00378    0.9222800      51.76
   1161.00537    0.9281200      52.09
   1161.00684    0.9330200      52.36
   1161.00842    0.9369300      52.58
   1161.01001    0.9398400      52.74
   1161.01160    0.9418500      52.86
   1161.01306    0.9432300      52.93
   1161.01465    0.9442200      52.99
   1161.01624    0.9449200      53.03
   1161.01782    0.9452100      53.05
   1161.01929    0.9449700      53.03
   1161.02087    0.9442800      52.99
   1161.02246    0.9433500      52.94
   1161.02405    0.9423300      52.88
   1161.02551    0.9411900      52.82
   1161.02710    0.9398000      52.74
   1161.02869    0.9380600      52.64
   1161.03027    0.9359000      52.52
   1161.03174    0.9331400      52.37
   1161.03333    0.9294800      52.16
   1161.03491    0.9245600      51.88
   1161.03650    0.9180300      51.52
   1161.03796    0.9094000      51.03
   1161.03955    0.8980200      50.40
   1161.04114    0.8833100      49.57
   1161.04272    0.8651300      48.55
   1161.04419    0.8436500      47.34
   1161.04578    0.8191000      45.97
   1161.04736    0.7917100      44.43
   1161.04895    0.7621800      42.77
   1161.05042    0.7319500      41.07
   1161.05200    0.7030000      39.45
   1161.05359    0.6772700      38.01
   1161.05518    0.6563800      36.83
   1161.05664    0.6417300      36.01
   1161.05823    0.6345200      35.61
   1161.05981    0.6353400      35.65
   1161.06140    0.6439700      36.14
   1161.06287    0.6594500      37.01
   1161.06445    0.6803800      38.18
   1161.06604    0.7048800      39.55
   1161.06763    0.7305900      41.00
   1161.06909    0.7550600      42.37
   1161.07068    0.7765300      43.57
   1161.07227    0.7941900      44.57
   1161.07385    0.8079300      45.34
   1161.07532    0.8177800      45.89
   1161.07690    0.8237600      46.22
   1161.07849    0.8259700      46.35
   1161.08008    0.8247000      46.28
   1161.08154    0.8202500      46.03
   1161.08313    0.8127100      45.60
   1161.08472    0.8020500      45.01
   1161.08630    0.7883900      44.24
   1161.08777    0.7720500      43.32
   1161.08936    0.7533800      42.27
   1161.09094    0.7324700      41.10
   1161.09253    0.7093200      39.80
   1161.09399    0.6844100      38.40
   1161.09558    0.6588600      36.97
   1161.09717    0.6339100      35.57
   1161.09875    0.6101200      34.24
   1161.10022    0.5873300      32.96
   1161.10181    0.5655500      31.73
   1161.10339    0.5454400      30.61
   1161.10498    0.5279900      29.63
   1161.10645    0.5137000      28.82
   1161.10803    0.5026400      28.20
   1161.10962    0.4949700      27.77
   1161.11121    0.4911500      27.56
   1161.11267    0.4912200      27.56
   1161.11426    0.4944700      27.74
   1161.11584    0.4997600      28.04
   1161.11743    0.5061100      28.40
   1161.11890    0.5125400      28.76
   1161.12048    0.5176200      29.04
   1161.12207    0.5194500      29.15
   1161.12366    0.5163200      28.97
   1161.12512    0.5071000      28.45
   1161.12671    0.4909500      27.55
   1161.12830    0.4669700      26.20
   1161.12988    0.4343800      24.37
   1161.13135    0.3928000      22.04
   1161.13293    0.3424300      19.21
   1161.13452    0.2843300      15.95
   1161.13611    0.2211000      12.41
   1161.13757    0.1576400       8.84
   1161.13916    0.1005600       5.64
   1161.14075    0.0559600       3.14
   1161.14233    0.0267700       1.50
   1161.14380    0.0116000       0.65
   1161.14539    0.0062600       0.35
   1161.14697    0.0073300       0.41
   1161.14856    0.0151500       0.85
   1161.15002    0.0338100       1.90
   1161.15161    0.0679300       3.81
   1161.15320    0.1187400       6.66
   1161.15479    0.1827500      10.25
   1161.15625    0.2536400      14.23
   1161.15784    0.3254300      18.26
   1161.15942    0.3941600      22.11
   1161.16101    0.4575600      25.67
   1161.16248    0.5143900      28.86
   1161.16406    0.5641800      31.65
   1161.16565    0.6073200      34.07
   1161.16724    0.6444600      36.16
   1161.16870    0.6760100      37.93
   1161.17029    0.7021300      39.39
   1161.17188    0.7232900      40.58
   1161.17346    0.7403500      41.54
   1161.17493    0.7542100      42.31
   1161.17651    0.7654600      42.95
   1161.17810    0.7746800      43.46
   1161.17969    0.7827300      43.91
   1161.18115    0.7905800      44.35
   1161.18274    0.7988800      44.82
   1161.18433    0.8078200      45.32
   1161.18591    0.8174300      45.86
   1161.18738    0.8276200      46.43
   1161.18896    0.8381100      47.02
   1161.19055    0.8485400      47.61
   1161.19214    0.8586700      48.17
   1161.19360    0.8684200      48.72
   1161.19519    0.8776100      49.24
   1161.19678    0.8859100      49.70
   1161.19836    0.8931400      50.11
   1161.19983    0.8994000      50.46
   1161.20142    0.9047200      50.76
   1161.20300    0.9089300      50.99
   1161.20459    0.9119200      51.16
   1161.20605    0.9139900      51.28
   1161.20764    0.9156600      51.37
   1161.20923    0.9173600      51.46
   1161.21082    0.9193400      51.58
   1161.21228    0.9217800      51.71
   1161.21387    0.9245200      51.87
   1161.21545    0.9269900      52.00
   1161.21704    0.9287600      52.10
   1161.21851    0.9300300      52.17
   1161.22009    0.9312200      52.24
   1161.22168    0.9322200      52.30
   1161.22327    0.9324400      52.31
   1161.22473    0.9317000      52.27
   1161.22632    0.9303000      52.19
   1161.22791    0.9280700      52.06
   1161.22949    0.9239500      51.83
   1161.23108    0.9170100      51.44
   1161.23254    0.9072900      50.90
   1161.23413    0.8953900      50.23
   1161.23572    0.8814500      49.45
   1161.23730    0.8647200      48.51
   1161.23877    0.8429600      47.29
   1161.24036    0.8116700      45.53
   1161.24194    0.7663900      42.99
   1161.24353    0.7095300      39.80
   1161.24500    0.6557300      36.78
   1161.24658    0.6268300      35.16
   1161.24817    0.6368900      35.73
   1161.24976    0.6808900      38.20
   1161.25122    0.7391400      41.46
   1161.25281    0.7927000      44.47
   1161.25439    0.8342100      46.80
   1161.25598    0.8655800      48.56
   1161.25745    0.8898400      49.92
   1161.25903    0.9077300      50.92
   1161.26062    0.9199800      51.61
   1161.26221    0.9288800      52.11
   1161.26367    0.9363000      52.52
   1161.26526    0.9421500      52.85
   1161.26685    0.9459100      53.06
   1161.26843    0.9484600      53.20
   1161.26990    0.9511200      53.35
   1161.27148    0.9536200      53.49
   1161.27307    0.9545300      53.54
   1161.27466    0.9536400      53.49
   1161.27612    0.9527500      53.44
   1161.27771    0.9536500      53.49
   1161.27930    0.9562100      53.64
   1161.28088    0.9589200      53.79
   1161.28235    0.9607100      53.89
   1161.28394    0.9616200      53.94
   1161.28552    0.9619400      53.96
   1161.28711    0.9616500      53.94
   1161.28857    0.9606800      53.89
   1161.29016    0.9593200      53.81
   1161.29175    0.9579100      53.73
   1161.29333    0.9565200      53.65
   1161.29480    0.9551600      53.58
   1161.29639    0.9540000      53.51
   1161.29797    0.9532400      53.47
   1161.29956    0.9527900      53.44
   1161.30103    0.9523100      53.42
   1161.30261    0.9516200      53.38
   1161.30420    0.9508300      53.33
   1161.30579    0.9500400      53.29
   1161.30725    0.9492100      53.24
   1161.30884    0.9482200      53.19
   1161.31042    0.9469800      53.12
   1161.31201    0.9454000      53.03
   1161.31360    0.9436800      52.93
   1161.31506    0.9423800      52.86
   1161.31665    0.9421400      52.84
   1161.31824    0.9429800      52.89
   1161.31982    0.9442400      52.96
   1161.32129    0.9452500      53.02
   1161.32288    0.9460400      53.06
   1161.32446    0.9469400      53.11
   1161.32605    0.9479200      53.17
   1161.32751    0.9486700      53.21
   1161.32910    0.9491600      53.24
   1161.33069    0.9496400      53.26
   1161.33228    0.9500500      53.29
   1161.33374    0.9497800      53.27
   1161.33533    0.9485300      53.20
   1161.33691    0.9468100      53.10
   1161.33850    0.9452900      53.02
   1161.33997    0.9438400      52.94
   1161.34155    0.9417000      52.82
   1161.34314    0.9386200      52.64
   1161.34473    0.9351100      52.45
   1161.34619    0.9316600      52.25
   1161.34778    0.9281100      52.05
   1161.34937    0.9240000      51.82
   1161.35095    0.9192200      51.56
   1161.35242    0.9137900      51.25
   1161.35400    0.9073400      50.89
   1161.35559    0.8993400      50.44
   1161.35718    0.8898000      49.91
   1161.35864    0.8791700      49.31
   1161.36023    0.8672700      48.64
   1161.36182    0.8528800      47.83
   1161.36340    0.8348200      46.82
   1161.36487    0.8131500      45.61
   1161.36646    0.7888500      44.24
   1161.36804    0.7620100      42.74
   1161.36963    0.7308500      40.99
   1161.37122    0.6928600      38.86
   1161.37268    0.6467000      36.27
   1161.37427    0.5931200      33.26
   1161.37585    0.5341400      29.96
   1161.37744    0.4726100      26.51
   1161.37891    0.4130100      23.16
   1161.38049    0.3625600      20.33
   1161.38208    0.3301000      18.51
   1161.38367    0.3223800      18.08
   1161.38513    0.3405800      19.10
   1161.38672    0.3800800      21.32
   1161.38831    0.4333600      24.30
   1161.38989    0.4930800      27.65
   1161.39136    0.5533100      31.03
   1161.39294    0.6095900      34.19
   1161.39453    0.6592300      36.97
   1161.39612    0.7017100      39.35
   1161.39758    0.7379100      41.38
   1161.39917    0.7686700      43.11
   1161.40076    0.7942400      44.54
   1161.40234    0.8149500      45.70
   1161.40381    0.8316500      46.64
   1161.40540    0.8451300      47.40
   1161.40698    0.8557100      47.99
   1161.40857    0.8637900      48.44
   1161.41003    0.8705000      48.82
   1161.41162    0.8769700      49.18
   1161.41321    0.8832400      49.53
   1161.41479    0.8884600      49.82
   1161.41626    0.8922000      50.03
   1161.41785    0.8949700      50.19
   1161.41943    0.8970800      50.31
   1161.42102    0.8978800      50.35
   1161.42261    0.8965000      50.27
   1161.42407    0.8930100      50.08
   1161.42566    0.8882400      49.81
   1161.42725    0.8825900      49.49
   1161.42883    0.8758900      49.12
   1161.43030    0.8686400      48.71
   1161.43188    0.8629100      48.39
   1161.43347    0.8614700      48.31
   1161.43506    0.8658200      48.55
   1161.43652    0.8751900      49.08
   1161.43811    0.8872100      49.75
   1161.43970    0.8994500      50.44
   1161.44128    0.9105700      51.06
   1161.44275    0.9202800      51.61
   1161.44434    0.9286000      52.07
   1161.44592    0.9355000      52.46
   1161.44751    0.9410900      52.77
   1161.44897    0.9458500      53.04
   1161.45056    0.9502200      53.28
   1161.45215    0.9541600      53.51
   1161.45374    0.9573800      53.69
   1161.45520    0.9599300      53.83
   1161.45679    0.9621800      53.95
   1161.45837    0.9643200      54.07
   1161.45996    0.9661300      54.18
   1161.46143    0.9675200      54.25
   1161.46301    0.9687600      54.32
   1161.46460    0.9700700      54.40
   1161.46619    0.9712700      54.46
   1161.46777    0.9721600      54.51
   1161.46924    0.9727700      54.55
   1161.47083    0.9731000      54.57
   1161.47241    0.9727800      54.55
   1161.47400    0.9716600      54.48
   1161.47546    0.9704400      54.42
   1161.47705    0.9702700      54.41
   1161.47864    0.9714700      54.47
   1161.48022    0.9732800      54.58
   1161.48169    0.9747500      54.66
   1161.48328    0.9756500      54.71
   1161.48486    0.9761900      54.74
   1161.48645    0.9764900      54.75
   1161.48792    0.9765400      54.76
   1161.48950    0.9766200      54.76
   1161.49109    0.9770300      54.78
   1161.49268    0.9777300      54.82
   1161.49414    0.9784100      54.86
   1161.49573    0.9789500      54.89
   1161.49731    0.9794700      54.92
   1161.49890    0.9800500      54.95
   1161.50037    0.9805700      54.98
   1161.50195    0.9809700      55.00
   1161.50354    0.9813000      55.02
   1161.50513    0.9816700      55.04
   1161.50671    0.9820900      55.07
   1161.50818    0.9825200      55.09
   1161.50977    0.9828000      55.11
   1161.51135    0.9827700      55.10
   1161.51294    0.9825300      55.09
   1161.51440    0.9823600      55.08
   1161.51599    0.9821300      55.07
   1161.51758    0.9811900      55.01
   1161.51917    0.9792300      54.90
   1161.52063    0.9770700      54.78
   1161.52222    0.9759700      54.72
   1161.52380    0.9759500      54.72
   1161.52539    0.9757500      54.71
   1161.52686    0.9746700      54.65
   1161.52844    0.9737400      54.60
   1161.53003    0.9740700      54.61
   1161.53162    0.9749400      54.66
   1161.53308    0.9745300      54.64
   1161.53467    0.9725400      54.53
   1161.53625    0.9708000      54.43
   1161.53784    0.9708000      54.43
   1161.53943    0.9717600      54.48
   1161.54089    0.9718100      54.49
   1161.54248    0.9702800      54.40
   1161.54407    0.9679500      54.27
   1161.54565    0.9653800      54.13
   1161.54712    0.9623400      53.96
   1161.54871    0.9588800      53.76
   1161.55029    0.9560100      53.60
   1161.55188    0.9547400      53.53
   1161.55334    0.9550800      53.55
   1161.55493    0.9563500      53.62
   1161.55652    0.9580500      53.71
   1161.55811    0.9598300      53.81
   1161.55957    0.9610700      53.88
   1161.56116    0.9609800      53.88
   1161.56274    0.9591900      53.78
   1161.56433    0.9557900      53.59
   1161.56580    0.9508700      53.31
   1161.56738    0.9443000      52.94
   1161.56897    0.9361900      52.49
   1161.57056    0.9270700      51.98
   1161.57202    0.9176900      51.45
   1161.57361    0.9089300      50.96
   1161.57520    0.9018700      50.56
   1161.57678    0.8974900      50.32
   1161.57837    0.8960700      50.24
   1161.57983    0.8970400      50.29
   1161.58142    0.8997600      50.44
   1161.58301    0.9041400      50.69
   1161.58459    0.9103900      51.04
   1161.58606    0.9183700      51.49
   1161.58765    0.9274300      51.99
   1161.58923    0.9368200      52.52
   1161.59082    0.9457600      53.02
   1161.59229    0.9533100      53.44
   1161.59387    0.9587000      53.75
   1161.59546    0.9618800      53.92
   1161.59705    0.9635600      54.02
   1161.59851    0.9644400      54.07
   1161.60010    0.9645000      54.07
   1161.60168    0.9629800      53.99
   1161.60327    0.9591000      53.77
   1161.60474    0.9527700      53.41
   1161.60632    0.9452200      52.99
   1161.60791    0.9389000      52.64
   1161.60950    0.9363900      52.49
   1161.61108    0.9386700      52.62
   1161.61255    0.9444900      52.95
   1161.61414    0.9514300      53.34
   1161.61572    0.9576400      53.68
   1161.61731    0.9626600      53.97
   1161.61877    0.9667900      54.20
   1161.62036    0.9703300      54.40
   1161.62195    0.9733200      54.56
   1161.62354    0.9756900      54.70
   1161.62500    0.9774500      54.79
   1161.62659    0.9787900      54.87
   1161.62817    0.9799700      54.94
   1161.62976    0.9809600      54.99
   1161.63123    0.9814300      55.02
   1161.63281    0.9811900      55.00
   1161.63440    0.9806200      54.97
   1161.63599    0.9800600      54.94
   1161.63757    0.9788000      54.87
   1161.63904    0.9756500      54.69
   1161.64062    0.9709000      54.43
   1161.64221    0.9671200      54.21
   1161.64380    0.9669500      54.20
   1161.64526    0.9702700      54.39
   1161.64685    0.9744300      54.62
   1161.64844    0.9771300      54.77
   1161.65002    0.9784600      54.85
   1161.65149    0.9796800      54.92
   1161.65308    0.9811200      55.00
   1161.65466    0.9821800      55.06
   1161.65625    0.9825300      55.08
   1161.65771    0.9825200      55.08
   1161.65930    0.9823400      55.07
   1161.66089    0.9817800      55.03
   1161.66248    0.9809000      54.98
   1161.66394    0.9801500      54.94
   1161.66553    0.9795400      54.91
   1161.66711    0.9784700      54.85
   1161.66870    0.9768000      54.75
   1161.67029    0.9754400      54.68
   1161.67175    0.9750000      54.65
   1161.67334    0.9744300      54.62
   1161.67493    0.9721000      54.49
   1161.67651    0.9681200      54.27
   1161.67798    0.9647800      54.08
   1161.67957    0.9641300      54.04
   1161.68115    0.9657600      54.13
   1161.68274    0.9675600      54.23
   1161.68420    0.9680000      54.26
   1161.68579    0.9671400      54.21
   1161.68738    0.9657300      54.13
   1161.68896    0.9641100      54.04
   1161.69043    0.9621700      53.93
   1161.69202    0.9597700      53.80
   1161.69360    0.9568900      53.64
   1161.69519    0.9535500      53.45
   1161.69678    0.9497500      53.23
   1161.69824    0.9454300      52.99
   1161.69983    0.9404600      52.71
   1161.70142    0.9347500      52.39
   1161.70300    0.9282900      52.03
   1161.70447    0.9208200      51.61
   1161.70605    0.9116500      51.10
   1161.70764    0.9001600      50.45
   1161.70923    0.8864800      49.69
   1161.71069    0.8709600      48.82
   1161.71228    0.8529900      47.81
   1161.71387    0.8307100      46.56
   1161.71545    0.8025400      44.98
   1161.71692    0.7681900      43.06
   1161.71851    0.7279100      40.80
   1161.72009    0.6818400      38.22
   1161.72168    0.6320700      35.43
   1161.72327    0.5855300      32.82
   1161.72473    0.5531400      31.00
   1161.72632    0.5440900      30.50
   1161.72791    0.5601400      31.39
   1161.72949    0.5953800      33.37
   1161.73096    0.6407000      35.91
   1161.73254    0.6883200      38.58
   1161.73413    0.7331900      41.09
   1161.73572    0.7725300      43.30
   1161.73718    0.8052500      45.13
   1161.73877    0.8315500      46.61
   1161.74036    0.8521900      47.76
   1161.74194    0.8680800      48.65
   1161.74341    0.8802400      49.33
   1161.74500    0.8897000      49.86
   1161.74658    0.8970300      50.28
   1161.74817    0.9022800      50.57
   1161.74976    0.9056200      50.76
   1161.75122    0.9079100      50.88
   1161.75281    0.9101500      51.01
   1161.75439    0.9127100      51.15
   1161.75598    0.9153700      51.30
   1161.75745    0.9180800      51.45
   1161.75903    0.9211700      51.63
   1161.76062    0.9247900      51.83
   1161.76221    0.9285300      52.04
   1161.76367    0.9319300      52.23
   1161.76526    0.9349400      52.40
   1161.76685    0.9375000      52.54
   1161.76843    0.9391500      52.63
   1161.76990    0.9394000      52.65
   1161.77148    0.9386300      52.60
   1161.77307    0.9382600      52.58
   1161.77466    0.9396500      52.66
   1161.77625    0.9429500      52.85
   1161.77771    0.9470600      53.08
   1161.77930    0.9507900      53.29
   1161.78088    0.9537300      53.45
   1161.78247    0.9559400      53.57
   1161.78394    0.9572100      53.64
   1161.78552    0.9571500      53.64
   1161.78711    0.9558800      53.57
   1161.78870    0.9540700      53.47
   1161.79016    0.9518700      53.34
   1161.79175    0.9483800      53.15
   1161.79333    0.9425500      52.82
   1161.79492    0.9341200      52.35
   1161.79651    0.9227300      51.71
   1161.79797    0.9068300      50.82
   1161.79956    0.8854800      49.62
   1161.80115    0.8622500      48.32
   1161.80273    0.8457300      47.40
   1161.80420    0.8439300      47.29
   1161.80579    0.8574700      48.05
   1161.80737    0.8789800      49.26
   1161.80896    0.8995600      50.41
   1161.81042    0.9149300      51.27
   1161.81201    0.9256100      51.87
   1161.81360    0.9332100      52.30
   1161.81519    0.9382100      52.58
   1161.81665    0.9406600      52.71
   1161.81824    0.9411900      52.74
   1161.81982    0.9405500      52.71
   1161.82141    0.9389700      52.62
   1161.82300    0.9367100      52.49
   1161.82446    0.9345900      52.37
   1161.82605    0.9333400      52.30
   1161.82764    0.9326400      52.26
   1161.82922    0.9314200      52.19
   1161.83069    0.9290000      52.06
   1161.83228    0.9256200      51.87
   1161.83386    0.9217000      51.65
   1161.83545    0.9168700      51.38
   1161.83691    0.9102400      51.01
   1161.83850    0.9010900      50.49
   1161.84009    0.8892800      49.83
   1161.84167    0.8747400      49.02
   1161.84326    0.8569900      48.02
   1161.84473    0.8351700      46.80
   1161.84631    0.8083500      45.30
   1161.84790    0.7756600      43.46
   1161.84949    0.7369300      41.29
   1161.85095    0.6942900      38.91
   1161.85254    0.6538000      36.64
   1161.85413    0.6245000      34.99
   1161.85571    0.6139000      34.40
   1161.85718    0.6231500      34.92
   1161.85876    0.6462300      36.21
   1161.86035    0.6740700      37.77
   1161.86194    0.6999400      39.22
   1161.86353    0.7217800      40.44
   1161.86499    0.7410400      41.52
   1161.86658    0.7602200      42.60
   1161.86816    0.7810200      43.76
   1161.86975    0.8034000      45.02
   1161.87122    0.8256700      46.27
   1161.87280    0.8457600      47.39
   1161.87439    0.8626200      48.34
   1161.87598    0.8766000      49.12
   1161.87744    0.8884700      49.78
   1161.87903    0.8984900      50.34
   1161.88062    0.9066500      50.80
   1161.88220    0.9132300      51.17
   1161.88367    0.9187400      51.48
   1161.88525    0.9234500      51.74
   1161.88684    0.9272500      51.96
   1161.88843    0.9301000      52.12
   1161.89001    0.9322200      52.23
   1161.89148    0.9338500      52.33
   1161.89307    0.9350300      52.39
   1161.89465    0.9357700      52.43
   1161.89624    0.9360100      52.45
   1161.89771    0.9355900      52.42
   1161.89929    0.9342000      52.34
   1161.90088    0.9317500      52.21
   1161.90247    0.9284700      52.02
   1161.90393    0.9247000      51.81
   1161.90552    0.9205300      51.58
   1161.90710    0.9158100      51.31
   1161.90869    0.9103300      51.01
   1161.91028    0.9039100      50.65
   1161.91174    0.8965400      50.23
   1161.91333    0.8884300      49.78
   1161.91492    0.8800200      49.31
   1161.91650    0.8716000      48.83
   1161.91797    0.8630200      48.35
   1161.91956    0.8538600      47.84
   1161.92114    0.8439200      47.28
   1161.92273    0.8336200      46.71
   1161.92419    0.8236500      46.15
   1161.92578    0.8144800      45.63
   1161.92737    0.8064900      45.19
   1161.92896    0.8002900      44.84
   1161.93054    0.7967700      44.64
   1161.93201    0.7964100      44.62
   1161.93359    0.7987300      44.75
   1161.93518    0.8027800      44.98
   1161.93677    0.8079700      45.27
   1161.93823    0.8143000      45.62
   1161.93982    0.8216900      46.04
   1161.94141    0.8293800      46.47
   1161.94299    0.8365400      46.87
   1161.94446    0.8430900      47.24
   1161.94604    0.8496300      47.60
   1161.94763    0.8565100      47.99
   1161.94922    0.8633000      48.37
   1161.95081    0.8693200      48.70
   1161.95227    0.8743600      48.99
   1161.95386    0.8785700      49.22
   1161.95544    0.8818900      49.41
   1161.95703    0.8840800      49.53
   1161.95850    0.8850400      49.58
   1161.96008    0.8849700      49.58
   1161.96167    0.8840300      49.53
   1161.96326    0.8822200      49.43
   1161.96484    0.8796300      49.28
   1161.96631    0.8764200      49.10
   1161.96790    0.8726200      48.89
   1161.96948    0.8680200      48.63
   1161.97107    0.8624500      48.32
   1161.97253    0.8560300      47.96
   1161.97412    0.8489900      47.56
   1161.97571    0.8412600      47.13
   1161.97729    0.8325300      46.64
   1161.97876    0.8226100      46.08
   1161.98035    0.8114500      45.46
   1161.98193    0.7989500      44.76
   1161.98352    0.7848100      43.97
   1161.98511    0.7688400      43.07
   1161.98657    0.7511200      42.08
   1161.98816    0.7317800      41.00
   1161.98975    0.7106000      39.81
   1161.99133    0.6869400      38.48
   1161.99280    0.6600400      36.98
   1161.99438    0.6291800      35.25
   1161.99597    0.5935200      33.25
   1161.99756    0.5522400      30.94
   1161.99902    0.5049300      28.29
   1162.00061    0.4516500      25.30
   1162.00220    0.3922400      21.97
   1162.00378    0.3259100      18.26
   1162.00537    0.2528400      14.16
   1162.00684    0.1769800       9.91
   1162.00842    0.1069200       5.99
   1162.01001    0.0524100       2.94
   1162.01160    0.0186300       1.04
   1162.01306    0.0033700       0.19
   1162.01465   -0.0005500      -0.03
   1162.01624   -0.0002000      -0.01
   1162.01782    0.0006600       0.04
   1162.01929    0.0011200       0.06
   1162.02087    0.0012100       0.07
   1162.02246    0.0008800       0.05
   1162.02405    0.0001600       0.01
   1162.02563   -0.0005400      -0.03
   1162.02710   -0.0008800      -0.05
   1162.02869   -0.0010800      -0.06
   1162.03027   -0.0014600      -0.08
   1162.03186   -0.0009000      -0.05
   1162.03333    0.0046000       0.26
   1162.03491    0.0210700       1.18
   1162.03650    0.0532600       2.98
   1162.03809    0.1013800       5.68
   1162.03967    0.1609500       9.02
   1162.04114    0.2257000      12.64
   1162.04272    0.2905500      16.28
   1162.04431    0.3524800      19.74
   1162.04590    0.4098000      22.96
   1162.04736    0.4616000      25.86
   1162.04895    0.5077100      28.44
   1162.05054    0.5484800      30.72
   1162.05212    0.5843600      32.73
   1162.05359    0.6158600      34.50
   1162.05518    0.6437700      36.06
   1162.05676    0.6689400      37.47
   1162.05835    0.6918200      38.75
   1162.05994    0.7125700      39.91
   1162.06140    0.7314800      40.97
   1162.06299    0.7490200      41.96
   1162.06458    0.7653900      42.87
   1162.06616    0.7804200      43.71
   1162.06763    0.7942000      44.49
   1162.06921    0.8072600      45.22
   1162.07080    0.8198800      45.92
   1162.07239    0.8316000      46.58
   1162.07397    0.8418100      47.15
   1162.07544    0.8506300      47.65
   1162.07703    0.8586600      48.10
   1162.07861    0.8661200      48.51
   1162.08020    0.8726100      48.88
   1162.08167    0.8779200      49.17
   1162.08325    0.8823600      49.42
   1162.08484    0.8862800      49.64
   1162.08643    0.8897200      49.83
   1162.08789    0.8927500      50.00
   1162.08948    0.8958100      50.18
   1162.09106    0.8991300      50.36
   1162.09265    0.9023500      50.54
   1162.09424    0.9051400      50.70
   1162.09570    0.9079800      50.86
   1162.09729    0.9117400      51.07
   1162.09888    0.9163600      51.33
   1162.10046    0.9206400      51.57
   1162.10193    0.9235500      51.73
   1162.10352    0.9253400      51.83
   1162.10510    0.9270100      51.92
   1162.10669    0.9290900      52.04
   1162.10828    0.9312600      52.16
   1162.10974    0.9331700      52.27
   1162.11133    0.9349400      52.37
   1162.11292    0.9367400      52.47
   1162.11450    0.9384800      52.56
   1162.11597    0.9399600      52.65
   1162.11755    0.9412000      52.72
   1162.11914    0.9422500      52.77
   1162.12073    0.9430200      52.82
   1162.12219    0.9434600      52.84
   1162.12378    0.9437800      52.86
   1162.12537    0.9440500      52.87
   1162.12695    0.9438900      52.87
   1162.12854    0.9430200      52.82
   1162.13000    0.9418600      52.75
   1162.13159    0.9412900      52.72
   1162.13318    0.9416400      52.74
   1162.13477    0.9424400      52.78
   1162.13623    0.9432700      52.83
   1162.13782    0.9443300      52.89
   1162.13940    0.9457300      52.97
   1162.14099    0.9467000      53.02
   1162.14258    0.9463200      53.00
   1162.14404    0.9448000      52.91
   1162.14563    0.9434000      52.84
   1162.14722    0.9430100      52.81
   1162.14880    0.9432700      52.83
   1162.15027    0.9434100      52.84
   1162.15186    0.9431500      52.82
   1162.15344    0.9425200      52.79
   1162.15503    0.9412900      52.72
   1162.15662    0.9393400      52.61
   1162.15808    0.9371900      52.49
   1162.15967    0.9353800      52.39
   1162.16125    0.9334000      52.27
   1162.16284    0.9301600      52.09
   1162.16431    0.9255000      51.83
   1162.16589    0.9207000      51.56
   1162.16748    0.9169800      51.35
   1162.16907    0.9141400      51.20
   1162.17053    0.9111300      51.03
   1162.17212    0.9074500      50.82
   1162.17371    0.9032600      50.59
   1162.17529    0.8983700      50.31
   1162.17688    0.8919700      49.95
   1162.17834    0.8835100      49.48
   1162.17993    0.8731900      48.90
   1162.18152    0.8612600      48.23
   1162.18311    0.8473400      47.45
   1162.18457    0.8306900      46.52
   1162.18616    0.8106800      45.40
   1162.18774    0.7866200      44.05
   1162.18933    0.7575100      42.42
   1162.19092    0.7222500      40.45
   1162.19238    0.6801000      38.09
   1162.19397    0.6305800      35.31
   1162.19556    0.5733800      32.11
   1162.19714    0.5093200      28.52
   1162.19861    0.4418600      24.74
   1162.20020    0.3775100      21.14
   1162.20178    0.3247100      18.18
   1162.20337    0.2919600      16.35
   1162.20496    0.2854400      15.98
   1162.20642    0.3065500      17.17
   1162.20801    0.3506800      19.64
   1162.20959    0.4088900      22.90
   1162.21118    0.4721200      26.44
   1162.21265    0.5341600      29.91
   1162.21423    0.5913200      33.11
   1162.21582    0.6408500      35.89
   1162.21741    0.6812800      38.15
   1162.21899    0.7137200      39.97
   1162.22046    0.7411300      41.50
   1162.22205    0.7650900      42.84
   1162.22363    0.7844500      43.93
   1162.22522    0.7980200      44.69
   1162.22668    0.8077700      45.23
   1162.22827    0.8181400      45.81
   1162.22986    0.8320400      46.59
   1162.23145    0.8484600      47.51
   1162.23303    0.8641900      48.39
   1162.23450    0.8770600      49.11
   1162.23608    0.8869200      49.66
   1162.23767    0.8941600      50.07
   1162.23926    0.8985300      50.31
   1162.24072    0.8994500      50.37
   1162.24231    0.8972800      50.24
   1162.24390    0.8939700      50.06
   1162.24548    0.8923800      49.97
   1162.24695    0.8947700      50.10
   1162.24854    0.9015000      50.48
   1162.25012    0.9109500      51.01
   1162.25171    0.9208400      51.56
   1162.25330    0.9296300      52.05
   1162.25476    0.9368700      52.46
   1162.25635    0.9425800      52.78
   1162.25793    0.9468400      53.02
   1162.25952    0.9499100      53.19
   1162.26099    0.9522400      53.32
   1162.26257    0.9542300      53.43
   1162.26416    0.9559700      53.53
   1162.26575    0.9572900      53.60
   1162.26733    0.9579700      53.64
   1162.26880    0.9579500      53.64
   1162.27039    0.9574900      53.61
   1162.27197    0.9571400      53.59
   1162.27356    0.9572300      53.60
   1162.27502    0.9574900      53.61
   1162.27661    0.9572900      53.60
   1162.27820    0.9563500      53.55
   1162.27979    0.9548600      53.46
   1162.28137    0.9528900      53.35
   1162.28284    0.9500700      53.20
   1162.28442    0.9462300      52.98
   1162.28601    0.9419100      52.74
   1162.28760    0.9378100      52.51
   1162.28906    0.9336400      52.28
   1162.29065    0.9281600      51.97
   1162.29224    0.9202700      51.53
   1162.29382    0.9097300      50.94
   1162.29541    0.8967500      50.21
   1162.29688    0.8813500      49.35
   1162.29846    0.8636800      48.36
   1162.30005    0.8448400      47.30
   1162.30164    0.8271900      46.31
   1162.30310    0.8139800      45.57
   1162.30469    0.8083800      45.26
   1162.30627    0.8122900      45.48
   1162.30786    0.8251500      46.20
   1162.30945    0.8437500      47.24
   1162.31091    0.8638000      48.36
   1162.31250    0.8821900      49.39
   1162.31409    0.8979400      50.27
   1162.31567    0.9113400      51.02
   1162.31714    0.9226200      51.66
   1162.31873    0.9317500      52.17
   1162.32031    0.9390200      52.57
   1162.32190    0.9451100      52.91
   1162.32349    0.9505300      53.22
   1162.32495    0.9551200      53.48
   1162.32654    0.9585400      53.67
   1162.32812    0.9608700      53.80
   1162.32971    0.9627500      53.90
   1162.33118    0.9648400      54.02
   1162.33276    0.9673100      54.16
   1162.33435    0.9698600      54.30
   1162.33594    0.9721200      54.43
   1162.33752    0.9739600      54.53
   1162.33899    0.9754600      54.61
   1162.34058    0.9766700      54.68
   1162.34216    0.9775400      54.73
   1162.34375    0.9780900      54.76
   1162.34521    0.9785200      54.78
   1162.34680    0.9790700      54.81
   1162.34839    0.9797600      54.85
   1162.34998    0.9802800      54.88
   1162.35156    0.9803800      54.89
   1162.35303    0.9801600      54.87
   1162.35461    0.9799000      54.86
   1162.35620    0.9796000      54.84
   1162.35779    0.9790000      54.81
   1162.35925    0.9780300      54.75
   1162.36084    0.9770600      54.70
   1162.36243    0.9764100      54.66
   1162.36401    0.9758700      54.63
   1162.36560    0.9750800      54.59
   1162.36707    0.9742900      54.54
   1162.36865    0.9742800      54.54
   1162.37024    0.9754400      54.61
   1162.37183    0.9771200      54.70
   1162.37329    0.9784200      54.77
   1162.37488    0.9791100      54.81
   1162.37646    0.9797000      54.85
   1162.37805    0.9805400      54.89
   1162.37964    0.9815900      54.95
   1162.38110    0.9827100      55.01
   1162.38269    0.9838200      55.08
   1162.38428    0.9847000      55.13
   1162.38586    0.9851000      55.15
   1162.38745    0.9852400      55.16
   1162.38892    0.9856100      55.18
   1162.39050    0.9862500      55.21
   1162.39209    0.9866400      55.23
   1162.39368    0.9865700      55.23
   1162.39514    0.9865200      55.23
   1162.39673    0.9868400      55.24
   1162.39832    0.9869800      55.25
   1162.39990    0.9862700      55.21
   1162.40149    0.9850700      55.14
   1162.40295    0.9842700      55.10
   1162.40454    0.9839500      55.08
   1162.40613    0.9834000      55.05
   1162.40771    0.9824700      55.00
   1162.40918    0.9817100      54.96
   1162.41077    0.9807700      54.90
   1162.41235    0.9780900      54.75
   1162.41394    0.9732700      54.48
   1162.41553    0.9688600      54.24
   1162.41699    0.9682300      54.20
   1162.41858    0.9718500      54.40
   1162.42017    0.9766700      54.67
   1162.42175    0.9796200      54.84
   1162.42322    0.9803300      54.88
   1162.42480    0.9803300      54.88
   1162.42639    0.9804900      54.89
   1162.42798    0.9805500      54.89
   1162.42957    0.9802600      54.87
   1162.43103    0.9799700      54.86
   1162.43262    0.9799700      54.86
   1162.43420    0.9800700      54.86
   1162.43579    0.9801100      54.86
   1162.43726    0.9802100      54.87
   1162.43884    0.9804200      54.88
   1162.44043    0.9804200      54.88
   1162.44202    0.9798800      54.85
   1162.44360    0.9787900      54.79
   1162.44507    0.9773800      54.71
   1162.44666    0.9758900      54.63
   1162.44824    0.9746400      54.56
   1162.44983    0.9738900      54.51
   1162.45142    0.9733900      54.49
   1162.45288    0.9724700      54.43
   1162.45447    0.9706900      54.33
   1162.45605    0.9682800      54.20
   1162.45764    0.9655700      54.05
   1162.45911    0.9623100      53.86
   1162.46069    0.9578100      53.61
   1162.46228    0.9517200      53.27
   1162.46387    0.9443400      52.86
   1162.46545    0.9359000      52.39
   1162.46692    0.9261300      51.84
   1162.46851    0.9147300      51.20
   1162.47009    0.9022500      50.50
   1162.47168    0.8903700      49.84
   1162.47314    0.8813700      49.33
   1162.47473    0.8772200      49.10
   1162.47632    0.8787400      49.19
   1162.47791    0.8853200      49.55
   1162.47949    0.8952500      50.11
   1162.48096    0.9065200      50.74
   1162.48254    0.9174900      51.35
   1162.48413    0.9270200      51.89
   1162.48572    0.9345000      52.31
   1162.48718    0.9400800      52.62
   1162.48877    0.9447100      52.88
   1162.49036    0.9495100      53.15
   1162.49194    0.9548100      53.44
   1162.49353    0.9598500      53.72
   1162.49500    0.9636600      53.94
   1162.49658    0.9660600      54.07
   1162.49817    0.9677200      54.16
   1162.49976    0.9691600      54.24
   1162.50134    0.9702500      54.30
   1162.50281    0.9706100      54.32
   1162.50439    0.9703900      54.31
   1162.50598    0.9703400      54.31
   1162.50757    0.9710200      54.35
   1162.50903    0.9723200      54.42
   1162.51062    0.9737300      54.50
   1162.51221    0.9750000      54.57
   1162.51379    0.9762200      54.64
   1162.51538    0.9773400      54.70
   1162.51685    0.9779100      54.73
   1162.51843    0.9776300      54.72
   1162.52002    0.9769600      54.68
   1162.52161    0.9769900      54.68
   1162.52307    0.9783600      54.76
   1162.52466    0.9805000      54.88
   1162.52625    0.9823200      54.98
   1162.52783    0.9833100      55.03
   1162.52942    0.9837700      55.06
   1162.53088    0.9837900      55.06
   1162.53247    0.9826200      54.99
   1162.53406    0.9797100      54.83
   1162.53564    0.9759000      54.62
   1162.53723    0.9731800      54.47
   1162.53870    0.9730400      54.46
   1162.54028    0.9753000      54.58
   1162.54187    0.9787100      54.77
   1162.54346    0.9822000      54.97
   1162.54492    0.9852100      55.14
   1162.54651    0.9874100      55.26
   1162.54810    0.9885500      55.32
   1162.54968    0.9888900      55.34
   1162.55127    0.9890500      55.35
   1162.55273    0.9894700      55.38
   1162.55432    0.9901100      55.41
   1162.55591    0.9906900      55.44
   1162.55750    0.9911200      55.47
   1162.55896    0.9914300      55.48
   1162.56055    0.9916100      55.49
   1162.56213    0.9916600      55.50
   1162.56372    0.9916800      55.50
   1162.56531    0.9917500      55.50
   1162.56677    0.9918500      55.51
   1162.56836    0.9919700      55.51
   1162.56995    0.9920800      55.52
   1162.57153    0.9920600      55.52
   1162.57312    0.9916600      55.50
   1162.57458    0.9909400      55.46
   1162.57617    0.9903700      55.42
   1162.57776    0.9903300      55.42
   1162.57935    0.9906400      55.44
   1162.58081    0.9907500      55.44
   1162.58240    0.9904100      55.43
   1162.58398    0.9898400      55.39
   1162.58557    0.9893700      55.37
   1162.58716    0.9891800      55.36
   1162.58862    0.9893500      55.37
   1162.59021    0.9898200      55.39
   1162.59180    0.9901700      55.41
   1162.59338    0.9900000      55.40
   1162.59497    0.9893900      55.37
   1162.59644    0.9889400      55.34
   1162.59802    0.9889700      55.34
   1162.59961    0.9890400      55.35
   1162.60120    0.9885200      55.32
   1162.60266    0.9873100      55.25
   1162.60425    0.9857400      55.16
   1162.60583    0.9840500      55.07
   1162.60742    0.9823200      54.97
   1162.60901    0.9808200      54.89
   1162.61047    0.9797200      54.82
   1162.61206    0.9785400      54.76
   1162.61365    0.9764800      54.64
   1162.61523    0.9734800      54.47
   1162.61670    0.9705300      54.31
   1162.61829    0.9685400      54.20
   1162.61987    0.9673200      54.13
   1162.62146    0.9661400      54.06
   1162.62305    0.9648900      53.99
   1162.62451    0.9641700      53.95
   1162.62610    0.9642700      53.96
   1162.62769    0.9647100      53.98
   1162.62927    0.9648800      53.99
   1162.63086    0.9647600      53.98
   1162.63232    0.9645600      53.97
   1162.63391    0.9642900      53.96
   1162.63550    0.9638600      53.93
   1162.63708    0.9635900      53.92
   1162.63855    0.9638900      53.94
   1162.64014    0.9646800      53.98
   1162.64172    0.9653500      54.02
   1162.64331    0.9654000      54.02
   1162.64490    0.9648800      53.99
   1162.64636    0.9639900      53.94
   1162.64795    0.9626000      53.86
   1162.64954    0.9603200      53.73
   1162.65112    0.9569600      53.55
   1162.65271    0.9526500      53.31
   1162.65417    0.9477900      53.03
   1162.65576    0.9428400      52.76
   1162.65735    0.9383700      52.51
   1162.65894    0.9350000      52.32
   1162.66040    0.9332700      52.22
   1162.66199    0.9335400      52.23
   1162.66357    0.9358600      52.36
   1162.66516    0.9399600      52.59
   1162.66675    0.9453000      52.89
   1162.66821    0.9513900      53.23
   1162.66980    0.9578300      53.59
   1162.67139    0.9641500      53.95
   1162.67297    0.9698000      54.26
   1162.67456    0.9743800      54.52
   1162.67603    0.9780300      54.72
   1162.67761    0.9812500      54.90
   1162.67920    0.9843100      55.07
   1162.68079    0.9870600      55.23
   1162.68225    0.9892300      55.35
   1162.68384    0.9907900      55.44
   1162.68542    0.9918900      55.50
   1162.68701    0.9925800      55.54
   1162.68860    0.9928600      55.55
   1162.69006    0.9929300      55.56
   1162.69165    0.9930000      55.56
   1162.69324    0.9930100      55.56
   1162.69482    0.9926600      55.54
   1162.69641    0.9917800      55.49
   1162.69788    0.9907100      55.43
   1162.69946    0.9899700      55.39
   1162.70105    0.9898100      55.38
   1162.70264    0.9899700      55.39
   1162.70410    0.9899300      55.39
   1162.70569    0.9893300      55.35
   1162.70728    0.9883600      55.30
   1162.70886    0.9876600      55.26
   1162.71045    0.9877900      55.27
   1162.71191    0.9887500      55.32
   1162.71350    0.9899600      55.39
   1162.71509    0.9908400      55.44
   1162.71667    0.9912100      55.46
   1162.71826    0.9911200      55.45
   1162.71973    0.9906900      55.43
   1162.72131    0.9901700      55.40
   1162.72290    0.9900100      55.39
   1162.72449    0.9904000      55.41
   1162.72595    0.9908700      55.44
   1162.72754    0.9907700      55.43
   1162.72913    0.9899900      55.39
   1162.73071    0.9890400      55.33
   1162.73230    0.9882000      55.29
   1162.73376    0.9870000      55.22
   1162.73535    0.9848200      55.10
   1162.73694    0.9816500      54.92
   1162.73853    0.9778400      54.71
   1162.74011    0.9734200      54.46
   1162.74158    0.9681100      54.16
   1162.74316    0.9618600      53.81
   1162.74475    0.9550200      53.43
   1162.74634    0.9478200      53.03
   1162.74792    0.9402200      52.60
   1162.74939    0.9323800      52.16
   1162.75098    0.9249000      51.74
   1162.75256    0.9183500      51.38
   1162.75415    0.9129400      51.07
   1162.75562    0.9088700      50.85
   1162.75720    0.9068800      50.73
   1162.75879    0.9077100      50.78
   1162.76038    0.9112600      50.98
   1162.76196    0.9165600      51.28
   1162.76343    0.9227200      51.62
   1162.76501    0.9295200      52.00
   1162.76660    0.9368500      52.41
   1162.76819    0.9442500      52.82
   1162.76978    0.9510900      53.21
   1162.77124    0.9571200      53.54
   1162.77283    0.9623900      53.84
   1162.77441    0.9668600      54.09
   1162.77600    0.9703600      54.28
   1162.77747    0.9730100      54.43
   1162.77905    0.9751300      54.55
   1162.78064    0.9768500      54.65
   1162.78223    0.9779200      54.71
   1162.78381    0.9782300      54.72
   1162.78528    0.9781500      54.72
   1162.78687    0.9783300      54.73
   1162.78845    0.9790300      54.77
   1162.79004    0.9800300      54.82
   1162.79163    0.9809400      54.87
   1162.79309    0.9815800      54.91
   1162.79468    0.9820200      54.93
   1162.79626    0.9824400      54.96
   1162.79785    0.9829300      54.99
   1162.79944    0.9834700      55.02
   1162.80090    0.9840000      55.04
   1162.80249    0.9844900      55.07
   1162.80408    0.9849200      55.10
   1162.80566    0.9852000      55.11
   1162.80713    0.9851800      55.11
   1162.80872    0.9848400      55.09
   1162.81030    0.9843900      55.07
   1162.81189    0.9840700      55.05
   1162.81348    0.9838600      55.04
   1162.81494    0.9835800      55.02
   1162.81653    0.9831200      54.99
   1162.81812    0.9825100      54.96
   1162.81970    0.9817200      54.92
   1162.82129    0.9805200      54.85
   1162.82275    0.9787400      54.75
   1162.82434    0.9765200      54.62
   1162.82593    0.9740300      54.48
   1162.82751    0.9712200      54.33
   1162.82910    0.9676700      54.13
   1162.83057    0.9628800      53.86
   1162.83215    0.9565300      53.50
   1162.83374    0.9488100      53.07
   1162.83533    0.9409400      52.63
   1162.83679    0.9352100      52.31
   1162.83838    0.9339200      52.24
   1162.83997    0.9375800      52.44
   1162.84155    0.9441300      52.81
   1162.84314    0.9504200      53.16
   1162.84460    0.9546100      53.40
   1162.84619    0.9569100      53.52
   1162.84778    0.9581700      53.60
   1162.84937    0.9585000      53.61
   1162.85095    0.9574100      53.55
   1162.85242    0.9548100      53.41
   1162.85400    0.9510300      53.20
   1162.85559    0.9460200      52.91
   1162.85718    0.9394100      52.54
   1162.85876    0.9315200      52.10
   1162.86023    0.9235200      51.66
   1162.86182    0.9162200      51.25
   1162.86340    0.9089700      50.84
   1162.86499    0.9004300      50.36
   1162.86646    0.8901600      49.79
   1162.86804    0.8787600      49.15
   1162.86963    0.8666800      48.48
   1162.87122    0.8537000      47.75
   1162.87280    0.8397700      46.97
   1162.87427    0.8256100      46.18
   1162.87585    0.8120200      45.42
   1162.87744    0.7988000      44.68
   1162.87903    0.7851000      43.91
   1162.88062    0.7705500      43.10
   1162.88208    0.7555000      42.26
   1162.88367    0.7400900      41.39
   1162.88525    0.7238300      40.48
   1162.88684    0.7064800      39.51
   1162.88843    0.6893600      38.56
   1162.88989    0.6755800      37.79
   1162.89148    0.6689000      37.41
   1162.89307    0.6721000      37.59
   1162.89465    0.6857100      38.35
   1162.89612    0.7076800      39.58
   1162.89771    0.7343300      41.07
   1162.89929    0.7621000      42.62
   1162.90088    0.7887200      44.11
   1162.90247    0.8133100      45.49
   1162.90393    0.8356900      46.74
   1162.90552    0.8558100      47.86
   1162.90710    0.8736800      48.86
   1162.90869    0.8893000      49.74
   1162.91028    0.9026600      50.48
   1162.91174    0.9138600      51.11
   1162.91333    0.9232800      51.64
   1162.91492    0.9314300      52.09
   1162.91650    0.9386700      52.50
   1162.91809    0.9450600      52.86
   1162.91956    0.9505500      53.16
   1162.92114    0.9551600      53.42
   1162.92273    0.9590300      53.64
   1162.92432    0.9623600      53.82
   1162.92590    0.9652800      53.99
   1162.92737    0.9677800      54.12
   1162.92896    0.9697800      54.24
   1162.93054    0.9713600      54.32
   1162.93213    0.9728800      54.41
   1162.93359    0.9745400      54.50
   1162.93518    0.9760100      54.58
   1162.93677    0.9767100      54.62
   1162.93835    0.9766600      54.62
   1162.93994    0.9766400      54.62
   1162.94141    0.9773800      54.66
   1162.94299    0.9787800      54.74
   1162.94458    0.9801600      54.82
   1162.94617    0.9811200      54.87
   1162.94775    0.9816900      54.90
   1162.94922    0.9819400      54.91
   1162.95081    0.9817700      54.90
   1162.95239    0.9812000      54.87
   1162.95398    0.9804500      54.83
   1162.95557    0.9795000      54.78
   1162.95703    0.9779700      54.69
   1162.95862    0.9755600      54.56
   1162.96021    0.9724300      54.38
   1162.96179    0.9689300      54.19
   1162.96338    0.9650300      53.97
   1162.96484    0.9602900      53.70
   1162.96643    0.9543600      53.37
   1162.96802    0.9470600      52.96
   1162.96960    0.9385000      52.48
   1162.97107    0.9291600      51.96
   1162.97266    0.9200800      51.45
   1162.97424    0.9124700      51.03
   1162.97583    0.9068500      50.71
   1162.97742    0.9028400      50.49
   1162.97888    0.9000100      50.33
   1162.98047    0.8985600      50.25
   1162.98206    0.8992200      50.29
   1162.98364    0.9024500      50.47
   1162.98523    0.9080400      50.78
   1162.98669    0.9153300      51.19
   1162.98828    0.9235300      51.64
   1162.98987    0.9318800      52.11
   1162.99146    0.9397600      52.55
   1162.99304    0.9468600      52.95
   1162.99451    0.9530900      53.30
   1162.99609    0.9582400      53.58
   1162.99768    0.9620600      53.80
   1162.99927    0.9645500      53.94
   1163.00085    0.9660700      54.02
   1163.00232    0.9669300      54.07
   1163.00391    0.9670300      54.08
   1163.00549    0.9661500      54.03
   1163.00708    0.9644300      53.93
   1163.00867    0.9623000      53.81
   1163.01013    0.9600700      53.69
   1163.01172    0.9578000      53.56
   1163.01331    0.9554900      53.43
   1163.01489    0.9529700      53.29
   1163.01636    0.9496400      53.10
   1163.01794    0.9446300      52.82
   1163.01953    0.9375500      52.43
   1163.02112    0.9285600      51.92
   1163.02271    0.9175000      51.30
   1163.02417    0.9036100      50.53
   1163.02576    0.8867800      49.59
   1163.02734    0.8688100      48.58
   1163.02893    0.8524000      47.66
   1163.03052    0.8384900      46.89
   1163.03198    0.8257400      46.17
   1163.03357    0.8133000      45.48
   1163.03516    0.8034100      44.92
   1163.03674    0.8002600      44.75
   1163.03833    0.8060900      45.07
   1163.03979    0.8193200      45.81
   1163.04138    0.8363100      46.76
   1163.04297    0.8541200      47.76
   1163.04456    0.8711500      48.71
   1163.04614    0.8863600      49.56
   1163.04761    0.8988800      50.26
   1163.04919    0.9083200      50.79
   1163.05078    0.9147000      51.14
   1163.05237    0.9181600      51.34
   1163.05396    0.9187700      51.37
   1163.05542    0.9163100      51.23
   1163.05701    0.9098100      50.87
   1163.05859    0.8982600      50.22
   1163.06018    0.8832200      49.38
   1163.06165    0.8704300      48.67
   1163.06323    0.8670800      48.48
   1163.06482    0.8759500      48.98
   1163.06641    0.8929000      49.92
   1163.06799    0.9107400      50.92
   1163.06946    0.9249400      51.72
   1163.07104    0.9352800      52.29
   1163.07263    0.9431100      52.73
   1163.07422    0.9490000      53.06
   1163.07581    0.9531100      53.29
   1163.07727    0.9560000      53.45
   1163.07886    0.9580400      53.57
   1163.08044    0.9587900      53.61
   1163.08203    0.9579400      53.56
   1163.08362    0.9563200      53.47
   1163.08508    0.9551000      53.40
   1163.08667    0.9544400      53.36
   1163.08826    0.9536100      53.32
   1163.08984    0.9523700      53.25
   1163.09143    0.9513600      53.19
   1163.09290    0.9511300      53.18
   1163.09448    0.9515600      53.20
   1163.09607    0.9523900      53.25
   1163.09766    0.9536400      53.32
   1163.09924    0.9553700      53.41
   1163.10071    0.9573000      53.52
   1163.10229    0.9592700      53.63
   1163.10388    0.9614700      53.75
   1163.10547    0.9640500      53.90
   1163.10706    0.9668500      54.06
   1163.10852    0.9696800      54.21
   1163.11011    0.9726800      54.38
   1163.11169    0.9758400      54.56
   1163.11328    0.9786900      54.72
   1163.11487    0.9807600      54.83
   1163.11633    0.9823000      54.92
   1163.11792    0.9839000      55.01
   1163.11951    0.9856100      55.10
   1163.12109    0.9869000      55.17
   1163.12268    0.9875000      55.21
   1163.12415    0.9877700      55.22
   1163.12573    0.9881400      55.24
   1163.12732    0.9885500      55.27
   1163.12891    0.9887700      55.28
   1163.13037    0.9888500      55.28
   1163.13196    0.9889000      55.29
   1163.13354    0.9888800      55.28
   1163.13513    0.9887400      55.28
   1163.13672    0.9886400      55.27
   1163.13818    0.9886700      55.27
   1163.13977    0.9886300      55.27
   1163.14136    0.9882500      55.25
   1163.14294    0.9877200      55.22
   1163.14453    0.9874400      55.20
   1163.14600    0.9874700      55.20
   1163.14758    0.9876000      55.21
   1163.14917    0.9877100      55.22
   1163.15076    0.9879000      55.23
   1163.15234    0.9881500      55.24
   1163.15381    0.9882200      55.25
   1163.15540    0.9880700      55.24
   1163.15698    0.9879200      55.23
   1163.15857    0.9878900      55.23
   1163.16016    0.9878400      55.22
   1163.16162    0.9875900      55.21
   1163.16321    0.9873000      55.19
   1163.16479    0.9870700      55.18
   1163.16638    0.9867300      55.16
   1163.16797    0.9860800      55.12
   1163.16943    0.9853100      55.08
   1163.17102    0.9848200      55.05
   1163.17261    0.9845900      55.04
   1163.17419    0.9841700      55.02
   1163.17578    0.9831900      54.96
   1163.17725    0.9818400      54.89
   1163.17883    0.9806600      54.82
   1163.18042    0.9801500      54.79
   1163.18201    0.9804200      54.81
   1163.18359    0.9810700      54.84
   1163.18506    0.9814300      54.86
   1163.18665    0.9810500      54.84
   1163.18823    0.9801900      54.79
   1163.18982    0.9795000      54.75
   1163.19141    0.9793200      54.74
   1163.19287    0.9793300      54.74
   1163.19446    0.9791000      54.73
   1163.19604    0.9786200      54.70
   1163.19763    0.9781700      54.68
   1163.19922    0.9778100      54.66
   1163.20068    0.9773100      54.63
   1163.20227    0.9765100      54.59
   1163.20386    0.9755100      54.53
   1163.20544    0.9744300      54.47
   1163.20703    0.9732200      54.40
   1163.20850    0.9717500      54.32
   1163.21008    0.9699500      54.22
   1163.21167    0.9679100      54.10
   1163.21326    0.9658600      53.99
   1163.21484    0.9641800      53.90
   1163.21631    0.9631100      53.84
   1163.21790    0.9624000      53.80
   1163.21948    0.9614000      53.74
   1163.22107    0.9597300      53.65
   1163.22253    0.9575200      53.52
   1163.22412    0.9551700      53.39
   1163.22571    0.9527100      53.25
   1163.22729    0.9499100      53.10
   1163.22888    0.9466100      52.91
   1163.23035    0.9428600      52.70
   1163.23193    0.9386600      52.47
   1163.23352    0.9338400      52.20
   1163.23511    0.9282000      51.88
   1163.23669    0.9217000      51.52
   1163.23816    0.9143300      51.11
   1163.23975    0.9060400      50.64
   1163.24133    0.8967400      50.12
   1163.24292    0.8862000      49.53
   1163.24451    0.8739900      48.85
   1163.24597    0.8594800      48.04
   1163.24756    0.8421200      47.07
   1163.24915    0.8213300      45.91
   1163.25073    0.7961900      44.50
   1163.25232    0.7655200      42.79
   1163.25378    0.7285700      40.72
   1163.25537    0.6855800      38.32
   1163.25696    0.6374900      35.63
   1163.25854    0.5859600      32.75
   1163.26013    0.5346900      29.89
   1163.26160    0.4907600      27.43
   1163.26318    0.4630300      25.88
   1163.26477    0.4572200      25.56
   1163.26636    0.4719400      26.38
   1163.26794    0.4995300      27.92
   1163.26941    0.5308800      29.67
   1163.27100    0.5592200      31.26
   1163.27258    0.5806000      32.45
   1163.27417    0.5929200      33.14
   1163.27576    0.5964100      33.33
   1163.27722    0.5948200      33.25
   1163.27881    0.5944800      33.23
   1163.28040    0.6009300      33.59
   1163.28198    0.6159800      34.43
   1163.28357    0.6375100      35.63
   1163.28503    0.6614700      36.97
   1163.28662    0.6839400      38.23
   1163.28821    0.7020700      39.24
   1163.28979    0.7141700      39.92
   1163.29138    0.7191100      40.19
   1163.29285    0.7157200      40.00
   1163.29443    0.7025500      39.27
   1163.29602    0.6780200      37.89
   1163.29761    0.6402700      35.78
   1163.29919    0.5865400      32.78
   1163.30066    0.5140900      28.73
   1163.30225    0.4239700      23.70
   1163.30383    0.3258100      18.21
   1163.30542    0.2386100      13.34
   1163.30701    0.1846800      10.32
   1163.30847    0.1796200      10.04
   1163.31006    0.2249700      12.57
   1163.31165    0.3081900      17.22
   1163.31323    0.4094200      22.88
   1163.31482    0.5100600      28.51
   1163.31628    0.5983400      33.44
   1163.31787    0.6701400      37.45
   1163.31946    0.7263800      40.60
   1163.32104    0.7699600      43.03
   1163.32263    0.8037800      44.92
   1163.32410    0.8300800      46.39
   1163.32568    0.8504100      47.53
   1163.32727    0.8658500      48.39
   1163.32886    0.8773200      49.03
   1163.33044    0.8858100      49.50
   1163.33191    0.8922200      49.86
   1163.33350    0.8971100      50.14
   1163.33508    0.9008400      50.34
   1163.33667    0.9037900      50.51
   1163.33826    0.9064000      50.65
   1163.33972    0.9089300      50.80
   1163.34131    0.9114500      50.94
   1163.34290    0.9140600      51.08
   1163.34448    0.9169800      51.25
   1163.34607    0.9201600      51.42
   1163.34753    0.9230500      51.58
   1163.34912    0.9249800      51.69
   1163.35071    0.9258700      51.74
   1163.35229    0.9263000      51.77
   1163.35388    0.9269900      51.80
   1163.35535    0.9284400      51.88
   1163.35693    0.9311100      52.03
   1163.35852    0.9353600      52.27
   1163.36011    0.9409400      52.58
   1163.36169    0.9466700      52.90
   1163.36316    0.9511100      53.15
   1163.36475    0.9537700      53.30
   1163.36633    0.9555100      53.40
   1163.36792    0.9574300      53.50
   1163.36951    0.9597500      53.63
   1163.37097    0.9617900      53.75
   1163.37256    0.9630600      53.82
   1163.37415    0.9638400      53.86
   1163.37573    0.9645900      53.90
   1163.37732    0.9652500      53.94
   1163.37878    0.9653900      53.95
   1163.38037    0.9650400      53.93
   1163.38196    0.9648600      53.92
   1163.38354    0.9652300      53.94
   1163.38513    0.9656500      53.96
   1163.38660    0.9652900      53.94
   1163.38818    0.9639000      53.86
   1163.38977    0.9618600      53.75
   1163.39136    0.9594100      53.61
   1163.39294    0.9563400      53.44
   1163.39441    0.9528100      53.24
   1163.39600    0.9498100      53.07
   1163.39758    0.9485600      53.00
   1163.39917    0.9493200      53.05
   1163.40076    0.9512700      53.16
   1163.40222    0.9535800      53.28
   1163.40381    0.9560800      53.42
   1163.40540    0.9588200      53.58
   1163.40698    0.9614800      53.73
   1163.40857    0.9634900      53.84
   1163.41003    0.9646300      53.90
   1163.41162    0.9651800      53.93
   1163.41321    0.9654000      53.94
   1163.41479    0.9653200      53.94
   1163.41638    0.9650300      53.92
   1163.41797    0.9648900      53.92
   1163.41943    0.9652200      53.93
   1163.42102    0.9658700      53.97
   1163.42261    0.9663700      54.00
   1163.42419    0.9664300      54.00
   1163.42578    0.9661200      53.98
   1163.42725    0.9656000      53.95
   1163.42883    0.9649700      53.92
   1163.43042    0.9642700      53.88
   1163.43201    0.9636000      53.84
   1163.43359    0.9629300      53.80
   1163.43506    0.9620100      53.75
   1163.43665    0.9605600      53.67
   1163.43823    0.9585900      53.56
   1163.43982    0.9564100      53.44
   1163.44141    0.9543000      53.32
   1163.44287    0.9523800      53.21
   1163.44446    0.9507600      53.12
   1163.44604    0.9495700      53.06
   1163.44763    0.9487100      53.01
   1163.44922    0.9476800      52.95
   1163.45068    0.9459700      52.86
   1163.45227    0.9436000      52.72
   1163.45386    0.9409500      52.57
   1163.45544    0.9380800      52.41
   1163.45703    0.9345400      52.22
   1163.45850    0.9300700      51.97
   1163.46008    0.9252500      51.70
   1163.46167    0.9209000      51.45
   1163.46326    0.9170200      51.24
   1163.46484    0.9126900      50.99
   1163.46631    0.9071700      50.69
   1163.46790    0.9007200      50.33
   1163.46948    0.8938500      49.94
   1163.47107    0.8863500      49.52
   1163.47266    0.8773600      49.02
   1163.47412    0.8664300      48.41
   1163.47571    0.8539000      47.71
   1163.47729    0.8402200      46.94
   1163.47888    0.8252100      46.11
   1163.48047    0.8082400      45.16
   1163.48193    0.7886800      44.06
   1163.48352    0.7658900      42.79
   1163.48511    0.7390300      41.29
   1163.48669    0.7070900      39.51
   1163.48828    0.6691800      37.39
   1163.48975    0.6245400      34.89
   1163.49133    0.5722800      31.97
   1163.49292    0.5115600      28.58
   1163.49451    0.4420000      24.69
   1163.49609    0.3640000      20.34
   1163.49756    0.2797200      15.63
   1163.49915    0.1946200      10.87
   1163.50073    0.1179300       6.59
   1163.50232    0.0594700       3.32
   1163.50391    0.0239000       1.34
   1163.50537    0.0078400       0.44
   1163.50696    0.0037400       0.21
   1163.50854    0.0075400       0.42
   1163.51013    0.0226500       1.27
   1163.51172    0.0563300       3.15
   1163.51331    0.1123400       6.28
   1163.51477    0.1871700      10.46
   1163.51636    0.2720800      15.20
   1163.51794    0.3578200      19.99
   1163.51953    0.4378200      24.46
   1163.52112    0.5086900      28.42
   1163.52258    0.5695500      31.82
   1163.52417    0.6210800      34.70
   1163.52576    0.6646100      37.13
   1163.52734    0.7013500      39.18
   1163.52893    0.7322100      40.91
   1163.53040    0.7580500      42.35
   1163.53198    0.7797700      43.56
   1163.53357    0.7981100      44.59
   1163.53516    0.8136400      45.45
   1163.53674    0.8270000      46.20
   1163.53821    0.8389500      46.87
   1163.53979    0.8499800      47.48
   1163.54138    0.8601300      48.05
   1163.54297    0.8692900      48.56
   1163.54456    0.8776500      49.03
   1163.54602    0.8855700      49.47
   1163.54761    0.8930600      49.89
   1163.54919    0.8996400      50.26
   1163.55078    0.9049300      50.55
   1163.55237    0.9091800      50.79
   1163.55383    0.9131500      51.01
   1163.55542    0.9173600      51.25
   1163.55701    0.9217600      51.49
   1163.55859    0.9259300      51.73
   1163.56018    0.9296400      51.93
   1163.56165    0.9330800      52.12
   1163.56323    0.9366900      52.33
   1163.56482    0.9407200      52.55
   1163.56641    0.9449500      52.79
   1163.56799    0.9487800      53.00
   1163.56946    0.9518100      53.17
   1163.57104    0.9540600      53.30
   1163.57263    0.9558000      53.39
   1163.57422    0.9572100      53.47
   1163.57581    0.9583400      53.53
   1163.57739    0.9593500      53.59
   1163.57886    0.9605500      53.66
   1163.58044    0.9620100      53.74
   1163.58203    0.9634500      53.82
   1163.58362    0.9645400      53.88
   1163.58521    0.9652700      53.92
   1163.58667    0.9658700      53.95
   1163.58826    0.9662700      53.98
   1163.58984    0.9660800      53.97
   1163.59143    0.9652000      53.92
   1163.59302    0.9641800      53.86
   1163.59448    0.9639800      53.85
   1163.59607    0.9651400      53.91
   1163.59766    0.9674000      54.04
   1163.59924    0.9699400      54.18
   1163.60083    0.9720500      54.30
   1163.60229    0.9735300      54.38
   1163.60388    0.9746600      54.44
   1163.60547    0.9758500      54.51
   1163.60706    0.9772000      54.58
   1163.60864    0.9784900      54.66
   1163.61011    0.9794100      54.71
   1163.61169    0.9799500      54.74
   1163.61328    0.9803700      54.76
   1163.61487    0.9809100      54.79
   1163.61646    0.9816100      54.83
   1163.61792    0.9823300      54.87
   1163.61951    0.9829200      54.90
   1163.62109    0.9832900      54.92
   1163.62268    0.9834400      54.93
   1163.62427    0.9834800      54.93
   1163.62585    0.9835800      54.94
   1163.62732    0.9837000      54.95
   1163.62891    0.9835900      54.94
   1163.63049    0.9830300      54.91
   1163.63208    0.9821700      54.86
   1163.63367    0.9813900      54.82
   1163.63513    0.9809400      54.79
   1163.63672    0.9807900      54.78
   1163.63831    0.9807100      54.78
   1163.63989    0.9805600      54.77
   1163.64148    0.9803200      54.76
   1163.64294    0.9799800      54.74
   1163.64453    0.9794600      54.71
   1163.64612    0.9785700      54.66
   1163.64771    0.9773300      54.59
   1163.64929    0.9761600      54.52
   1163.65076    0.9758200      54.50
   1163.65234    0.9767400      54.55
   1163.65393    0.9784700      54.65
   1163.65552    0.9800200      54.74
   1163.65710    0.9807600      54.78
   1163.65857    0.9809100      54.79
   1163.66016    0.9808900      54.79
   1163.66174    0.9806500      54.77
   1163.66333    0.9798800      54.73
   1163.66492    0.9786900      54.66
   1163.66650    0.9774800      54.59
   1163.66797    0.9761200      54.52
   1163.66956    0.9738200      54.39
   1163.67114    0.9702700      54.19
   1163.67273    0.9666600      53.99
   1163.67432    0.9649200      53.89
   1163.67578    0.9658800      53.95
   1163.67737    0.9685800      54.10
   1163.67896    0.9714500      54.26
   1163.68054    0.9737200      54.38
   1163.68213    0.9755800      54.49
   1163.68359    0.9772700      54.58
   1163.68518    0.9785500      54.65
   1163.68677    0.9790500      54.68
   1163.68835    0.9787100      54.66
   1163.68994    0.9777200      54.61
   1163.69141    0.9761200      54.52
   1163.69299    0.9736800      54.38
   1163.69458    0.9702700      54.19
   1163.69617    0.9659200      53.95
   1163.69775    0.9607900      53.66
   1163.69922    0.9550500      53.34
   1163.70081    0.9491600      53.01
   1163.70239    0.9442900      52.74
   1163.70398    0.9421000      52.61
   1163.70557    0.9438000      52.71
   1163.70715    0.9490500      53.00
   1163.70862    0.9560200      53.39
   1163.71021    0.9626100      53.76
   1163.71179    0.9676400      54.04
   1163.71338    0.9711900      54.24
   1163.71497    0.9738600      54.39
   1163.71643    0.9760600      54.51
   1163.71802    0.9779200      54.61
   1163.71960    0.9794400      54.70
   1163.72119    0.9805600      54.76
   1163.72278    0.9811900      54.80
   1163.72424    0.9813400      54.80
   1163.72583    0.9812100      54.80
   1163.72742    0.9810900      54.79
   1163.72900    0.9811100      54.79
   1163.73059    0.9810800      54.79
   1163.73206    0.9808300      54.78
   1163.73364    0.9803900      54.75
   1163.73523    0.9800800      54.73
   1163.73682    0.9800700      54.73
   1163.73840    0.9802100      54.74
   1163.73987    0.9802200      54.74
   1163.74146    0.9800400      54.73
   1163.74304    0.9798300      54.72
   1163.74463    0.9795000      54.70
   1163.74622    0.9786800      54.65
   1163.74780    0.9771600      54.57
   1163.74927    0.9752700      54.46
   1163.75085    0.9735400      54.37
   1163.75244    0.9720300      54.28
   1163.75403    0.9702000      54.18
   1163.75562    0.9678200      54.05
   1163.75708    0.9655200      53.92
   1163.75867    0.9642600      53.85
   1163.76025    0.9643300      53.85
   1163.76184    0.9651400      53.90
   1163.76343    0.9658800      53.94
   1163.76489    0.9662000      53.95
   1163.76648    0.9661000      53.95
   1163.76807    0.9656700      53.92
   1163.76965    0.9649300      53.88
   1163.77124    0.9639400      53.83
   1163.77271    0.9627500      53.76
   1163.77429    0.9613600      53.68
   1163.77588    0.9597800      53.60
   1163.77747    0.9580100      53.50
   1163.77905    0.9559900      53.38
   1163.78064    0.9534800      53.24
   1163.78210    0.9502000      53.06
   1163.78369    0.9460700      52.83
   1163.78528    0.9411500      52.55
   1163.78687    0.9353200      52.23
   1163.78845    0.9279900      51.82
   1163.78992    0.9182800      51.28
   1163.79150    0.9053900      50.56
   1163.79309    0.8888500      49.63
   1163.79468    0.8681100      48.47
   1163.79626    0.8418000      47.01
   1163.79773    0.8083100      45.14
   1163.79932    0.7682300      42.90
   1163.80090    0.7270600      40.60
   1163.80249    0.6942700      38.77
   1163.80408    0.6776500      37.84
   1163.80566    0.6769600      37.80
   1163.80713    0.6833000      38.15
   1163.80872    0.6850800      38.25
   1163.81030    0.6750600      37.69
   1163.81189    0.6522100      36.42
   1163.81348    0.6185900      34.54
   1163.81494    0.5765500      32.19
   1163.81653    0.5293900      29.56
   1163.81812    0.4828300      26.96
   1163.81970    0.4438800      24.78
   1163.82129    0.4173700      23.30
   1163.82275    0.4037400      22.54
   1163.82434    0.4001900      22.35
   1163.82593    0.4033700      22.52
   1163.82751    0.4110800      22.95
   1163.82910    0.4225500      23.59
   1163.83057    0.4382100      24.47
   1163.83215    0.4593300      25.65
   1163.83374    0.4871600      27.20
   1163.83533    0.5219300      29.14
   1163.83691    0.5625800      31.41
   1163.83850    0.6071200      33.90
   1163.83997    0.6532400      36.47
   1163.84155    0.6985000      39.00
   1163.84314    0.7405900      41.35
   1163.84473    0.7779000      43.43
   1163.84631    0.8098400      45.22
   1163.84778    0.8366500      46.71
   1163.84937    0.8587700      47.95
   1163.85095    0.8765300      48.94
   1163.85254    0.8901900      49.70
   1163.85413    0.9000000      50.25
   1163.85559    0.9063400      50.60
   1163.85718    0.9098100      50.80
   1163.85876    0.9112300      50.88
   1163.86035    0.9114300      50.89
   1163.86194    0.9109800      50.86
   1163.86353    0.9104000      50.83
   1163.86499    0.9103600      50.83
   1163.86658    0.9116700      50.90
   1163.86816    0.9146800      51.07
   1163.86975    0.9191500      51.32
   1163.87134    0.9245600      51.62
   1163.87280    0.9305900      51.96
   1163.87439    0.9370900      52.32
   1163.87598    0.9437400      52.69
   1163.87756    0.9498700      53.03
   1163.87915    0.9546600      53.30
   1163.88062    0.9576200      53.46
   1163.88220    0.9588800      53.53
   1163.88379    0.9593500      53.56
   1163.88538    0.9603200      53.61
   1163.88696    0.9625600      53.74
   1163.88855    0.9656800      53.91
   1163.89001    0.9683600      54.06
   1163.89160    0.9695400      54.13
   1163.89319    0.9693800      54.12
   1163.89478    0.9689900      54.10
   1163.89636    0.9694200      54.12
   1163.89783    0.9706900      54.19
   1163.89941    0.9718900      54.26
   1163.90100    0.9720500      54.27
   1163.90259    0.9710000      54.21
   1163.90417    0.9694700      54.12
   1163.90564    0.9685000      54.07
   1163.90723    0.9687800      54.08
   1163.90881    0.9701400      54.16
   1163.91040    0.9716500      54.24
   1163.91199    0.9721300      54.27
   1163.91357    0.9709900      54.21
   1163.91504    0.9686400      54.08
   1163.91663    0.9660300      53.93
   1163.91821    0.9635400      53.79
   1163.91980    0.9607000      53.63
   1163.92139    0.9571600      53.43
   1163.92285    0.9537500      53.24
   1163.92444    0.9520300      53.15
   1163.92603    0.9528200      53.19
   1163.92761    0.9556800      53.35
   1163.92920    0.9596300      53.57
   1163.93066    0.9640000      53.82
   1163.93225    0.9681100      54.05
   1163.93384    0.9710500      54.21
   1163.93542    0.9724500      54.29
   1163.93701    0.9731900      54.33
   1163.93860    0.9744200      54.40
   1163.94006    0.9760400      54.49
   1163.94165    0.9769500      54.54
   1163.94324    0.9767800      54.53
   1163.94482    0.9766800      54.52
   1163.94641    0.9777200      54.58
   1163.94788    0.9793900      54.67
   1163.94946    0.9802800      54.72
   1163.95105    0.9800100      54.71
   1163.95264    0.9795200      54.68
   1163.95422    0.9796000      54.68
   1163.95581    0.9797400      54.69
   1163.95728    0.9790100      54.65
   1163.95886    0.9773200      54.56
   1163.96045    0.9752900      54.44
   1163.96204    0.9730500      54.32
   1163.96362    0.9697600      54.13
   1163.96509    0.9645400      53.84
   1163.96667    0.9572300      53.43
   1163.96826    0.9478300      52.91
   1163.96985    0.9355300      52.22
   1163.97144    0.9192000      51.31
   1163.97290    0.8997800      50.23
   1163.97449    0.8821000      49.24
   1163.97607    0.8729800      48.73
   1163.97766    0.8764600      48.92
   1163.97925    0.8904500      49.71
   1163.98083    0.9086100      50.72
   1163.98230    0.9252900      51.65
   1163.98389    0.9386300      52.39
   1163.98547    0.9492600      52.99
   1163.98706    0.9577400      53.46
   1163.98865    0.9638500      53.80
   1163.99011    0.9677400      54.02
   1163.99170    0.9703400      54.16
   1163.99329    0.9723700      54.28
   1163.99487    0.9738400      54.36
   1163.99646    0.9745800      54.40
   1163.99805    0.9747800      54.41
   1163.99951    0.9746600      54.40
   1164.00110    0.9741500      54.38
   1164.00269    0.9732200      54.32
   1164.00427    0.9721300      54.26
   1164.00586    0.9709700      54.20
   1164.00732    0.9693000      54.10
   1164.00891    0.9666800      53.96
   1164.01050    0.9634900      53.78
   1164.01208    0.9606700      53.62
   1164.01367    0.9587500      53.51
   1164.01514    0.9575700      53.45
   1164.01672    0.9568300      53.41
   1164.01831    0.9564900      53.39
   1164.01990    0.9564800      53.39
   1164.02148    0.9564400      53.39
   1164.02307    0.9561300      53.37
   1164.02454    0.9555800      53.34
   1164.02612    0.9548300      53.29
   1164.02771    0.9536100      53.23
   1164.02930    0.9517000      53.12
   1164.03088    0.9492900      52.99
   1164.03235    0.9467500      52.84
   1164.03394    0.9438800      52.68
   1164.03552    0.9400600      52.47
   1164.03711    0.9347800      52.17
   1164.03870    0.9280100      51.80
   1164.04028    0.9197300      51.33
   1164.04175    0.9094600      50.76
   1164.04333    0.8964900      50.04
   1164.04492    0.8803300      49.13
   1164.04651    0.8606400      48.04
   1164.04810    0.8370500      46.72
   1164.04956    0.8092900      45.17
   1164.05115    0.7781400      43.43
   1164.05273    0.7466600      41.67
   1164.05432    0.7202200      40.20
   1164.05591    0.7049300      39.34
   1164.05737    0.7047100      39.33
   1164.05896    0.7191500      40.14
   1164.06055    0.7436600      41.51
   1164.06213    0.7719300      43.08
   1164.06372    0.7988600      44.59
   1164.06531    0.8220100      45.88
   1164.06677    0.8409800      46.94
   1164.06836    0.8559600      47.77
   1164.06995    0.8668200      48.38
   1164.07153    0.8732700      48.74
   1164.07312    0.8754800      48.86
   1164.07458    0.8742500      48.79
   1164.07617    0.8704400      48.58
   1164.07776    0.8642200      48.23
   1164.07935    0.8551900      47.73
   1164.08093    0.8430900      47.05
   1164.08252    0.8282500      46.22
   1164.08398    0.8113500      45.28
   1164.08557    0.7928900      44.25
   1164.08716    0.7733000      43.16
   1164.08875    0.7532600      42.04
   1164.09033    0.7338600      40.96
   1164.09180    0.7162500      39.97
   1164.09338    0.7014200      39.15
   1164.09497    0.6902100      38.52
   1164.09656    0.6834100      38.14
   1164.09814    0.6816800      38.04
   1164.09973    0.6854600      38.25
