   1184.00110    0.0164500       0.89
   1184.00281    0.0127000       0.68
   1184.00439    0.0132400       0.71
   1184.00598    0.0182500       0.98
   1184.00757    0.0290500       1.56
   1184.00928    0.0475400       2.56
   1184.01086    0.0751800       4.05
   1184.01245    0.1121900       6.04
   1184.01404    0.1571700       8.46
   1184.01575    0.2074200      11.17
   1184.01733    0.2596400      13.98
   1184.01892    0.3111100      16.75
   1184.02063    0.3605500      19.42
   1184.02222    0.4082100      21.98
   1184.02380    0.4547200      24.49
   1184.02539    0.4998100      26.92
   1184.02710    0.5420200      29.19
   1184.02869    0.5798200      31.22
   1184.03027    0.6126900      32.99
   1184.03186    0.6413500      34.54
   1184.03357    0.6669000      35.91
   1184.03516    0.6899800      37.16
   1184.03674    0.7105400      38.26
   1184.03833    0.7282300      39.22
   1184.04004    0.7429700      40.01
   1184.04163    0.7552200      40.67
   1184.04321    0.7657900      41.24
   1184.04480    0.7754600      41.76
   1184.04651    0.7848900      42.27
   1184.04810    0.7946300      42.79
   1184.04968    0.8050800      43.35
   1184.05127    0.8162000      43.95
   1184.05298    0.8273800      44.55
   1184.05457    0.8379400      45.12
   1184.05615    0.8476000      45.64
   1184.05774    0.8565000      46.12
   1184.05945    0.8647900      46.57
   1184.06104    0.8724500      46.98
   1184.06262    0.8794500      47.36
   1184.06433    0.8858800      47.70
   1184.06592    0.8918000      48.02
   1184.06750    0.8970700      48.30
   1184.06909    0.9016300      48.55
   1184.07080    0.9056700      48.77
   1184.07239    0.9094900      48.97
   1184.07397    0.9131700      49.17
   1184.07556    0.9166000      49.36
   1184.07727    0.9197400      49.52
   1184.07886    0.9227500      49.69
   1184.08044    0.9257900      49.85
   1184.08203    0.9289000      50.02
   1184.08374    0.9320000      50.18
   1184.08533    0.9349500      50.34
   1184.08691    0.9376400      50.49
   1184.08850    0.9399800      50.61
   1184.09021    0.9420800      50.73
   1184.09180    0.9441100      50.84
   1184.09338    0.9460300      50.94
   1184.09497    0.9475300      51.02
   1184.09668    0.9484700      51.07
   1184.09827    0.9490900      51.10
   1184.09985    0.9497700      51.14
   1184.10156    0.9506200      51.18
   1184.10315    0.9515300      51.23
   1184.10474    0.9524700      51.28
   1184.10632    0.9535000      51.34
   1184.10803    0.9545000      51.39
   1184.10962    0.9551600      51.43
   1184.11121    0.9554300      51.44
   1184.11279    0.9556400      51.45
   1184.11450    0.9560700      51.48
   1184.11609    0.9564900      51.50
   1184.11768    0.9565000      51.50
   1184.11926    0.9560300      51.47
   1184.12097    0.9552900      51.43
   1184.12256    0.9543400      51.38
   1184.12415    0.9531400      51.32
   1184.12573    0.9517500      51.24
   1184.12744    0.9504200      51.17
   1184.12903    0.9491700      51.10
   1184.13062    0.9477900      51.03
   1184.13232    0.9463600      50.95
   1184.13391    0.9454000      50.90
   1184.13550    0.9453000      50.90
   1184.13708    0.9458200      50.92
   1184.13879    0.9464200      50.96
   1184.14038    0.9469800      50.99
   1184.14197    0.9477900      51.03
   1184.14355    0.9489100      51.09
   1184.14526    0.9500300      51.15
   1184.14685    0.9508400      51.19
   1184.14844    0.9512100      51.21
   1184.15002    0.9509000      51.20
   1184.15173    0.9494100      51.12
   1184.15332    0.9463800      50.95
   1184.15491    0.9418300      50.71
   1184.15649    0.9358900      50.39
   1184.15820    0.9283400      49.98
   1184.15979    0.9189300      49.47
   1184.16138    0.9078400      48.88
   1184.16296    0.8957300      48.22
   1184.16467    0.8832600      47.55
   1184.16626    0.8708600      46.88
   1184.16785    0.8589900      46.25
   1184.16956    0.8484100      45.68
   1184.17114    0.8403700      45.24
   1184.17273    0.8366500      45.04
   1184.17432    0.8391200      45.18
   1184.17603    0.8485500      45.68
   1184.17761    0.8634800      46.49
   1184.17920    0.8807100      47.41
   1184.18079    0.8971900      48.30
   1184.18250    0.9116500      49.08
   1184.18408    0.9242300      49.76
   1184.18567    0.9351300      50.34
   1184.18726    0.9441100      50.83
   1184.18896    0.9510600      51.20
   1184.19055    0.9564300      51.49
   1184.19214    0.9607500      51.72
   1184.19373    0.9642400      51.91
   1184.19543    0.9670500      52.06
   1184.19702    0.9694400      52.19
   1184.19861    0.9715800      52.30
   1184.20032    0.9733000      52.40
   1184.20190    0.9744000      52.46
   1184.20349    0.9750800      52.49
   1184.20508    0.9757000      52.53
   1184.20679    0.9763400      52.56
   1184.20837    0.9769000      52.59
   1184.20996    0.9774200      52.62
   1184.21155    0.9780300      52.65
   1184.21326    0.9785400      52.68
   1184.21484    0.9784400      52.67
   1184.21643    0.9776500      52.63
   1184.21802    0.9767300      52.58
   1184.21973    0.9762500      52.55
   1184.22131    0.9760700      52.54
   1184.22290    0.9756600      52.52
   1184.22461    0.9747900      52.47
   1184.22620    0.9737500      52.42
   1184.22778    0.9728100      52.37
   1184.22937    0.9719500      52.32
   1184.23108    0.9711000      52.28
   1184.23267    0.9703700      52.24
   1184.23425    0.9699400      52.21
   1184.23584    0.9697900      52.20
   1184.23755    0.9698500      52.21
   1184.23914    0.9701500      52.22
   1184.24072    0.9707400      52.26
   1184.24231    0.9715600      52.30
   1184.24402    0.9724800      52.35
   1184.24561    0.9735000      52.40
   1184.24719    0.9746000      52.46
   1184.24878    0.9756200      52.52
   1184.25049    0.9764300      52.56
   1184.25208    0.9771900      52.60
   1184.25366    0.9780800      52.65
   1184.25537    0.9789900      52.70
   1184.25696    0.9795700      52.73
   1184.25854    0.9797400      52.74
   1184.26013    0.9797700      52.74
   1184.26184    0.9796000      52.73
   1184.26343    0.9785100      52.67
   1184.26501    0.9760500      52.54
   1184.26660    0.9731300      52.38
   1184.26831    0.9716400      52.30
   1184.26990    0.9726200      52.35
   1184.27148    0.9752000      52.49
   1184.27307    0.9775100      52.62
   1184.27478    0.9786100      52.68
   1184.27637    0.9788600      52.69
   1184.27795    0.9789800      52.70
   1184.27966    0.9790800      52.70
   1184.28125    0.9789000      52.69
   1184.28284    0.9783500      52.66
   1184.28442    0.9775800      52.62
   1184.28613    0.9766600      52.57
   1184.28772    0.9755200      52.51
   1184.28931    0.9742100      52.44
   1184.29089    0.9727900      52.36
   1184.29260    0.9711800      52.27
   1184.29419    0.9693500      52.18
   1184.29578    0.9674100      52.07
   1184.29736    0.9654400      51.96
   1184.29907    0.9632200      51.85
   1184.30066    0.9604800      51.70
   1184.30225    0.9572500      51.52
   1184.30383    0.9536100      51.33
   1184.30554    0.9491600      51.09
   1184.30713    0.9432500      50.77
   1184.30872    0.9357300      50.36
   1184.31042    0.9270100      49.90
   1184.31201    0.9172700      49.37
   1184.31360    0.9061200      48.77
   1184.31519    0.8940900      48.12
   1184.31689    0.8836500      47.56
   1184.31848    0.8782300      47.27
   1184.32007    0.8795700      47.34
   1184.32166    0.8866500      47.72
   1184.32336    0.8970300      48.28
   1184.32495    0.9085900      48.90
   1184.32654    0.9198900      49.51
   1184.32812    0.9298200      50.04
   1184.32983    0.9377600      50.47
   1184.33142    0.9440000      50.81
   1184.33301    0.9491700      51.09
   1184.33472    0.9533300      51.31
   1184.33630    0.9560900      51.46
   1184.33789    0.9575000      51.53
   1184.33948    0.9583500      51.58
   1184.34119    0.9592200      51.63
   1184.34277    0.9600000      51.67
   1184.34436    0.9603300      51.69
   1184.34595    0.9605300      51.70
   1184.34766    0.9612700      51.74
   1184.34924    0.9627700      51.82
   1184.35083    0.9644600      51.91
   1184.35242    0.9656000      51.97
   1184.35413    0.9659100      51.98
   1184.35571    0.9656800      51.97
   1184.35730    0.9652700      51.95
   1184.35901    0.9647200      51.92
   1184.36060    0.9636700      51.86
   1184.36218    0.9616500      51.75
   1184.36377    0.9585000      51.59
   1184.36548    0.9545300      51.37
   1184.36707    0.9500900      51.13
   1184.36865    0.9452800      50.87
   1184.37024    0.9401600      50.60
   1184.37195    0.9351300      50.33
   1184.37354    0.9308600      50.10
   1184.37512    0.9277500      49.93
   1184.37683    0.9258400      49.83
   1184.37842    0.9252100      49.79
   1184.38000    0.9262100      49.85
   1184.38159    0.9290900      50.00
   1184.38330    0.9335500      50.24
   1184.38489    0.9386900      50.52
   1184.38647    0.9435600      50.78
   1184.38806    0.9475800      51.00
   1184.38977    0.9506600      51.16
   1184.39136    0.9529500      51.28
   1184.39294    0.9545000      51.37
   1184.39453    0.9550400      51.40
   1184.39624    0.9542300      51.35
   1184.39783    0.9521000      51.24
   1184.39941    0.9489600      51.07
   1184.40112    0.9449400      50.85
   1184.40271    0.9398400      50.58
   1184.40430    0.9338700      50.26
   1184.40588    0.9283800      49.96
   1184.40759    0.9252700      49.79
   1184.40918    0.9254200      49.80
   1184.41077    0.9280000      49.94
   1184.41235    0.9313400      50.12
   1184.41406    0.9341000      50.27
   1184.41565    0.9357200      50.35
   1184.41724    0.9360100      50.37
   1184.41882    0.9350400      50.32
   1184.42053    0.9331400      50.22
   1184.42212    0.9307700      50.09
   1184.42371    0.9281100      49.94
   1184.42542    0.9249800      49.78
   1184.42700    0.9212000      49.57
   1184.42859    0.9167900      49.33
   1184.43018    0.9118200      49.07
   1184.43188    0.9062400      48.77
   1184.43347    0.8999100      48.43
   1184.43506    0.8926900      48.04
   1184.43665    0.8844200      47.59
   1184.43835    0.8749300      47.08
   1184.43994    0.8641800      46.50
   1184.44153    0.8521700      45.86
   1184.44324    0.8386400      45.13
   1184.44482    0.8230000      44.29
   1184.44641    0.8046800      43.30
   1184.44800    0.7835300      42.16
   1184.44971    0.7594600      40.87
   1184.45129    0.7319100      39.38
   1184.45288    0.6998300      37.66
   1184.45447    0.6624000      35.64
   1184.45618    0.6193700      33.33
   1184.45776    0.5710100      30.73
   1184.45935    0.5179000      27.87
   1184.46094    0.4612300      24.82
   1184.46265    0.4031900      21.70
   1184.46423    0.3471800      18.68
   1184.46582    0.2976400      16.02
   1184.46753    0.2598300      13.98
   1184.46912    0.2389500      12.86
   1184.47070    0.2384200      12.83
   1184.47229    0.2583100      13.90
   1184.47400    0.2952100      15.88
   1184.47559    0.3439600      18.51
   1184.47717    0.3994800      21.50
   1184.47876    0.4574800      24.62
   1184.48047    0.5143500      27.68
   1184.48206    0.5674500      30.53
   1184.48364    0.6155400      33.12
   1184.48535    0.6584400      35.43
   1184.48694    0.6962000      37.46
   1184.48853    0.7287300      39.21
   1184.49011    0.7564000      40.70
   1184.49182    0.7803700      41.99
   1184.49341    0.8017100      43.14
   1184.49500    0.8206100      44.15
   1184.49658    0.8366500      45.02
   1184.49829    0.8500700      45.74
   1184.49988    0.8619100      46.38
   1184.50146    0.8729700      46.97
   1184.50305    0.8830500      47.51
   1184.50476    0.8915400      47.97
   1184.50635    0.8985500      48.35
   1184.50793    0.9047900      48.68
   1184.50964    0.9107200      49.00
   1184.51123    0.9162300      49.30
   1184.51282    0.9210900      49.56
   1184.51440    0.9253500      49.79
   1184.51611    0.9291100      49.99
   1184.51770    0.9322600      50.16
   1184.51929    0.9348400      50.30
   1184.52087    0.9372100      50.43
   1184.52258    0.9397600      50.56
   1184.52417    0.9423800      50.70
   1184.52576    0.9447000      50.83
   1184.52747    0.9465800      50.93
   1184.52905    0.9481400      51.01
   1184.53064    0.9493600      51.08
   1184.53223    0.9500000      51.11
   1184.53394    0.9500200      51.11
   1184.53552    0.9497000      51.10
   1184.53711    0.9492400      51.07
   1184.53870    0.9485300      51.03
   1184.54041    0.9476700      50.99
   1184.54199    0.9473000      50.97
   1184.54358    0.9480600      51.01
   1184.54529    0.9498100      51.10
   1184.54688    0.9518000      51.21
   1184.54846    0.9536000      51.30
   1184.55005    0.9553300      51.40
   1184.55176    0.9570500      51.49
   1184.55334    0.9583500      51.56
   1184.55493    0.9588800      51.59
   1184.55652    0.9589100      51.59
   1184.55823    0.9589300      51.59
   1184.55981    0.9589700      51.59
   1184.56140    0.9587100      51.58
   1184.56311    0.9581600      51.55
   1184.56470    0.9577200      51.52
   1184.56628    0.9574900      51.51
   1184.56787    0.9570600      51.49
   1184.56958    0.9561600      51.44
   1184.57117    0.9551100      51.38
   1184.57275    0.9542500      51.34
   1184.57434    0.9533000      51.29
   1184.57605    0.9518100      51.21
   1184.57764    0.9500000      51.11
   1184.57922    0.9485000      51.03
   1184.58093    0.9473300      50.96
   1184.58252    0.9455800      50.87
   1184.58411    0.9425500      50.71
   1184.58569    0.9385400      50.49
   1184.58740    0.9343700      50.27
   1184.58899    0.9301800      50.04
   1184.59058    0.9252500      49.78
   1184.59216    0.9188800      49.43
   1184.59387    0.9108700      49.00
   1184.59546    0.9011900      48.48
   1184.59705    0.8896500      47.86
   1184.59875    0.8758800      47.12
   1184.60034    0.8594600      46.24
   1184.60193    0.8398800      45.18
   1184.60352    0.8166600      43.93
   1184.60522    0.7896600      42.48
   1184.60681    0.7597100      40.87
   1184.60840    0.7290300      39.22
   1184.60999    0.7015300      37.74
   1184.61169    0.6823700      36.71
   1184.61328    0.6762100      36.38
   1184.61487    0.6847800      36.84
   1184.61658    0.7056100      37.96
   1184.61816    0.7333300      39.45
   1184.61975    0.7626200      41.02
   1184.62134    0.7902200      42.51
   1184.62305    0.8149600      43.84
   1184.62463    0.8365600      45.00
   1184.62622    0.8549600      45.99
   1184.62781    0.8702800      46.82
   1184.62952    0.8829000      47.49
   1184.63110    0.8932800      48.05
   1184.63269    0.9017600      48.51
   1184.63440    0.9085900      48.88
   1184.63599    0.9140500      49.17
   1184.63757    0.9184700      49.41
   1184.63916    0.9221300      49.60
   1184.64087    0.9251400      49.77
   1184.64246    0.9274400      49.89
   1184.64404    0.9290000      49.97
   1184.64563    0.9300100      50.03
   1184.64734    0.9308400      50.07
   1184.64893    0.9316800      50.12
   1184.65051    0.9322800      50.15
   1184.65222    0.9322300      50.15
   1184.65381    0.9315200      50.11
   1184.65540    0.9305400      50.05
   1184.65698    0.9296900      50.01
   1184.65869    0.9288600      49.96
   1184.66028    0.9276400      49.90
   1184.66187    0.9257900      49.80
   1184.66345    0.9234800      49.67
   1184.66516    0.9210100      49.54
   1184.66675    0.9184500      49.40
   1184.66833    0.9156500      49.25
   1184.67004    0.9124400      49.08
   1184.67163    0.9087900      48.88
   1184.67322    0.9047500      48.67
   1184.67480    0.9003300      48.43
   1184.67651    0.8954700      48.17
   1184.67810    0.8900300      47.87
   1184.67969    0.8838900      47.54
   1184.68127    0.8770400      47.17
   1184.68298    0.8695900      46.77
   1184.68457    0.8615100      46.34
   1184.68616    0.8525700      45.86
   1184.68787    0.8424400      45.31
   1184.68945    0.8309400      44.69
   1184.69104    0.8180800      44.00
   1184.69263    0.8038800      43.24
   1184.69434    0.7881600      42.39
   1184.69592    0.7706300      41.45
   1184.69751    0.7509700      40.39
   1184.69910    0.7288300      39.20
   1184.70081    0.7037900      37.85
   1184.70239    0.6754100      36.33
   1184.70398    0.6433900      34.61
   1184.70569    0.6074400      32.67
   1184.70728    0.5671800      30.51
   1184.70886    0.5222800      28.09
   1184.71045    0.4727500      25.43
   1184.71216    0.4191600      22.54
   1184.71375    0.3626200      19.50
   1184.71533    0.3048100      16.39
   1184.71704    0.2482600      13.35
   1184.71863    0.1962000      10.55
   1184.72021    0.1519100       8.17
   1184.72180    0.1178500       6.34
   1184.72351    0.0954800       5.14
   1184.72510    0.0855700       4.60
   1184.72668    0.0886300       4.77
   1184.72827    0.1047300       5.63
   1184.72998    0.1331400       7.16
   1184.73157    0.1722700       9.27
   1184.73315    0.2199000      11.83
   1184.73486    0.2734500      14.71
   1184.73645    0.3301200      17.75
   1184.73804    0.3871100      20.82
   1184.73962    0.4421300      23.78
   1184.74133    0.4937000      26.55
   1184.74292    0.5410700      29.10
   1184.74451    0.5839000      31.40
   1184.74609    0.6221100      33.46
   1184.74780    0.6560000      35.28
   1184.74939    0.6861500      36.90
   1184.75098    0.7132100      38.36
   1184.75269    0.7375300      39.67
   1184.75427    0.7592200      40.83
   1184.75586    0.7785200      41.87
   1184.75745    0.7958900      42.80
   1184.75916    0.8116700      43.65
   1184.76074    0.8258000      44.41
   1184.76233    0.8381200      45.07
   1184.76404    0.8489000      45.65
   1184.76562    0.8588000      46.19
   1184.76721    0.8682200      46.69
   1184.76880    0.8768800      47.16
   1184.77051    0.8843300      47.56
   1184.77209    0.8907100      47.90
   1184.77368    0.8966600      48.22
   1184.77527    0.9025600      48.54
   1184.77698    0.9081000      48.84
   1184.77856    0.9129000      49.09
   1184.78015    0.9170700      49.32
   1184.78186    0.9210200      49.53
   1184.78345    0.9249000      49.74
   1184.78503    0.9284400      49.93
   1184.78662    0.9313900      50.09
   1184.78833    0.9338300      50.22
   1184.78992    0.9359600      50.33
   1184.79150    0.9378000      50.43
   1184.79309    0.9392700      50.51
   1184.79480    0.9403900      50.57
   1184.79639    0.9413400      50.62
   1184.79797    0.9422600      50.67
   1184.79968    0.9431900      50.72
   1184.80127    0.9440800      50.77
   1184.80286    0.9449100      50.81
   1184.80444    0.9457300      50.86
   1184.80615    0.9467000      50.91
   1184.80774    0.9478700      50.97
   1184.80933    0.9491300      51.04
   1184.81104    0.9503500      51.11
   1184.81262    0.9515500      51.17
   1184.81421    0.9528900      51.24
   1184.81580    0.9544000      51.32
   1184.81750    0.9558900      51.40
   1184.81909    0.9571400      51.47
   1184.82068    0.9582200      51.53
   1184.82227    0.9593700      51.59
   1184.82397    0.9606800      51.66
   1184.82556    0.9619800      51.73
   1184.82715    0.9629900      51.78
   1184.82886    0.9636300      51.82
   1184.83044    0.9640000      51.84
   1184.83203    0.9642600      51.85
   1184.83362    0.9644600      51.86
   1184.83533    0.9645000      51.86
   1184.83691    0.9641600      51.85
   1184.83850    0.9633500      51.80
   1184.84021    0.9621500      51.74
   1184.84180    0.9605600      51.65
   1184.84338    0.9584100      51.54
   1184.84497    0.9555600      51.38
   1184.84668    0.9522000      51.20
   1184.84827    0.9485900      51.01
   1184.84985    0.9446500      50.80
   1184.85144    0.9400000      50.55
   1184.85315    0.9345200      50.25
   1184.85474    0.9287500      49.94
   1184.85632    0.9231600      49.64
   1184.85803    0.9175800      49.34
   1184.85962    0.9114800      49.01
   1184.86121    0.9048300      48.65
   1184.86279    0.8983000      48.30
   1184.86450    0.8925000      47.99
   1184.86609    0.8875400      47.72
   1184.86768    0.8833500      47.50
   1184.86938    0.8800600      47.32
   1184.87097    0.8777700      47.20
   1184.87256    0.8763000      47.12
   1184.87415    0.8755300      47.08
   1184.87585    0.8759000      47.10
   1184.87744    0.8780800      47.21
   1184.87903    0.8820100      47.43
   1184.88074    0.8869600      47.69
   1184.88232    0.8923200      47.98
   1184.88391    0.8982200      48.30
   1184.88550    0.9050300      48.66
   1184.88721    0.9125300      49.07
   1184.88879    0.9200700      49.47
   1184.89038    0.9273000      49.86
   1184.89197    0.9343400      50.24
   1184.89368    0.9412700      50.61
   1184.89526    0.9477100      50.96
   1184.89685    0.9533000      51.26
   1184.89856    0.9580700      51.51
   1184.90015    0.9623000      51.74
   1184.90173    0.9661000      51.94
   1184.90332    0.9693800      52.12
   1184.90503    0.9721600      52.27
   1184.90662    0.9746400      52.40
   1184.90820    0.9768600      52.52
   1184.90991    0.9787600      52.62
   1184.91150    0.9803000      52.71
   1184.91309    0.9815900      52.78
   1184.91467    0.9826700      52.83
   1184.91638    0.9835100      52.88
   1184.91797    0.9841800      52.92
   1184.91956    0.9849000      52.95
   1184.92114    0.9857100      53.00
   1184.92285    0.9863100      53.03
   1184.92444    0.9865700      53.04
   1184.92603    0.9868500      53.06
   1184.92773    0.9875300      53.09
   1184.92932    0.9883900      53.14
   1184.93091    0.9888900      53.17
   1184.93250    0.9889300      53.17
   1184.93420    0.9890000      53.17
   1184.93579    0.9893600      53.19
   1184.93738    0.9896200      53.21
   1184.93909    0.9894100      53.19
   1184.94067    0.9889900      53.17
   1184.94226    0.9888200      53.16
   1184.94385    0.9888200      53.16
   1184.94556    0.9885600      53.15
   1184.94714    0.9879500      53.12
   1184.94873    0.9872900      53.08
   1184.95044    0.9866700      53.05
   1184.95203    0.9857900      53.00
   1184.95361    0.9844700      52.93
   1184.95520    0.9827900      52.84
   1184.95691    0.9808100      52.73
   1184.95850    0.9784400      52.60
   1184.96008    0.9759400      52.47
   1184.96179    0.9739100      52.36
   1184.96338    0.9726500      52.29
   1184.96497    0.9719700      52.25
   1184.96655    0.9718600      52.25
   1184.96826    0.9727100      52.29
   1184.96985    0.9745500      52.39
   1184.97144    0.9765900      52.50
   1184.97302    0.9782900      52.59
   1184.97473    0.9801700      52.69
   1184.97632    0.9827300      52.83
   1184.97791    0.9851000      52.96
   1184.97961    0.9859500      53.00
   1184.98120    0.9854000      52.97
   1184.98279    0.9843900      52.92
   1184.98438    0.9820600      52.79
   1184.98608    0.9759800      52.47
   1184.98767    0.9664200      51.95
   1184.98926    0.9587000      51.54
   1184.99097    0.9588000      51.54
   1184.99255    0.9667600      51.97
   1184.99414    0.9763600      52.49
   1184.99573    0.9817200      52.78
   1184.99744    0.9824300      52.81
   1184.99902    0.9816600      52.77
   1185.00061    0.9813300      52.75
   1185.00232    0.9808800      52.73
   1185.00391    0.9796600      52.66
   1185.00549    0.9783600      52.59
   1185.00708    0.9776800      52.56
   1185.00879    0.9773800      52.54
   1185.01038    0.9771400      52.53
   1185.01196    0.9773200      52.54
   1185.01367    0.9782300      52.59
   1185.01526    0.9794300      52.65
   1185.01685    0.9804200      52.70
   1185.01843    0.9814500      52.76
   1185.02014    0.9830400      52.84
   1185.02173    0.9850100      52.95
   1185.02332    0.9867100      53.04
   1185.02490    0.9879100      53.11
   1185.02661    0.9888600      53.16
   1185.02820    0.9896700      53.20
   1185.02979    0.9903000      53.23
   1185.03149    0.9909800      53.27
   1185.03308    0.9920100      53.33
   1185.03467    0.9930300      53.38
   1185.03625    0.9932500      53.39
   1185.03796    0.9925800      53.36
   1185.03955    0.9919300      53.32
   1185.04114    0.9920900      53.33
   1185.04285    0.9926600      53.36
   1185.04443    0.9926900      53.36
   1185.04602    0.9919200      53.32
   1185.04761    0.9909400      53.27
   1185.04932    0.9902500      53.23
   1185.05090    0.9897500      53.20
   1185.05249    0.9892900      53.18
   1185.05420    0.9890000      53.16
   1185.05579    0.9889600      53.16
   1185.05737    0.9888600      53.15
   1185.05896    0.9882600      53.12
   1185.06067    0.9871500      53.06
   1185.06226    0.9858200      52.99
   1185.06384    0.9843600      52.91
   1185.06555    0.9825300      52.81
   1185.06714    0.9802300      52.69
   1185.06873    0.9777100      52.55
   1185.07031    0.9755600      52.44
   1185.07202    0.9742800      52.37
   1185.07361    0.9741400      52.36
   1185.07520    0.9751800      52.42
   1185.07690    0.9771500      52.52
   1185.07849    0.9795700      52.65
   1185.08008    0.9818400      52.77
   1185.08167    0.9835900      52.87
   1185.08337    0.9849200      52.94
   1185.08496    0.9862300      53.01
   1185.08655    0.9876000      53.08
   1185.08826    0.9886800      53.14
   1185.08984    0.9891800      53.17
   1185.09143    0.9893000      53.17
   1185.09302    0.9893600      53.18
   1185.09473    0.9891400      53.17
   1185.09631    0.9879900      53.10
   1185.09790    0.9860000      53.00
   1185.09949    0.9843800      52.91
   1185.10120    0.9844300      52.91
   1185.10278    0.9861200      53.00
   1185.10437    0.9880400      53.11
   1185.10608    0.9889200      53.15
   1185.10767    0.9887200      53.14
   1185.10925    0.9882500      53.12
   1185.11084    0.9880700      53.11
   1185.11255    0.9880100      53.10
   1185.11414    0.9876700      53.08
   1185.11572    0.9870000      53.05
   1185.11743    0.9862500      53.01
   1185.11902    0.9855100      52.97
   1185.12061    0.9845200      52.91
   1185.12219    0.9829900      52.83
   1185.12390    0.9810400      52.73
   1185.12549    0.9790200      52.62
   1185.12708    0.9769100      52.50
   1185.12878    0.9741600      52.36
   1185.13037    0.9702700      52.15
   1185.13196    0.9653300      51.88
   1185.13354    0.9595300      51.57
   1185.13525    0.9523600      51.18
   1185.13684    0.9426000      50.66
   1185.13843    0.9290600      49.93
   1185.14014    0.9108600      48.95
   1185.14172    0.8872000      47.68
   1185.14331    0.8583700      46.13
   1185.14490    0.8282100      44.51
   1185.14661    0.8047800      43.25
   1185.14819    0.7966300      42.81
   1185.14978    0.8068700      43.36
   1185.15149    0.8308000      44.65
   1185.15308    0.8596200      46.20
   1185.15466    0.8862300      47.63
   1185.15625    0.9080300      48.80
   1185.15796    0.9253700      49.73
   1185.15955    0.9390600      50.47
   1185.16113    0.9494400      51.03
   1185.16284    0.9569300      51.43
   1185.16443    0.9623800      51.72
   1185.16602    0.9668300      51.96
   1185.16760    0.9709200      52.18
   1185.16931    0.9745300      52.37
   1185.17090    0.9772900      52.52
   1185.17249    0.9792100      52.62
   1185.17419    0.9809300      52.72
   1185.17578    0.9830000      52.83
   1185.17737    0.9851600      52.94
   1185.17896    0.9866900      53.03
   1185.18066    0.9873800      53.06
   1185.18225    0.9877800      53.08
   1185.18384    0.9884000      53.12
   1185.18555    0.9891000      53.15
   1185.18713    0.9894800      53.17
   1185.18872    0.9895900      53.18
   1185.19031    0.9897800      53.19
   1185.19202    0.9901300      53.21
   1185.19360    0.9903000      53.22
   1185.19519    0.9900900      53.21
   1185.19690    0.9896300      53.18
   1185.19849    0.9890800      53.15
   1185.20007    0.9883500      53.11
   1185.20166    0.9874200      53.06
   1185.20337    0.9865700      53.02
   1185.20496    0.9862300      53.00
   1185.20654    0.9864600      53.01
   1185.20825    0.9868700      53.03
   1185.20984    0.9869800      53.04
   1185.21143    0.9865900      53.02
   1185.21301    0.9858700      52.98
   1185.21472    0.9851100      52.94
   1185.21631    0.9843900      52.90
   1185.21790    0.9835300      52.85
   1185.21960    0.9823200      52.79
   1185.22119    0.9807700      52.70
   1185.22278    0.9790600      52.61
   1185.22437    0.9772800      52.52
   1185.22607    0.9753300      52.41
   1185.22766    0.9730000      52.29
   1185.22925    0.9701900      52.13
   1185.23096    0.9669100      51.96
   1185.23254    0.9634500      51.77
   1185.23413    0.9605200      51.61
   1185.23572    0.9591000      51.54
   1185.23743    0.9598300      51.58
   1185.23901    0.9625900      51.72
   1185.24060    0.9666800      51.94
   1185.24231    0.9712100      52.19
   1185.24390    0.9754800      52.42
   1185.24548    0.9790200      52.61
   1185.24707    0.9817300      52.75
   1185.24878    0.9839000      52.87
   1185.25037    0.9858300      52.97
   1185.25195    0.9875400      53.06
   1185.25366    0.9887900      53.13
   1185.25525    0.9895800      53.17
   1185.25684    0.9902500      53.21
   1185.25842    0.9911100      53.26
   1185.26013    0.9920600      53.31
   1185.26172    0.9927300      53.34
   1185.26331    0.9930500      53.36
   1185.26501    0.9933200      53.37
   1185.26660    0.9937900      53.40
   1185.26819    0.9942700      53.42
   1185.26978    0.9944400      53.43
   1185.27148    0.9942500      53.42
   1185.27307    0.9940400      53.41
   1185.27466    0.9941000      53.41
   1185.27637    0.9943500      53.43
   1185.27795    0.9945300      53.44
   1185.27954    0.9945200      53.44
   1185.28125    0.9944300      53.43
   1185.28284    0.9943300      53.43
   1185.28442    0.9942100      53.42
   1185.28601    0.9941300      53.42
   1185.28772    0.9942600      53.42
   1185.28931    0.9946500      53.44
   1185.29089    0.9950400      53.46
   1185.29260    0.9952000      53.47
   1185.29419    0.9953000      53.48
   1185.29578    0.9956700      53.50
   1185.29736    0.9963000      53.53
   1185.29907    0.9967600      53.56
   1185.30066    0.9967700      53.56
   1185.30225    0.9965400      53.54
   1185.30396    0.9964200      53.54
   1185.30554    0.9964500      53.54
   1185.30713    0.9964100      53.54
   1185.30872    0.9962800      53.53
   1185.31042    0.9962900      53.53
   1185.31201    0.9965100      53.54
   1185.31360    0.9968000      53.56
   1185.31531    0.9969800      53.57
   1185.31689    0.9970600      53.57
   1185.31848    0.9970400      53.57
   1185.32007    0.9968800      53.56
   1185.32178    0.9966300      53.55
   1185.32336    0.9965300      53.54
   1185.32495    0.9967100      53.55
   1185.32666    0.9969500      53.56
   1185.32825    0.9969300      53.56
   1185.32983    0.9965800      53.54
   1185.33142    0.9961300      53.52
   1185.33313    0.9958100      53.50
   1185.33472    0.9956600      53.49
   1185.33630    0.9956600      53.49
   1185.33801    0.9957800      53.50
   1185.33960    0.9959300      53.51
   1185.34119    0.9959100      53.51
   1185.34277    0.9955800      53.49
   1185.34448    0.9950700      53.46
   1185.34607    0.9945900      53.43
   1185.34766    0.9942000      53.41
   1185.34937    0.9938200      53.39
   1185.35095    0.9933700      53.37
   1185.35254    0.9929400      53.34
   1185.35425    0.9926900      53.33
   1185.35583    0.9926600      53.33
   1185.35742    0.9926300      53.33
   1185.35901    0.9923000      53.31
   1185.36072    0.9915500      53.27
   1185.36230    0.9907000      53.22
   1185.36389    0.9901900      53.20
   1185.36560    0.9900500      53.19
   1185.36719    0.9898200      53.18
   1185.36877    0.9891100      53.14
   1185.37036    0.9880200      53.08
   1185.37207    0.9869900      53.02
   1185.37366    0.9860900      52.97
   1185.37524    0.9849400      52.91
   1185.37695    0.9831400      52.82
   1185.37854    0.9807900      52.69
   1185.38013    0.9781900      52.55
   1185.38171    0.9753000      52.39
   1185.38342    0.9716600      52.20
   1185.38501    0.9669000      51.94
   1185.38660    0.9610600      51.63
   1185.38831    0.9543600      51.27
   1185.38989    0.9468100      50.86
   1185.39148    0.9385200      50.42
   1185.39307    0.9303800      49.98
   1185.39478    0.9241600      49.65
   1185.39636    0.9216700      49.51
   1185.39795    0.9236700      49.62
   1185.39966    0.9295400      49.93
   1185.40125    0.9376800      50.37
   1185.40283    0.9462800      50.83
   1185.40454    0.9539100      51.24
   1185.40613    0.9599400      51.57
   1185.40771    0.9645900      51.82
   1185.40930    0.9683900      52.02
   1185.41101    0.9714500      52.18
   1185.41260    0.9733500      52.29
   1185.41418    0.9737400      52.31
   1185.41589    0.9730200      52.27
   1185.41748    0.9720700      52.22
   1185.41907    0.9714900      52.19
   1185.42065    0.9712100      52.17
   1185.42236    0.9709100      52.15
   1185.42395    0.9705900      52.14
   1185.42554    0.9706500      52.14
   1185.42725    0.9714200      52.18
   1185.42883    0.9728100      52.26
   1185.43042    0.9744200      52.34
   1185.43201    0.9759800      52.43
   1185.43372    0.9776400      52.52
   1185.43530    0.9796700      52.62
   1185.43689    0.9819900      52.75
   1185.43860    0.9840700      52.86
   1185.44019    0.9855700      52.94
   1185.44177    0.9867900      53.01
   1185.44336    0.9882500      53.08
   1185.44507    0.9898900      53.17
   1185.44666    0.9911600      53.24
   1185.44824    0.9918900      53.28
   1185.44995    0.9925600      53.32
   1185.45154    0.9935700      53.37
   1185.45312    0.9945100      53.42
   1185.45483    0.9947400      53.43
   1185.45642    0.9944200      53.41
   1185.45801    0.9943600      53.41
   1185.45959    0.9948700      53.44
   1185.46130    0.9954000      53.47
   1185.46289    0.9954200      53.47
   1185.46448    0.9952400      53.46
   1185.46619    0.9954000      53.47
   1185.46777    0.9958600      53.49
   1185.46936    0.9960700      53.50
   1185.47095    0.9958200      53.49
   1185.47266    0.9954400      53.47
   1185.47424    0.9953000      53.46
   1185.47583    0.9953000      53.46
   1185.47754    0.9952300      53.46
   1185.47913    0.9950700      53.45
   1185.48071    0.9948700      53.44
   1185.48230    0.9946200      53.42
   1185.48401    0.9943100      53.41
   1185.48560    0.9941400      53.40
   1185.48718    0.9942400      53.40
   1185.48889    0.9944800      53.41
   1185.49048    0.9946500      53.42
   1185.49207    0.9947700      53.43
   1185.49377    0.9949900      53.44
   1185.49536    0.9952800      53.46
   1185.49695    0.9954300      53.46
   1185.49854    0.9953800      53.46
   1185.50024    0.9953100      53.46
   1185.50183    0.9954100      53.46
   1185.50342    0.9956700      53.48
   1185.50513    0.9959400      53.49
   1185.50671    0.9960800      53.50
   1185.50830    0.9960200      53.50
   1185.50989    0.9957600      53.48
   1185.51160    0.9954300      53.46
   1185.51318    0.9952400      53.45
   1185.51477    0.9951800      53.45
   1185.51648    0.9950700      53.44
   1185.51807    0.9947500      53.43
   1185.51965    0.9944000      53.41
   1185.52136    0.9942900      53.40
   1185.52295    0.9944500      53.41
   1185.52454    0.9945500      53.41
   1185.52612    0.9943000      53.40
   1185.52783    0.9937400      53.37
   1185.52942    0.9931400      53.34
   1185.53101    0.9927700      53.32
   1185.53271    0.9926400      53.31
   1185.53430    0.9926400      53.31
   1185.53589    0.9926100      53.31
   1185.53748    0.9925500      53.31
   1185.53918    0.9924900      53.30
   1185.54077    0.9924200      53.30
   1185.54236    0.9922300      53.29
   1185.54407    0.9917300      53.26
   1185.54565    0.9909400      53.22
   1185.54724    0.9901500      53.18
   1185.54895    0.9896900      53.15
   1185.55054    0.9895700      53.15
   1185.55212    0.9895200      53.14
   1185.55371    0.9892700      53.13
   1185.55542    0.9888500      53.11
   1185.55701    0.9884000      53.08
   1185.55859    0.9878400      53.05
   1185.56030    0.9869000      53.00
   1185.56189    0.9855600      52.93
   1185.56348    0.9842100      52.86
   1185.56506    0.9832600      52.80
   1185.56677    0.9825700      52.77
   1185.56836    0.9815600      52.71
   1185.56995    0.9798900      52.62
   1185.57166    0.9778900      52.52
   1185.57324    0.9760900      52.42
   1185.57483    0.9745700      52.34
   1185.57654    0.9730000      52.25
   1185.57812    0.9711500      52.15
   1185.57971    0.9691300      52.04
   1185.58130    0.9670300      51.93
   1185.58301    0.9646900      51.81
   1185.58459    0.9620600      51.66
   1185.58618    0.9592700      51.51
   1185.58789    0.9563400      51.36
   1185.58948    0.9528300      51.17
   1185.59106    0.9481900      50.92
   1185.59265    0.9424000      50.61
   1185.59436    0.9358700      50.26
   1185.59595    0.9286900      49.87
   1185.59753    0.9203000      49.42
   1185.59924    0.9099600      48.87
   1185.60083    0.8972500      48.18
   1185.60242    0.8819700      47.36
   1185.60413    0.8638300      46.39
   1185.60571    0.8425300      45.24
   1185.60730    0.8183300      43.94
   1185.60889    0.7923900      42.55
   1185.61060    0.7669400      41.18
   1185.61218    0.7449200      40.00
   1185.61377    0.7289400      39.14
   1185.61548    0.7195600      38.64
   1185.61707    0.7146600      38.38
   1185.61865    0.7113300      38.20
   1185.62024    0.7090200      38.07
   1185.62195    0.7106800      38.16
   1185.62354    0.7201200      38.67
   1185.62512    0.7385700      39.66
   1185.62683    0.7637200      41.01
   1185.62842    0.7918300      42.52
   1185.63000    0.8197800      44.02
   1185.63171    0.8455000      45.40
   1185.63330    0.8676300      46.59
   1185.63489    0.8856800      47.56
   1185.63647    0.9003700      48.35
   1185.63818    0.9128100      49.02
   1185.63977    0.9233900      49.58
   1185.64136    0.9318900      50.04
   1185.64307    0.9385400      50.40
   1185.64465    0.9442600      50.70
   1185.64624    0.9496700      50.99
   1185.64795    0.9544300      51.25
   1185.64954    0.9579900      51.44
   1185.65112    0.9606100      51.58
   1185.65271    0.9630200      51.71
   1185.65442    0.9653600      51.84
   1185.65601    0.9670900      51.93
   1185.65759    0.9678600      51.97
   1185.65930    0.9679300      51.97
   1185.66089    0.9673400      51.94
   1185.66248    0.9654900      51.84
   1185.66406    0.9621200      51.66
   1185.66577    0.9585500      51.47
   1185.66736    0.9571500      51.39
   1185.66895    0.9594200      51.52
   1185.67065    0.9647100      51.80
   1185.67224    0.9709400      52.13
   1185.67383    0.9761900      52.42
   1185.67554    0.9797300      52.60
   1185.67712    0.9818400      52.72
   1185.67871    0.9832000      52.79
   1185.68030    0.9843300      52.85
   1185.68201    0.9852900      52.90
   1185.68359    0.9859000      52.94
   1185.68518    0.9861700      52.95
   1185.68689    0.9864800      52.97
   1185.68848    0.9870900      53.00
   1185.69006    0.9877300      53.03
   1185.69177    0.9879300      53.04
   1185.69336    0.9877200      53.03
   1185.69495    0.9876000      53.03
   1185.69653    0.9878400      53.04
   1185.69824    0.9880400      53.05
   1185.69983    0.9876000      53.03
   1185.70142    0.9864200      52.96
   1185.70312    0.9847800      52.87
   1185.70471    0.9828200      52.77
   1185.70630    0.9803700      52.64
   1185.70789    0.9772300      52.47
   1185.70959    0.9733300      52.26
   1185.71118    0.9687500      52.01
   1185.71277    0.9636800      51.74
   1185.71448    0.9584200      51.46
   1185.71606    0.9533800      51.19
   1185.71765    0.9488000      50.94
   1185.71936    0.9450400      50.74
   1185.72095    0.9426800      50.61
   1185.72253    0.9423800      50.60
   1185.72412    0.9441100      50.69
   1185.72583    0.9470300      50.84
   1185.72742    0.9502200      51.02
   1185.72900    0.9533900      51.19
   1185.73071    0.9566900      51.36
   1185.73230    0.9599400      51.54
   1185.73389    0.9624200      51.67
   1185.73560    0.9636200      51.73
   1185.73718    0.9637200      51.74
   1185.73877    0.9632400      51.71
   1185.74036    0.9624100      51.67
   1185.74207    0.9611800      51.60
   1185.74365    0.9596700      51.52
   1185.74524    0.9584800      51.46
   1185.74695    0.9583300      51.45
   1185.74854    0.9596400      51.52
   1185.75012    0.9623000      51.66
   1185.75183    0.9658200      51.85
   1185.75342    0.9695800      52.05
   1185.75500    0.9731300      52.24
   1185.75659    0.9763200      52.41
   1185.75830    0.9791900      52.57
   1185.75989    0.9818100      52.71
   1185.76147    0.9841200      52.83
   1185.76318    0.9861300      52.94
   1185.76477    0.9878700      53.03
   1185.76636    0.9893200      53.11
   1185.76807    0.9904100      53.17
   1185.76965    0.9911400      53.21
   1185.77124    0.9917300      53.24
   1185.77283    0.9923400      53.27
   1185.77454    0.9929000      53.30
   1185.77612    0.9932500      53.32
   1185.77771    0.9934400      53.33
   1185.77942    0.9937200      53.35
   1185.78101    0.9941900      53.37
   1185.78259    0.9945800      53.39
   1185.78430    0.9945900      53.39
   1185.78589    0.9942600      53.37
   1185.78748    0.9939300      53.36
   1185.78906    0.9938800      53.35
   1185.79077    0.9941200      53.37
   1185.79236    0.9944400      53.38
   1185.79395    0.9945800      53.39
   1185.79565    0.9944000      53.38
   1185.79724    0.9940800      53.36
   1185.79883    0.9940700      53.36
   1185.80054    0.9945500      53.39
   1185.80212    0.9950400      53.41
   1185.80371    0.9949500      53.41
   1185.80530    0.9943400      53.38
   1185.80701    0.9939300      53.35
   1185.80859    0.9940700      53.36
   1185.81018    0.9943100      53.38
   1185.81189    0.9941600      53.37
   1185.81348    0.9939000      53.35
   1185.81506    0.9940400      53.36
   1185.81677    0.9944000      53.38
   1185.81836    0.9943400      53.38
   1185.81995    0.9938400      53.35
   1185.82153    0.9935100      53.33
   1185.82324    0.9935100      53.33
   1185.82483    0.9931500      53.31
   1185.82642    0.9919600      53.25
   1185.82812    0.9903300      53.16
   1185.82971    0.9885800      53.07
   1185.83130    0.9862400      52.94
   1185.83301    0.9827800      52.75
   1185.83459    0.9783100      52.51
   1185.83618    0.9725600      52.21
   1185.83777    0.9636900      51.73
   1185.83948    0.9504700      51.02
   1185.84106    0.9360100      50.24
   1185.84265    0.9274800      49.78
   1185.84436    0.9302300      49.93
   1185.84595    0.9425800      50.59
   1185.84753    0.9574200      51.39
   1185.84924    0.9687700      52.00
   1185.85083    0.9756200      52.37
   1185.85242    0.9800600      52.61
   1185.85400    0.9836000      52.80
   1185.85571    0.9862800      52.94
   1185.85730    0.9880300      53.03
   1185.85889    0.9892800      53.10
   1185.86060    0.9903700      53.16
   1185.86218    0.9912100      53.20
   1185.86377    0.9918000      53.24
   1185.86548    0.9924000      53.27
   1185.86707    0.9930900      53.30
   1185.86865    0.9936800      53.34
   1185.87024    0.9940900      53.36
   1185.87195    0.9943700      53.37
   1185.87354    0.9945300      53.38
   1185.87512    0.9944700      53.38
   1185.87683    0.9943300      53.37
   1185.87842    0.9944300      53.37
   1185.88000    0.9948000      53.39
   1185.88171    0.9950700      53.41
   1185.88330    0.9950400      53.41
   1185.88489    0.9949300      53.40
   1185.88647    0.9950300      53.41
   1185.88818    0.9952400      53.42
   1185.88977    0.9953400      53.42
   1185.89136    0.9953300      53.42
   1185.89307    0.9953400      53.42
   1185.89465    0.9952700      53.42
   1185.89624    0.9950700      53.41
   1185.89795    0.9949400      53.40
   1185.89954    0.9951200      53.41
   1185.90112    0.9954500      53.43
   1185.90271    0.9955400      53.43
   1185.90442    0.9953700      53.42
   1185.90601    0.9953200      53.42
   1185.90759    0.9955600      53.43
   1185.90930    0.9957700      53.44
   1185.91089    0.9956500      53.44
   1185.91248    0.9953400      53.42
   1185.91418    0.9950800      53.41
   1185.91577    0.9948200      53.39
   1185.91736    0.9944400      53.37
   1185.91895    0.9941000      53.35
   1185.92065    0.9940500      53.35
   1185.92224    0.9940900      53.35
   1185.92383    0.9938500      53.34
   1185.92554    0.9933800      53.31
   1185.92712    0.9932600      53.31
   1185.92871    0.9938200      53.34
   1185.93042    0.9946500      53.38
   1185.93201    0.9951500      53.41
   1185.93359    0.9952300      53.41
   1185.93530    0.9952800      53.42
   1185.93689    0.9954200      53.42
   1185.93848    0.9954300      53.42
   1185.94006    0.9951500      53.41
   1185.94177    0.9948800      53.39
   1185.94336    0.9949200      53.40
   1185.94495    0.9951700      53.41
   1185.94666    0.9952500      53.41
   1185.94824    0.9950000      53.40
   1185.94983    0.9945200      53.37
   1185.95154    0.9939300      53.34
   1185.95312    0.9932700      53.31
   1185.95471    0.9925600      53.27
   1185.95630    0.9918900      53.23
   1185.95801    0.9912000      53.19
   1185.95959    0.9903400      53.15
   1185.96118    0.9894500      53.10
   1185.96289    0.9889900      53.08
   1185.96448    0.9892700      53.09
   1185.96606    0.9899600      53.13
   1185.96777    0.9905700      53.16
   1185.96936    0.9910000      53.18
   1185.97095    0.9915800      53.21
   1185.97253    0.9923900      53.26
   1185.97424    0.9930300      53.29
   1185.97583    0.9932400      53.30
   1185.97742    0.9932700      53.30
   1185.97913    0.9934900      53.31
   1185.98071    0.9937900      53.33
   1185.98230    0.9938000      53.33
   1185.98401    0.9935100      53.32
   1185.98560    0.9933100      53.30
   1185.98718    0.9932900      53.30
   1185.98889    0.9931300      53.29
   1185.99048    0.9926200      53.27
   1185.99207    0.9920800      53.24
   1185.99365    0.9917900      53.22
   1185.99536    0.9915500      53.21
   1185.99695    0.9910900      53.18
   1185.99854    0.9906600      53.16
   1186.00024    0.9907700      53.17
   1186.00183    0.9913900      53.20
   1186.00342    0.9919600      53.23
   1186.00513    0.9922400      53.25
   1186.00671    0.9925900      53.26
   1186.00830    0.9932400      53.30
   1186.00989    0.9937300      53.32
   1186.01160    0.9935700      53.32
   1186.01318    0.9931300      53.29
   1186.01477    0.9932200      53.30
   1186.01648    0.9939400      53.34
   1186.01807    0.9945600      53.37
   1186.01965    0.9945800      53.37
   1186.02136    0.9943700      53.36
   1186.02295    0.9943600      53.36
   1186.02454    0.9942800      53.35
   1186.02625    0.9936500      53.32
   1186.02783    0.9927300      53.27
   1186.02942    0.9922700      53.24
   1186.03101    0.9924900      53.26
   1186.03271    0.9927800      53.27
   1186.03430    0.9926700      53.27
   1186.03589    0.9923600      53.25
   1186.03760    0.9922100      53.24
   1186.03918    0.9921500      53.24
   1186.04077    0.9919700      53.23
   1186.04248    0.9919000      53.22
   1186.04407    0.9922000      53.24
   1186.04565    0.9926100      53.26
   1186.04724    0.9926400      53.26
   1186.04895    0.9923400      53.25
   1186.05054    0.9922400      53.24
   1186.05212    0.9924800      53.25
   1186.05383    0.9926200      53.26
   1186.05542    0.9924600      53.25
   1186.05701    0.9924200      53.25
   1186.05872    0.9928100      53.27
   1186.06030    0.9931800      53.29
   1186.06189    0.9930200      53.28
   1186.06360    0.9926100      53.26
   1186.06519    0.9925600      53.26
   1186.06677    0.9927000      53.26
   1186.06836    0.9922900      53.24
   1186.07007    0.9913000      53.19
   1186.07166    0.9907000      53.16
   1186.07324    0.9910800      53.18
   1186.07495    0.9916800      53.21
   1186.07654    0.9914300      53.20
   1186.07812    0.9904700      53.14
   1186.07983    0.9899400      53.11
   1186.08142    0.9903800      53.14
   1186.08301    0.9910800      53.18
   1186.08459    0.9911800      53.18
   1186.08630    0.9907500      53.16
   1186.08789    0.9903600      53.14
   1186.08948    0.9902100      53.13
   1186.09119    0.9900200      53.12
   1186.09277    0.9896600      53.10
   1186.09436    0.9893300      53.08
   1186.09607    0.9891100      53.07
   1186.09766    0.9887600      53.05
   1186.09924    0.9880900      53.01
   1186.10095    0.9871900      52.97
   1186.10254    0.9862200      52.91
   1186.10413    0.9851600      52.86
   1186.10571    0.9840200      52.79
   1186.10742    0.9831000      52.75
   1186.10901    0.9826800      52.72
   1186.11060    0.9825400      52.72
   1186.11230    0.9819900      52.69
   1186.11389    0.9806200      52.61
   1186.11548    0.9787800      52.51
   1186.11719    0.9771600      52.43
   1186.11877    0.9759800      52.36
   1186.12036    0.9748000      52.30
   1186.12207    0.9732300      52.21
   1186.12366    0.9714500      52.12
   1186.12524    0.9698500      52.03
   1186.12683    0.9684700      51.96
   1186.12854    0.9670400      51.88
   1186.13013    0.9655100      51.80
   1186.13171    0.9641200      51.72
   1186.13342    0.9629900      51.66
   1186.13501    0.9618600      51.60
   1186.13660    0.9604100      51.53
   1186.13831    0.9585600      51.43
   1186.13989    0.9563500      51.31
   1186.14148    0.9537700      51.17
   1186.14319    0.9506500      51.00
   1186.14478    0.9468400      50.80
   1186.14636    0.9421500      50.54
   1186.14795    0.9363300      50.23
   1186.14966    0.9292800      49.85
   1186.15125    0.9209800      49.41
   1186.15283    0.9112800      48.89
   1186.15454    0.8997600      48.27
   1186.15613    0.8860600      47.53
   1186.15771    0.8702100      46.68
   1186.15942    0.8522800      45.72
   1186.16101    0.8319600      44.63
   1186.16260    0.8088000      43.39
   1186.16431    0.7826500      41.99
   1186.16589    0.7536700      40.43
   1186.16748    0.7216100      38.71
   1186.16907    0.6858000      36.79
   1186.17078    0.6456800      34.64
   1186.17236    0.6014600      32.27
   1186.17395    0.5541500      29.73
   1186.17566    0.5061200      27.15
   1186.17725    0.4623400      24.80
   1186.17883    0.4304100      23.09
   1186.18054    0.4179800      22.42
   1186.18213    0.4288000      23.00
   1186.18372    0.4608600      24.72
   1186.18542    0.5078200      27.24
   1186.18701    0.5620500      30.15
   1186.18860    0.6170000      33.10
   1186.19019    0.6681600      35.84
   1186.19189    0.7133600      38.27
   1186.19348    0.7523500      40.36
   1186.19507    0.7857300      42.15
   1186.19678    0.8139800      43.66
   1186.19836    0.8374300      44.92
   1186.19995    0.8567600      45.96
   1186.20166    0.8729900      46.83
   1186.20325    0.8868600      47.57
   1186.20483    0.8985100      48.20
   1186.20654    0.9079400      48.70
   1186.20813    0.9155700      49.11
   1186.20972    0.9220900      49.46
   1186.21130    0.9279400      49.78
   1186.21301    0.9330500      50.05
   1186.21460    0.9371900      50.27
   1186.21619    0.9403500      50.44
   1186.21790    0.9427900      50.57
   1186.21948    0.9448700      50.68
   1186.22107    0.9467500      50.78
   1186.22278    0.9484800      50.88
   1186.22437    0.9500800      50.96
   1186.22595    0.9515400      51.04
   1186.22766    0.9528100      51.11
   1186.22925    0.9536700      51.16
   1186.23083    0.9541300      51.18
   1186.23242    0.9546000      51.20
   1186.23413    0.9556800      51.26
   1186.23572    0.9575800      51.36
   1186.23730    0.9599000      51.49
   1186.23901    0.9621400      51.61
   1186.24060    0.9642500      51.72
   1186.24219    0.9664700      51.84
   1186.24390    0.9687400      51.96
   1186.24548    0.9706800      52.07
   1186.24707    0.9720200      52.14
   1186.24878    0.9729200      52.19
   1186.25037    0.9736400      52.22
   1186.25195    0.9741000      52.25
   1186.25366    0.9741900      52.25
   1186.25525    0.9741600      52.25
   1186.25684    0.9744000      52.26
   1186.25842    0.9748400      52.29
   1186.26013    0.9749300      52.29
   1186.26172    0.9743100      52.26
   1186.26331    0.9732200      52.20
   1186.26501    0.9720800      52.14
   1186.26660    0.9708400      52.07
   1186.26819    0.9690900      51.98
   1186.26990    0.9666300      51.85
   1186.27148    0.9635500      51.68
   1186.27307    0.9598500      51.48
   1186.27478    0.9553700      51.24
   1186.27637    0.9500700      50.96
   1186.27795    0.9441000      50.64
   1186.27954    0.9375900      50.29
   1186.28125    0.9304900      49.91
   1186.28284    0.9229800      49.50
   1186.28442    0.9155700      49.11
   1186.28613    0.9087000      48.74
   1186.28772    0.9023700      48.40
   1186.28931    0.8965100      48.08
   1186.29102    0.8913800      47.81
   1186.29260    0.8874100      47.60
   1186.29419    0.8845900      47.44
   1186.29590    0.8825800      47.34
   1186.29749    0.8813100      47.27
   1186.29907    0.8811700      47.26
   1186.30078    0.8823500      47.32
   1186.30237    0.8846000      47.44
   1186.30396    0.8877400      47.61
   1186.30554    0.8919300      47.84
   1186.30725    0.8973000      48.12
   1186.30884    0.9034700      48.46
   1186.31042    0.9099900      48.81
   1186.31213    0.9169000      49.18
   1186.31372    0.9243300      49.57
   1186.31531    0.9318500      49.98
   1186.31702    0.9386800      50.34
   1186.31860    0.9446700      50.66
   1186.32019    0.9504300      50.97
   1186.32190    0.9563000      51.29
   1186.32349    0.9617600      51.58
   1186.32507    0.9661900      51.82
   1186.32666    0.9698200      52.01
   1186.32837    0.9732900      52.20
   1186.32996    0.9766100      52.38
   1186.33154    0.9791800      52.51
   1186.33325    0.9807300      52.60
   1186.33484    0.9818600      52.66
   1186.33643    0.9832300      52.73
   1186.33813    0.9847900      52.81
   1186.33972    0.9860500      52.88
   1186.34131    0.9868100      52.92
   1186.34302    0.9873300      52.95
   1186.34460    0.9878800      52.98
   1186.34619    0.9883300      53.00
   1186.34790    0.9884100      53.01
   1186.34949    0.9881600      52.99
   1186.35107    0.9878700      52.98
   1186.35266    0.9878400      52.98
   1186.35437    0.9880600      52.99
   1186.35596    0.9882700      53.00
   1186.35754    0.9881300      52.99
   1186.35925    0.9875500      52.96
   1186.36084    0.9866000      52.91
   1186.36243    0.9853500      52.84
   1186.36414    0.9837600      52.76
   1186.36572    0.9818100      52.65
   1186.36731    0.9794400      52.52
   1186.36902    0.9765200      52.37
   1186.37061    0.9727000      52.16
   1186.37219    0.9676600      51.89
   1186.37390    0.9613700      51.56
   1186.37549    0.9539300      51.16
   1186.37708    0.9452900      50.69
   1186.37866    0.9352200      50.15
   1186.38037    0.9236600      49.53
   1186.38196    0.9108800      48.85
   1186.38354    0.8973800      48.12
   1186.38525    0.8836900      47.39
   1186.38684    0.8705600      46.68
   1186.38843    0.8591100      46.07
   1186.39014    0.8505300      45.61
   1186.39172    0.8455600      45.34
   1186.39331    0.8443500      45.28
   1186.39502    0.8467400      45.41
   1186.39661    0.8525000      45.71
   1186.39819    0.8612500      46.18
   1186.39990    0.8722500      46.77
   1186.40149    0.8846000      47.44
   1186.40308    0.8974000      48.12
   1186.40466    0.9099300      48.79
   1186.40637    0.9216100      49.42
   1186.40796    0.9321200      49.98
   1186.40955    0.9414000      50.48
   1186.41125    0.9494900      50.91
   1186.41284    0.9564000      51.29
   1186.41443    0.9621100      51.59
   1186.41614    0.9667700      51.84
   1186.41772    0.9705300      52.04
   1186.41931    0.9732700      52.19
   1186.42102    0.9747500      52.27
   1186.42261    0.9753000      52.30
   1186.42419    0.9758500      52.33
   1186.42590    0.9771400      52.40
   1186.42749    0.9789600      52.49
   1186.42908    0.9804700      52.57
   1186.43066    0.9812100      52.61
   1186.43237    0.9813800      52.62
   1186.43396    0.9811800      52.61
   1186.43555    0.9803100      52.57
   1186.43726    0.9783500      52.46
   1186.43884    0.9755500      52.31
   1186.44043    0.9729400      52.17
   1186.44214    0.9716200      52.10
   1186.44373    0.9721900      52.13
   1186.44531    0.9744900      52.25
   1186.44702    0.9776700      52.42
   1186.44861    0.9806200      52.58
   1186.45020    0.9826700      52.69
   1186.45190    0.9840000      52.76
   1186.45349    0.9851500      52.82
   1186.45508    0.9862300      52.88
   1186.45679    0.9869300      52.92
   1186.45837    0.9871800      52.93
   1186.45996    0.9873600      52.94
   1186.46155    0.9877800      52.96
   1186.46326    0.9882400      52.99
   1186.46484    0.9883900      53.00
   1186.46643    0.9883000      52.99
   1186.46814    0.9882500      52.99
   1186.46973    0.9882700      52.99
   1186.47131    0.9881300      52.98
   1186.47302    0.9877800      52.96
   1186.47461    0.9873800      52.94
   1186.47620    0.9869300      52.92
   1186.47791    0.9862900      52.88
   1186.47949    0.9855400      52.84
   1186.48108    0.9851300      52.82
   1186.48279    0.9853000      52.83
   1186.48438    0.9857300      52.85
   1186.48596    0.9858000      52.85
   1186.48755    0.9852700      52.83
   1186.48926    0.9843200      52.78
   1186.49084    0.9831900      52.71
   1186.49243    0.9820300      52.65
   1186.49414    0.9809300      52.59
   1186.49573    0.9799300      52.54
   1186.49731    0.9789500      52.49
   1186.49902    0.9778300      52.43
   1186.50061    0.9764500      52.35
   1186.50220    0.9749100      52.27
   1186.50391    0.9734300      52.19
   1186.50549    0.9722500      52.13
   1186.50708    0.9714900      52.09
   1186.50879    0.9710200      52.06
   1186.51038    0.9704100      52.03
   1186.51196    0.9693100      51.97
   1186.51367    0.9677600      51.88
   1186.51526    0.9660700      51.79
   1186.51685    0.9642700      51.70
   1186.51843    0.9620300      51.58
   1186.52014    0.9591200      51.42
   1186.52173    0.9557600      51.24
   1186.52332    0.9523000      51.06
   1186.52502    0.9488500      50.87
   1186.52661    0.9453800      50.68
   1186.52820    0.9419900      50.50
   1186.52991    0.9389000      50.34
   1186.53149    0.9360300      50.18
   1186.53308    0.9330800      50.02
   1186.53479    0.9300100      49.86
   1186.53638    0.9270700      49.70
   1186.53796    0.9243600      49.56
   1186.53967    0.9213900      49.40
   1186.54126    0.9175500      49.19
   1186.54285    0.9126700      48.93
   1186.54456    0.9069400      48.62
   1186.54614    0.9003600      48.27
   1186.54773    0.8926100      47.85
   1186.54932    0.8834700      47.36
   1186.55103    0.8728900      46.80
   1186.55261    0.8606700      46.14
   1186.55420    0.8461900      45.36
   1186.55591    0.8287500      44.43
   1186.55750    0.8078800      43.31
   1186.55908    0.7830500      41.98
   1186.56079    0.7534200      40.39
   1186.56238    0.7183500      38.51
   1186.56396    0.6782500      36.36
   1186.56567    0.6346100      34.02
   1186.56726    0.5895300      31.60
   1186.56885    0.5462200      29.28
   1186.57056    0.5101900      27.35
   1186.57214    0.4887000      26.20
   1186.57373    0.4873100      26.12
   1186.57544    0.5062300      27.14
   1186.57703    0.5402500      28.96
   1186.57861    0.5824000      31.22
   1186.58032    0.6273500      33.63
   1186.58191    0.6718400      36.02
   1186.58350    0.7134100      38.24
   1186.58508    0.7501600      40.21
   1186.58679    0.7815400      41.90
   1186.58838    0.8082200      43.33
   1186.58997    0.8310500      44.55
   1186.59167    0.8504600      45.59
   1186.59326    0.8668500      46.47
   1186.59485    0.8809700      47.23
   1186.59656    0.8932900      47.89
   1186.59814    0.9037800      48.45
   1186.59973    0.9124600      48.91
   1186.60144    0.9200100      49.32
   1186.60303    0.9271200      49.70
   1186.60461    0.9337100      50.05
   1186.60632    0.9392700      50.35
   1186.60791    0.9438300      50.59
   1186.60950    0.9479600      50.81
   1186.61121    0.9519200      51.03
   1186.61279    0.9554300      51.21
   1186.61438    0.9583400      51.37
   1186.61597    0.9610700      51.52
   1186.61768    0.9639000      51.67
   1186.61926    0.9664800      51.81
   1186.62085    0.9683300      51.91
   1186.62256    0.9696300      51.98
   1186.62415    0.9710300      52.05
   1186.62573    0.9726700      52.14
   1186.62744    0.9740300      52.21
   1186.62903    0.9747500      52.25
   1186.63062    0.9751500      52.27
   1186.63232    0.9757600      52.30
   1186.63391    0.9767400      52.36
   1186.63550    0.9778100      52.41
   1186.63721    0.9787300      52.46
   1186.63879    0.9795200      52.50
   1186.64038    0.9803500      52.55
   1186.64209    0.9813000      52.60
   1186.64368    0.9822600      52.65
   1186.64526    0.9830200      52.69
   1186.64697    0.9834500      52.71
   1186.64856    0.9836700      52.73
   1186.65015    0.9839000      52.74
   1186.65173    0.9842200      52.75
   1186.65344    0.9845900      52.77
   1186.65503    0.9849800      52.79
   1186.65662    0.9854300      52.82
   1186.65833    0.9858200      52.84
   1186.65991    0.9858900      52.84
   1186.66150    0.9856000      52.83
   1186.66321    0.9853600      52.81
   1186.66479    0.9855400      52.82
   1186.66638    0.9860600      52.85
   1186.66809    0.9865400      52.88
   1186.66968    0.9868200      52.89
   1186.67126    0.9870600      52.90
   1186.67297    0.9873400      52.92
   1186.67456    0.9875700      52.93
   1186.67615    0.9877400      52.94
   1186.67786    0.9879800      52.95
   1186.67944    0.9882600      52.97
   1186.68103    0.9883500      52.97
   1186.68274    0.9881300      52.96
   1186.68433    0.9878300      52.94
   1186.68591    0.9878100      52.94
   1186.68762    0.9881400      52.96
   1186.68921    0.9885800      52.98
   1186.69080    0.9888900      53.00
   1186.69238    0.9889600      53.00
   1186.69409    0.9888900      53.00
   1186.69568    0.9889200      53.00
   1186.69727    0.9892600      53.02
   1186.69897    0.9897900      53.05
   1186.70056    0.9900400      53.06
   1186.70215    0.9898500      53.05
   1186.70386    0.9895700      53.04
   1186.70544    0.9896500      53.04
   1186.70703    0.9899700      53.06
   1186.70874    0.9900100      53.06
   1186.71033    0.9896100      53.04
   1186.71191    0.9890500      53.01
   1186.71362    0.9884800      52.98
   1186.71521    0.9877500      52.94
   1186.71680    0.9869200      52.89
   1186.71851    0.9864000      52.87
   1186.72009    0.9862700      52.86
   1186.72168    0.9858100      52.83
   1186.72339    0.9842600      52.75
   1186.72498    0.9818300      52.62
   1186.72656    0.9793100      52.48
   1186.72827    0.9771000      52.37
   1186.72986    0.9750200      52.25
   1186.73145    0.9732200      52.16
   1186.73303    0.9725000      52.12
   1186.73474    0.9734500      52.17
   1186.73633    0.9756100      52.29
   1186.73792    0.9779300      52.41
   1186.73962    0.9797400      52.51
   1186.74121    0.9811000      52.58
   1186.74280    0.9822500      52.64
   1186.74451    0.9833400      52.70
   1186.74609    0.9844400      52.76
   1186.74768    0.9855000      52.81
   1186.74939    0.9862900      52.86
   1186.75098    0.9866800      52.88
   1186.75256    0.9869300      52.89
   1186.75427    0.9873800      52.91
   1186.75586    0.9878800      52.94
   1186.75745    0.9878600      52.94
   1186.75916    0.9871200      52.90
   1186.76074    0.9861200      52.85
   1186.76233    0.9854200      52.81
   1186.76404    0.9850100      52.79
   1186.76562    0.9844800      52.76
   1186.76721    0.9836800      52.71
   1186.76892    0.9827900      52.67
   1186.77051    0.9819000      52.62
   1186.77209    0.9809100      52.57
   1186.77368    0.9796400      52.50
   1186.77539    0.9779600      52.41
   1186.77698    0.9756600      52.28
   1186.77856    0.9726100      52.12
   1186.78027    0.9689400      51.92
   1186.78186    0.9647700      51.70
   1186.78345    0.9596400      51.42
   1186.78516    0.9526000      51.05
   1186.78674    0.9429100      50.53
   1186.78833    0.9303300      49.85
   1186.79004    0.9144600      49.00
   1186.79163    0.8947800      47.95
   1186.79321    0.8721400      46.74
   1186.79492    0.8505300      45.58
   1186.79651    0.8362500      44.81
   1186.79810    0.8343600      44.71
   1186.79980    0.8453500      45.30
   1186.80139    0.8650300      46.35
   1186.80298    0.8873700      47.55
   1186.80469    0.9077300      48.64
   1186.80627    0.9242100      49.52
   1186.80786    0.9370700      50.21
   1186.80957    0.9472300      50.76
   1186.81116    0.9552000      51.18
   1186.81274    0.9610800      51.50
   1186.81445    0.9651100      51.72
   1186.81604    0.9680900      51.87
   1186.81763    0.9708700      52.02
   1186.81934    0.9737000      52.18
   1186.82092    0.9762200      52.31
   1186.82251    0.9781300      52.41
   1186.82410    0.9795600      52.49
   1186.82581    0.9807200      52.55
   1186.82739    0.9816400      52.60
   1186.82898    0.9822200      52.63
   1186.83069    0.9825300      52.65
   1186.83228    0.9827100      52.66
   1186.83386    0.9828600      52.66
   1186.83557    0.9830600      52.68
   1186.83716    0.9834900      52.70
   1186.83875    0.9841700      52.73
   1186.84045    0.9847400      52.76
   1186.84204    0.9848700      52.77
   1186.84363    0.9846400      52.76
   1186.84534    0.9843700      52.74
   1186.84692    0.9839400      52.72
   1186.84851    0.9829900      52.67
   1186.85022    0.9815400      52.59
   1186.85181    0.9801600      52.52
   1186.85339    0.9790800      52.46
   1186.85510    0.9776800      52.39
   1186.85669    0.9752500      52.25
   1186.85828    0.9719400      52.08
   1186.85999    0.9684000      51.89
   1186.86157    0.9647500      51.69
   1186.86316    0.9602900      51.45
   1186.86487    0.9544300      51.14
   1186.86646    0.9473300      50.76
   1186.86804    0.9395800      50.34
   1186.86975    0.9316100      49.92
   1186.87134    0.9239800      49.51
   1186.87292    0.9178200      49.18
   1186.87451    0.9144700      49.00
   1186.87622    0.9146000      49.00
   1186.87781    0.9179500      49.18
   1186.87939    0.9237800      49.49
   1186.88110    0.9311900      49.89
   1186.88269    0.9392500      50.32
   1186.88428    0.9470400      50.74
   1186.88599    0.9540400      51.12
   1186.88757    0.9601100      51.44
   1186.88916    0.9652300      51.71
   1186.89087    0.9693000      51.93
   1186.89246    0.9723400      52.10
   1186.89404    0.9746600      52.22
   1186.89575    0.9765900      52.32
   1186.89734    0.9782200      52.41
   1186.89893    0.9795000      52.48
   1186.90063    0.9805700      52.54
   1186.90222    0.9817100      52.60
   1186.90381    0.9829800      52.66
   1186.90552    0.9841700      52.73
   1186.90710    0.9850500      52.78
   1186.90869    0.9854900      52.80
   1186.91040    0.9855300      52.80
   1186.91199    0.9853400      52.79
   1186.91357    0.9851400      52.78
   1186.91528    0.9849800      52.77
   1186.91687    0.9847000      52.76
   1186.91846    0.9841700      52.73
   1186.92017    0.9836600      52.70
   1186.92175    0.9836900      52.70
   1186.92334    0.9843400      52.74
   1186.92505    0.9851500      52.78
   1186.92664    0.9857100      52.81
   1186.92822    0.9861600      52.83
   1186.92993    0.9868600      52.87
   1186.93152    0.9877700      52.92
   1186.93311    0.9884900      52.96
   1186.93469    0.9888800      52.98
   1186.93640    0.9891900      52.99
   1186.93799    0.9895800      53.01
   1186.93958    0.9898200      53.03
   1186.94128    0.9897100      53.02
   1186.94287    0.9894400      53.01
   1186.94446    0.9893300      53.00
   1186.94617    0.9893100      53.00
   1186.94775    0.9891000      52.99
   1186.94934    0.9887000      52.97
   1186.95105    0.9883800      52.95
   1186.95264    0.9882000      52.94
   1186.95422    0.9878700      52.92
   1186.95593    0.9872800      52.89
   1186.95752    0.9867000      52.86
   1186.95911    0.9863300      52.84
   1186.96082    0.9858900      52.82
   1186.96240    0.9849000      52.76
   1186.96399    0.9834400      52.68
   1186.96570    0.9821200      52.61
   1186.96729    0.9813600      52.57
   1186.96887    0.9808900      52.55
   1186.97058    0.9801200      52.50
   1186.97217    0.9787400      52.43
   1186.97375    0.9767900      52.33
   1186.97546    0.9743300      52.19
   1186.97705    0.9712200      52.03
   1186.97864    0.9672500      51.81
   1186.98035    0.9622600      51.55
   1186.98193    0.9564600      51.24
   1186.98352    0.9507200      50.93
   1186.98523    0.9465000      50.70
   1186.98682    0.9452000      50.63
   1186.98840    0.9472000      50.74
   1186.99011    0.9516500      50.98
   1186.99170    0.9570800      51.27
   1186.99329    0.9622300      51.54
   1186.99500    0.9663800      51.77
   1186.99658    0.9693400      51.93
   1186.99817    0.9712600      52.03
   1186.99988    0.9725000      52.09
   1187.00146    0.9732700      52.14
   1187.00305    0.9734200      52.14
   1187.00476    0.9726600      52.10
   1187.00635    0.9709800      52.01
   1187.00793    0.9687100      51.89
   1187.00952    0.9661600      51.75
   1187.01123    0.9634000      51.61
   1187.01282    0.9606200      51.46
   1187.01440    0.9584200      51.34
   1187.01611    0.9576100      51.29
   1187.01770    0.9586000      51.35
   1187.01929    0.9610400      51.48
   1187.02100    0.9642000      51.65
   1187.02258    0.9674100      51.82
   1187.02417    0.9704200      51.98
   1187.02588    0.9731800      52.13
   1187.02747    0.9756100      52.26
   1187.02905    0.9775100      52.36
   1187.03076    0.9787500      52.43
   1187.03235    0.9793800      52.46
   1187.03394    0.9796300      52.47
   1187.03564    0.9796800      52.48
   1187.03723    0.9795200      52.47
   1187.03882    0.9790600      52.44
   1187.04053    0.9783100      52.40
   1187.04211    0.9774000      52.35
   1187.04370    0.9765000      52.30
   1187.04541    0.9757300      52.26
   1187.04700    0.9752100      52.23
   1187.04858    0.9750300      52.23
   1187.05029    0.9751900      52.23
   1187.05188    0.9756100      52.26
   1187.05347    0.9761700      52.29
   1187.05518    0.9769000      52.32
   1187.05676    0.9779000      52.38
   1187.05835    0.9791400      52.44
   1187.06006    0.9803800      52.51
   1187.06165    0.9813600      52.56
   1187.06323    0.9821000      52.60
   1187.06494    0.9828500      52.64
   1187.06653    0.9836800      52.69
   1187.06812    0.9842100      52.71
   1187.06982    0.9839400      52.70
   1187.07141    0.9829500      52.65
   1187.07300    0.9820000      52.60
   1187.07471    0.9818300      52.59
   1187.07629    0.9824600      52.62
   1187.07788    0.9833200      52.67
   1187.07959    0.9839100      52.70
   1187.08118    0.9841500      52.71
   1187.08276    0.9841300      52.71
   1187.08447    0.9839200      52.70
   1187.08606    0.9836600      52.68
   1187.08765    0.9835900      52.68
   1187.08936    0.9838200      52.69
   1187.09094    0.9841100      52.71
   1187.09253    0.9842500      52.71
   1187.09424    0.9843100      52.72
   1187.09583    0.9844300      52.72
   1187.09741    0.9844500      52.73
   1187.09912    0.9840200      52.70
   1187.10071    0.9830400      52.65
   1187.10229    0.9817400      52.58
   1187.10388    0.9802800      52.50
   1187.10559    0.9785600      52.41
   1187.10718    0.9764700      52.30
   1187.10876    0.9742100      52.18
   1187.11047    0.9720200      52.06
   1187.11206    0.9699700      51.95
   1187.11365    0.9681000      51.85
   1187.11536    0.9667000      51.77
   1187.11694    0.9661200      51.74
   1187.11853    0.9663300      51.75
   1187.12024    0.9669900      51.79
   1187.12183    0.9679100      51.84
   1187.12341    0.9691500      51.90
   1187.12512    0.9706200      51.98
   1187.12671    0.9719900      52.06
   1187.12830    0.9730800      52.11
   1187.13000    0.9740500      52.17
   1187.13159    0.9750000      52.22
   1187.13318    0.9756700      52.25
   1187.13489    0.9757400      52.26
   1187.13647    0.9753000      52.23
   1187.13806    0.9747600      52.20
   1187.13977    0.9742400      52.17
   1187.14136    0.9734000      52.13
   1187.14294    0.9719500      52.05
   1187.14465    0.9699600      51.94
   1187.14624    0.9676500      51.82
   1187.14783    0.9650400      51.68
   1187.14954    0.9622600      51.53
   1187.15112    0.9597900      51.40
   1187.15271    0.9583400      51.32
   1187.15442    0.9582600      51.32
   1187.15601    0.9593200      51.37
   1187.15759    0.9610400      51.47
   1187.15930    0.9629600      51.57
   1187.16089    0.9647600      51.66
   1187.16248    0.9661800      51.74
   1187.16418    0.9672400      51.80
   1187.16577    0.9681100      51.84
   1187.16736    0.9689100      51.89
   1187.16907    0.9694900      51.92
   1187.17065    0.9696400      51.93
   1187.17224    0.9693400      51.91
   1187.17395    0.9688700      51.88
   1187.17554    0.9685200      51.86
   1187.17712    0.9682900      51.85
   1187.17883    0.9679900      51.84
   1187.18042    0.9674300      51.81
   1187.18201    0.9665900      51.76
   1187.18372    0.9656000      51.71
   1187.18530    0.9645300      51.65
   1187.18689    0.9633300      51.59
   1187.18860    0.9619000      51.51
   1187.19019    0.9601800      51.42
   1187.19177    0.9582200      51.31
   1187.19348    0.9560900      51.20
   1187.19507    0.9538800      51.08
   1187.19666    0.9516700      50.96
   1187.19836    0.9494400      50.84
   1187.19995    0.9468900      50.70
   1187.20154    0.9437100      50.53
   1187.20325    0.9399300      50.33
   1187.20483    0.9358900      50.11
   1187.20642    0.9317700      49.89
   1187.20813    0.9272400      49.65
   1187.20972    0.9218200      49.36
   1187.21130    0.9153500      49.01
   1187.21301    0.9078300      48.61
   1187.21460    0.8989500      48.14
   1187.21619    0.8881300      47.56
   1187.21790    0.8750100      46.85
   1187.21948    0.8595400      46.03
   1187.22107    0.8414100      45.05
   1187.22278    0.8199100      43.90
   1187.22437    0.7946100      42.55
   1187.22595    0.7659500      41.01
   1187.22766    0.7349300      39.35
   1187.22925    0.7028800      37.64
   1187.23083    0.6723600      36.00
   1187.23254    0.6482600      34.71
   1187.23413    0.6365600      34.08
   1187.23572    0.6407200      34.31
   1187.23743    0.6590200      35.29
   1187.23901    0.6858100      36.72
   1187.24060    0.7152700      38.30
   1187.24231    0.7440600      39.84
   1187.24390    0.7709600      41.28
   1187.24548    0.7952000      42.58
   1187.24719    0.8159500      43.69
   1187.24878    0.8329500      44.60
   1187.25037    0.8468000      45.34
   1187.25208    0.8582900      45.96
   1187.25366    0.8678100      46.47
   1187.25525    0.8753400      46.87
   1187.25696    0.8810100      47.17
   1187.25854    0.8852000      47.40
   1187.26013    0.8882700      47.56
   1187.26184    0.8903300      47.67
   1187.26343    0.8912700      47.72
   1187.26501    0.8910700      47.71
   1187.26672    0.8898100      47.64
   1187.26831    0.8875000      47.52
   1187.26990    0.8838900      47.32
   1187.27161    0.8786900      47.05
   1187.27319    0.8719300      46.68
   1187.27478    0.8641400      46.27
   1187.27649    0.8560200      45.83
   1187.27808    0.8480600      45.41
   1187.27966    0.8405600      45.00
   1187.28137    0.8339400      44.65
   1187.28296    0.8288400      44.38
   1187.28455    0.8256200      44.20
   1187.28625    0.8239600      44.11
   1187.28784    0.8231200      44.07
   1187.28943    0.8225400      44.04
   1187.29114    0.8221300      44.02
   1187.29272    0.8217600      44.00
   1187.29431    0.8207800      43.94
   1187.29602    0.8182700      43.81
   1187.29761    0.8137500      43.57
   1187.29919    0.8074900      43.23
   1187.30090    0.7998600      42.82
   1187.30249    0.7907300      42.33
   1187.30408    0.7795700      41.74
   1187.30579    0.7662900      41.03
   1187.30737    0.7514100      40.23
   1187.30896    0.7353000      39.37
   1187.31067    0.7174900      38.41
   1187.31226    0.6970500      37.32
   1187.31384    0.6736600      36.07
   1187.31555    0.6476900      34.68
   1187.31714    0.6193700      33.16
   1187.31873    0.5881700      31.49
   1187.32043    0.5533300      29.62
   1187.32202    0.5146900      27.55
   1187.32361    0.4726300      25.30
   1187.32532    0.4274000      22.88
   1187.32690    0.3790100      20.29
   1187.32849    0.3279800      17.56
   1187.33020    0.2757100      14.76
   1187.33179    0.2240300      11.99
   1187.33337    0.1748500       9.36
   1187.33508    0.1302600       6.97
   1187.33667    0.0927000       4.96
   1187.33826    0.0640200       3.43
   1187.33997    0.0444100       2.38
   1187.34155    0.0324800       1.74
   1187.34314    0.0266700       1.43
   1187.34485    0.0264800       1.42
   1187.34644    0.0321600       1.72
   1187.34802    0.0437200       2.34
   1187.34973    0.0605200       3.24
   1187.35132    0.0818400       4.38
   1187.35291    0.1072900       5.74
   1187.35461    0.1362700       7.30
   1187.35620    0.1670000       8.94
   1187.35779    0.1962100      10.50
   1187.35950    0.2202300      11.79
   1187.36108    0.2369600      12.69
   1187.36267    0.2476400      13.26
   1187.36438    0.2569200      13.75
   1187.36597    0.2709700      14.51
   1187.36755    0.2945100      15.77
   1187.36926    0.3288400      17.60
   1187.37085    0.3718700      19.91
   1187.37244    0.4198900      22.48
   1187.37415    0.4692300      25.12
   1187.37573    0.5171500      27.68
   1187.37732    0.5617500      30.07
   1187.37903    0.6018700      32.22
   1187.38062    0.6371700      34.11
   1187.38220    0.6680700      35.76
   1187.38391    0.6953900      37.22
   1187.38550    0.7197200      38.53
   1187.38708    0.7412800      39.68
   1187.38879    0.7601700      40.69
   1187.39038    0.7767700      41.58
   1187.39197    0.7916700      42.38
   1187.39368    0.8052100      43.10
   1187.39526    0.8173700      43.75
   1187.39685    0.8281300      44.33
   1187.39856    0.8377400      44.84
   1187.40015    0.8463800      45.31
   1187.40173    0.8538700      45.71
   1187.40344    0.8600000      46.03
   1187.40503    0.8651000      46.31
   1187.40662    0.8700500      46.57
   1187.40833    0.8755000      46.86
   1187.40991    0.8812900      47.17
   1187.41150    0.8869000      47.47
   1187.41321    0.8922000      47.76
   1187.41479    0.8974600      48.04
   1187.41638    0.9026900      48.32
   1187.41809    0.9074000      48.57
   1187.41968    0.9111400      48.77
   1187.42126    0.9140700      48.93
   1187.42297    0.9167300      49.07
   1187.42456    0.9194000      49.21
   1187.42615    0.9219700      49.35
   1187.42786    0.9243100      49.48
   1187.42944    0.9265700      49.60
   1187.43103    0.9290700      49.73
   1187.43274    0.9319100      49.88
   1187.43433    0.9348000      50.04
   1187.43591    0.9372600      50.17
   1187.43762    0.9390700      50.26
   1187.43921    0.9405100      50.34
   1187.44080    0.9421000      50.43
   1187.44250    0.9440200      50.53
   1187.44409    0.9459500      50.63
   1187.44568    0.9474200      50.71
   1187.44739    0.9483500      50.76
   1187.44897    0.9489700      50.79
   1187.45056    0.9493000      50.81
   1187.45227    0.9490900      50.80
   1187.45386    0.9484000      50.76
   1187.45544    0.9477400      50.73
   1187.45715    0.9475900      50.72
   1187.45874    0.9476400      50.72
   1187.46033    0.9470800      50.69
   1187.46204    0.9454700      50.60
   1187.46362    0.9432200      50.48
   1187.46521    0.9410800      50.37
   1187.46692    0.9396000      50.29
   1187.46851    0.9390300      50.26
   1187.47009    0.9395900      50.29
   1187.47180    0.9414700      50.39
   1187.47339    0.9444600      50.55
   1187.47498    0.9478700      50.73
   1187.47668    0.9509800      50.90
   1187.47827    0.9535200      51.03
   1187.47986    0.9556800      51.15
   1187.48157    0.9576900      51.26
   1187.48315    0.9595200      51.35
   1187.48474    0.9608100      51.42
   1187.48645    0.9612300      51.45
   1187.48804    0.9609100      51.43
   1187.48962    0.9603900      51.40
   1187.49133    0.9602700      51.39
   1187.49292    0.9607800      51.42
   1187.49451    0.9617900      51.48
   1187.49622    0.9631400      51.55
   1187.49780    0.9648100      51.64
   1187.49939    0.9667900      51.74
   1187.50110    0.9687900      51.85
   1187.50269    0.9704200      51.94
   1187.50427    0.9715000      51.99
   1187.50598    0.9721700      52.03
   1187.50757    0.9727500      52.06
   1187.50916    0.9733700      52.09
   1187.51086    0.9739300      52.12
   1187.51245    0.9743000      52.14
   1187.51416    0.9744600      52.15
   1187.51575    0.9745700      52.16
   1187.51733    0.9747900      52.17
   1187.51904    0.9751600      52.19
   1187.52063    0.9756100      52.21
   1187.52222    0.9760100      52.23
   1187.52393    0.9762500      52.25
   1187.52551    0.9762500      52.25
   1187.52710    0.9760700      52.24
   1187.52881    0.9759200      52.23
   1187.53040    0.9760100      52.23
   1187.53198    0.9762700      52.25
   1187.53369    0.9763800      52.25
   1187.53528    0.9761100      52.24
   1187.53687    0.9756200      52.21
   1187.53857    0.9751800      52.19
   1187.54016    0.9747800      52.17
   1187.54175    0.9740800      52.13
   1187.54346    0.9728300      52.06
   1187.54504    0.9711000      51.97
   1187.54663    0.9689300      51.85
   1187.54834    0.9661100      51.70
   1187.54993    0.9624100      51.50
   1187.55151    0.9578500      51.26
   1187.55322    0.9526800      50.98
   1187.55481    0.9470500      50.68
   1187.55640    0.9411200      50.36
   1187.55811    0.9353200      50.05
   1187.55969    0.9302100      49.78
   1187.56128    0.9259700      49.55
   1187.56299    0.9224000      49.36
   1187.56458    0.9195300      49.21
   1187.56616    0.9177400      49.11
   1187.56787    0.9167300      49.06
   1187.56946    0.9150500      48.97
   1187.57104    0.9113300      48.77
   1187.57275    0.9064500      48.51
   1187.57434    0.9037000      48.36
   1187.57593    0.9060400      48.48
   1187.57764    0.9132500      48.87
   1187.57922    0.9221200      49.34
   1187.58081    0.9293400      49.73
   1187.58252    0.9336900      49.96
   1187.58411    0.9356800      50.07
   1187.58569    0.9359700      50.09
   1187.58740    0.9345900      50.01
   1187.58899    0.9315400      49.85
   1187.59058    0.9272300      49.62
   1187.59229    0.9222400      49.35
   1187.59387    0.9168300      49.06
   1187.59546    0.9110000      48.75
   1187.59717    0.9048000      48.42
   1187.59875    0.8985500      48.08
   1187.60034    0.8927100      47.77
   1187.60205    0.8877100      47.50
   1187.60364    0.8836700      47.29
   1187.60535    0.8803800      47.11
   1187.60693    0.8773400      46.95
   1187.60852    0.8741400      46.77
   1187.61023    0.8704300      46.58
   1187.61182    0.8657100      46.32
   1187.61340    0.8591600      45.97
   1187.61511    0.8499500      45.48
   1187.61670    0.8376900      44.82
   1187.61829    0.8227900      44.03
   1187.62000    0.8066900      43.16
   1187.62158    0.7920200      42.38
   1187.62317    0.7822600      41.86
   1187.62488    0.7805100      41.76
   1187.62646    0.7879100      42.16
   1187.62805    0.8028700      42.96
   1187.62976    0.8220800      43.99
   1187.63135    0.8422000      45.06
   1187.63293    0.8610400      46.07
   1187.63464    0.8776700      46.96
   1187.63623    0.8918800      47.72
   1187.63782    0.9037600      48.36
   1187.63953    0.9135100      48.88
   1187.64111    0.9214300      49.30
   1187.64270    0.9278200      49.64
   1187.64441    0.9330300      49.92
   1187.64600    0.9372500      50.15
   1187.64758    0.9405000      50.32
   1187.64929    0.9427100      50.44
   1187.65088    0.9439600      50.51
   1187.65247    0.9444700      50.53
   1187.65417    0.9443900      50.53
   1187.65576    0.9436300      50.49
   1187.65735    0.9419900      50.40
   1187.65906    0.9393200      50.26
   1187.66064    0.9354700      50.05
   1187.66223    0.9300500      49.76
   1187.66394    0.9225800      49.36
   1187.66553    0.9127500      48.84
   1187.66711    0.9006900      48.19
   1187.66882    0.8870200      47.46
   1187.67041    0.8727100      46.69
   1187.67200    0.8592400      45.97
   1187.67371    0.8486200      45.40
   1187.67529    0.8431800      45.11
   1187.67700    0.8447100      45.19
   1187.67859    0.8534700      45.66
   1187.68018    0.8675700      46.42
   1187.68188    0.8836300      47.28
   1187.68347    0.8984700      48.07
   1187.68506    0.9105900      48.72
   1187.68677    0.9202700      49.24
   1187.68835    0.9283800      49.67
   1187.68994    0.9353600      50.04
   1187.69165    0.9411700      50.35
   1187.69324    0.9458100      50.60
   1187.69482    0.9494500      50.80
   1187.69653    0.9522500      50.95
   1187.69812    0.9543900      51.06
   1187.69971    0.9561900      51.16
   1187.70142    0.9580000      51.25
   1187.70300    0.9598200      51.35
   1187.70459    0.9613500      51.43
   1187.70630    0.9624900      51.49
   1187.70789    0.9634200      51.54
   1187.70947    0.9642700      51.59
   1187.71118    0.9648600      51.62
   1187.71277    0.9650800      51.63
   1187.71436    0.9652000      51.64
   1187.71606    0.9655600      51.66
   1187.71765    0.9660400      51.68
   1187.71924    0.9662100      51.69
   1187.72095    0.9659700      51.68
   1187.72253    0.9657600      51.67
   1187.72412    0.9660200      51.68
   1187.72583    0.9665800      51.71
   1187.72742    0.9669600      51.73
   1187.72900    0.9669000      51.73
   1187.73071    0.9665500      51.71
   1187.73230    0.9661700      51.69
   1187.73389    0.9658000      51.67
   1187.73560    0.9653600      51.64
   1187.73718    0.9648400      51.62
   1187.73889    0.9643400      51.59
   1187.74048    0.9639700      51.57
   1187.74207    0.9637700      51.56
   1187.74377    0.9637100      51.56
   1187.74536    0.9637600      51.56
   1187.74695    0.9639000      51.57
   1187.74866    0.9640600      51.57
   1187.75024    0.9641000      51.58
   1187.75183    0.9639000      51.56
   1187.75354    0.9635900      51.55
   1187.75513    0.9633500      51.53
   1187.75671    0.9631500      51.52
   1187.75842    0.9627900      51.50
   1187.76001    0.9621400      51.47
   1187.76160    0.9613400      51.43
   1187.76331    0.9606500      51.39
   1187.76489    0.9600700      51.36
   1187.76648    0.9594500      51.33
   1187.76819    0.9587000      51.28
   1187.76978    0.9578700      51.24
   1187.77136    0.9569000      51.19
   1187.77307    0.9556400      51.12
   1187.77466    0.9541200      51.04
   1187.77625    0.9526000      50.96
   1187.77795    0.9512500      50.89
   1187.77954    0.9500000      50.82
   1187.78113    0.9486900      50.75
   1187.78284    0.9473400      50.68
   1187.78442    0.9460200      50.61
   1187.78601    0.9446900      50.53
   1187.78772    0.9432000      50.45
   1187.78931    0.9414500      50.36
   1187.79102    0.9394400      50.25
   1187.79260    0.9371000      50.13
   1187.79419    0.9343900      49.98
   1187.79590    0.9314900      49.83
   1187.79749    0.9286500      49.67
   1187.79907    0.9259100      49.53
   1187.80078    0.9231000      49.38
   1187.80237    0.9200500      49.21
   1187.80396    0.9167600      49.04
   1187.80566    0.9132100      48.85
   1187.80725    0.9093500      48.64
   1187.80884    0.9051500      48.42
   1187.81055    0.9005800      48.17
   1187.81213    0.8955300      47.90
   1187.81372    0.8898800      47.60
   1187.81543    0.8837800      47.27
   1187.81702    0.8776200      46.94
   1187.81860    0.8714000      46.61
   1187.82031    0.8645400      46.24
   1187.82190    0.8565000      45.81
   1187.82349    0.8474900      45.33
   1187.82520    0.8381400      44.83
   1187.82678    0.8285300      44.32
   1187.82837    0.8180100      43.75
   1187.83008    0.8060400      43.11
   1187.83167    0.7926900      42.40
   1187.83325    0.7782200      41.63
   1187.83496    0.7623800      40.78
   1187.83655    0.7446300      39.83
   1187.83826    0.7247200      38.76
   1187.83984    0.7028000      37.59
   1187.84143    0.6787400      36.30
   1187.84314    0.6519200      34.87
   1187.84473    0.6216500      33.25
   1187.84631    0.5876300      31.43
   1187.84802    0.5498300      29.41
   1187.84961    0.5080700      27.17
   1187.85120    0.4620800      24.71
   1187.85291    0.4118800      22.03
   1187.85449    0.3579700      19.15
   1187.85608    0.3013800      16.12
   1187.85779    0.2437700      13.04
   1187.85938    0.1875900      10.03
   1187.86096    0.1359600       7.27
   1187.86267    0.0920900       4.93
   1187.86426    0.0582700       3.12
   1187.86584    0.0349800       1.87
   1187.86755    0.0207800       1.11
   1187.86914    0.0133300       0.71
   1187.87073    0.0108100       0.58
   1187.87244    0.0129100       0.69
   1187.87402    0.0206700       1.11
   1187.87561    0.0356700       1.91
   1187.87732    0.0595000       3.18
   1187.87891    0.0932200       4.99
   1187.88049    0.1367000       7.31
   1187.88220    0.1880300      10.06
   1187.88379    0.2439100      13.05
   1187.88550    0.3010100      16.10
   1187.88708    0.3570800      19.10
   1187.88867    0.4108300      21.97
   1187.89038    0.4612700      24.67
   1187.89197    0.5075300      27.14
   1187.89355    0.5493200      29.38
   1187.89526    0.5869600      31.39
   1187.89685    0.6209400      33.21
   1187.89844    0.6514400      34.84
   1187.90015    0.6786000      36.29
   1187.90173    0.7027600      37.58
   1187.90332    0.7243700      38.74
   1187.90503    0.7436600      39.77
   1187.90662    0.7607200      40.68
   1187.90820    0.7758100      41.49
   1187.90991    0.7894000      42.22
   1187.91150    0.8017800      42.88
   1187.91309    0.8129600      43.48
   1187.91479    0.8229400      44.01
   1187.91638    0.8319600      44.49
   1187.91797    0.8402400      44.94
   1187.91968    0.8477000      45.33
   1187.92126    0.8541400      45.68
   1187.92297    0.8595900      45.97
   1187.92456    0.8643600      46.23
   1187.92615    0.8684900      46.45
   1187.92786    0.8716600      46.62
   1187.92944    0.8735800      46.72
   1187.93103    0.8744200      46.76
   1187.93274    0.8746400      46.77
   1187.93433    0.8744200      46.76
   1187.93591    0.8734500      46.71
   1187.93762    0.8714000      46.60
   1187.93921    0.8683100      46.44
   1187.94080    0.8645100      46.23
   1187.94250    0.8602900      46.01
   1187.94409    0.8557400      45.76
   1187.94568    0.8508800      45.50
   1187.94739    0.8458300      45.23
   1187.94897    0.8407800      44.96
   1187.95056    0.8359600      44.70
   1187.95227    0.8315700      44.47
   1187.95386    0.8278200      44.27
   1187.95544    0.8249500      44.12
   1187.95715    0.8232200      44.02
   1187.95874    0.8229300      44.01
   1187.96045    0.8243000      44.08
   1187.96204    0.8273700      44.24
   1187.96362    0.8320500      44.49
   1187.96533    0.8381100      44.82
   1187.96692    0.8452700      45.20
   1187.96851    0.8531700      45.62
   1187.97021    0.8615000      46.07
   1187.97180    0.8700500      46.53
   1187.97339    0.8786600      46.99
   1187.97510    0.8871200      47.44
   1187.97668    0.8951300      47.87
   1187.97827    0.9025400      48.26
   1187.97998    0.9094400      48.63
   1187.98157    0.9159000      48.98
   1187.98315    0.9218000      49.29
   1187.98486    0.9269500      49.57
   1187.98645    0.9313400      49.80
   1187.98804    0.9351200      50.00
   1187.98975    0.9383200      50.17
   1187.99133    0.9408500      50.31
   1187.99292    0.9427600      50.41
   1187.99463    0.9443500      50.50
   1187.99622    0.9459000      50.58
   1187.99792    0.9473200      50.66
   1187.99951    0.9483900      50.71
   1188.00110    0.9492100      50.76
   1188.00281    0.9501800      50.81
   1188.00439    0.9515800      50.88
   1188.00598    0.9532300      50.97
   1188.00769    0.9547300      51.05
   1188.00928    0.9559300      51.11
   1188.01086    0.9569600      51.17
   1188.01257    0.9578800      51.22
   1188.01416    0.9584900      51.25
   1188.01575    0.9586500      51.26
   1188.01746    0.9585600      51.25
   1188.01904    0.9585500      51.25
   1188.02063    0.9587100      51.26
   1188.02234    0.9587800      51.27
   1188.02393    0.9585000      51.25
   1188.02551    0.9579300      51.22
   1188.02722    0.9573800      51.19
   1188.02881    0.9569500      51.17
   1188.03052    0.9564000      51.14
   1188.03210    0.9555300      51.09
   1188.03369    0.9544800      51.04
   1188.03540    0.9535000      50.98
   1188.03699    0.9525700      50.93
   1188.03857    0.9513700      50.87
   1188.04028    0.9497500      50.78
   1188.04187    0.9479600      50.69
   1188.04346    0.9461600      50.59
   1188.04517    0.9441300      50.48
   1188.04675    0.9414600      50.34
   1188.04834    0.9381400      50.16
   1188.05005    0.9346200      49.97
   1188.05164    0.9312000      49.79
   1188.05322    0.9277300      49.60
   1188.05493    0.9237600      49.39
   1188.05652    0.9189200      49.13
   1188.05811    0.9129800      48.81
   1188.05981    0.9058500      48.43
   1188.06140    0.8976300      47.99
   1188.06311    0.8885800      47.51
   1188.06470    0.8786400      46.98
   1188.06628    0.8670500      46.36
   1188.06799    0.8528800      45.60
   1188.06958    0.8357500      44.68
   1188.07117    0.8158200      43.62
   1188.07288    0.7928900      42.39
   1188.07446    0.7659300      40.95
   1188.07605    0.7339000      39.24
   1188.07776    0.6967600      37.25
   1188.07935    0.6553400      35.04
   1188.08093    0.6107100      32.65
   1188.08264    0.5645700      30.18
   1188.08423    0.5208000      27.84
   1188.08582    0.4859500      25.98
   1188.08752    0.4671800      24.98
   1188.08911    0.4686700      25.06
   1188.09070    0.4895800      26.17
   1188.09241    0.5249300      28.06
   1188.09399    0.5683000      30.38
   1188.09570    0.6140900      32.83
   1188.09729    0.6584100      35.20
   1188.09888    0.6989000      37.37
