   1188.00110    0.9492100      50.76
   1188.00281    0.9501800      50.81
   1188.00439    0.9515800      50.88
   1188.00598    0.9532300      50.97
   1188.00769    0.9547300      51.05
   1188.00928    0.9559300      51.11
   1188.01086    0.9569600      51.17
   1188.01257    0.9578800      51.22
   1188.01416    0.9584900      51.25
   1188.01575    0.9586500      51.26
   1188.01746    0.9585600      51.25
   1188.01904    0.9585500      51.25
   1188.02063    0.9587100      51.26
   1188.02234    0.9587800      51.27
   1188.02393    0.9585000      51.25
   1188.02551    0.9579300      51.22
   1188.02722    0.9573800      51.19
   1188.02881    0.9569500      51.17
   1188.03052    0.9564000      51.14
   1188.03210    0.9555300      51.09
   1188.03369    0.9544800      51.04
   1188.03540    0.9535000      50.98
   1188.03699    0.9525700      50.93
   1188.03857    0.9513700      50.87
   1188.04028    0.9497500      50.78
   1188.04187    0.9479600      50.69
   1188.04346    0.9461600      50.59
   1188.04517    0.9441300      50.48
   1188.04675    0.9414600      50.34
   1188.04834    0.9381400      50.16
   1188.05005    0.9346200      49.97
   1188.05164    0.9312000      49.79
   1188.05322    0.9277300      49.60
   1188.05493    0.9237600      49.39
   1188.05652    0.9189200      49.13
   1188.05811    0.9129800      48.81
   1188.05981    0.9058500      48.43
   1188.06140    0.8976300      47.99
   1188.06311    0.8885800      47.51
   1188.06470    0.8786400      46.98
   1188.06628    0.8670500      46.36
   1188.06799    0.8528800      45.60
   1188.06958    0.8357500      44.68
   1188.07117    0.8158200      43.62
   1188.07288    0.7928900      42.39
   1188.07446    0.7659300      40.95
   1188.07605    0.7339000      39.24
   1188.07776    0.6967600      37.25
   1188.07935    0.6553400      35.04
   1188.08093    0.6107100      32.65
   1188.08264    0.5645700      30.18
   1188.08423    0.5208000      27.84
   1188.08582    0.4859500      25.98
   1188.08752    0.4671800      24.98
   1188.08911    0.4686700      25.06
   1188.09070    0.4895800      26.17
   1188.09241    0.5249300      28.06
   1188.09399    0.5683000      30.38
   1188.09570    0.6140900      32.83
   1188.09729    0.6584100      35.20
   1188.09888    0.6989000      37.37
   1188.10059    0.7343800      39.26
   1188.10217    0.7645800      40.88
   1188.10376    0.7899900      42.23
   1188.10547    0.8114300      43.38
   1188.10706    0.8296500      44.35
   1188.10864    0.8450100      45.18
   1188.11035    0.8576300      45.85
   1188.11194    0.8677600      46.39
   1188.11353    0.8759700      46.83
   1188.11523    0.8827200      47.19
   1188.11682    0.8881000      47.48
   1188.11841    0.8919200      47.68
   1188.12012    0.8941600      47.80
   1188.12170    0.8951500      47.86
   1188.12329    0.8951400      47.85
   1188.12500    0.8940700      47.80
   1188.12659    0.8918700      47.68
   1188.12830    0.8890300      47.53
   1188.12988    0.8866100      47.40
   1188.13147    0.8856600      47.35
   1188.13318    0.8866400      47.40
   1188.13477    0.8893400      47.54
   1188.13635    0.8932000      47.75
   1188.13806    0.8975300      47.98
   1188.13965    0.9017900      48.21
   1188.14124    0.9056000      48.41
   1188.14294    0.9087400      48.58
   1188.14453    0.9110500      48.70
   1188.14612    0.9123300      48.77
   1188.14783    0.9125200      48.78
   1188.14941    0.9116600      48.74
   1188.15100    0.9097900      48.64
   1188.15271    0.9069000      48.48
   1188.15430    0.9030300      48.27
   1188.15601    0.8984800      48.03
   1188.15759    0.8935300      47.77
   1188.15918    0.8881400      47.48
   1188.16089    0.8820000      47.15
   1188.16248    0.8750700      46.78
   1188.16406    0.8677600      46.39
   1188.16577    0.8604900      46.00
   1188.16736    0.8532000      45.61
   1188.16895    0.8453000      45.19
   1188.17065    0.8361800      44.70
   1188.17224    0.8254100      44.12
   1188.17383    0.8126200      43.44
   1188.17554    0.7972900      42.62
   1188.17712    0.7788300      41.63
   1188.17871    0.7566100      40.44
   1188.18042    0.7299500      39.02
   1188.18201    0.6981900      37.32
   1188.18372    0.6608000      35.32
   1188.18530    0.6174200      33.00
   1188.18689    0.5678200      30.35
   1188.18860    0.5121200      27.38
   1188.19019    0.4516000      24.14
   1188.19177    0.3893100      20.81
   1188.19348    0.3302300      17.65
   1188.19507    0.2806000      15.00
   1188.19666    0.2468600      13.20
   1188.19836    0.2340600      12.51
   1188.19995    0.2441800      13.05
   1188.20154    0.2753600      14.72
   1188.20325    0.3225900      17.24
   1188.20483    0.3796700      20.29
   1188.20642    0.4408100      23.56
   1188.20813    0.5013400      26.80
   1188.20972    0.5578600      29.82
   1188.21143    0.6085700      32.53
   1188.21301    0.6531700      34.91
   1188.21460    0.6920400      36.99
   1188.21631    0.7255200      38.78
   1188.21790    0.7538800      40.30
   1188.21948    0.7778300      41.58
   1188.22119    0.7983900      42.67
   1188.22278    0.8161900      43.63
   1188.22437    0.8313400      44.44
   1188.22607    0.8439700      45.11
   1188.22766    0.8546600      45.68
   1188.22925    0.8639700      46.18
   1188.23096    0.8720300      46.61
   1188.23254    0.8788100      46.97
   1188.23425    0.8845700      47.28
   1188.23584    0.8897100      47.55
   1188.23743    0.8941600      47.79
   1188.23914    0.8974900      47.97
   1188.24072    0.8996600      48.09
   1188.24231    0.9011100      48.16
   1188.24402    0.9021500      48.22
   1188.24561    0.9024200      48.23
   1188.24719    0.9014800      48.18
   1188.24890    0.8994200      48.07
   1188.25049    0.8966300      47.92
   1188.25208    0.8930600      47.73
   1188.25378    0.8882000      47.47
   1188.25537    0.8818000      47.13
   1188.25696    0.8740800      46.72
   1188.25867    0.8650100      46.23
   1188.26025    0.8537900      45.63
   1188.26196    0.8394600      44.87
   1188.26355    0.8216800      43.92
   1188.26514    0.8008000      42.80
   1188.26685    0.7769500      41.53
   1188.26843    0.7497500      40.07
   1188.27002    0.7188300      38.42
   1188.27173    0.6846400      36.59
   1188.27332    0.6484100      34.66
   1188.27490    0.6116200      32.69
   1188.27661    0.5756800      30.77
   1188.27820    0.5419800      28.97
   1188.27979    0.5119800      27.36
   1188.28149    0.4868800      26.02
   1188.28308    0.4672900      24.97
   1188.28467    0.4532900      24.23
   1188.28638    0.4448600      23.78
   1188.28796    0.4423000      23.64
   1188.28967    0.4461600      23.84
   1188.29126    0.4569600      24.42
   1188.29285    0.4750800      25.39
   1188.29456    0.5007000      26.76
   1188.29614    0.5335200      28.51
   1188.29773    0.5721500      30.58
   1188.29944    0.6140000      32.81
   1188.30103    0.6560000      35.06
   1188.30261    0.6957800      37.18
   1188.30432    0.7322000      39.13
   1188.30591    0.7648000      40.87
   1188.30750    0.7933400      42.40
   1188.30920    0.8177400      43.70
   1188.31079    0.8383800      44.81
   1188.31250    0.8559400      45.74
   1188.31409    0.8708600      46.54
   1188.31567    0.8833500      47.21
   1188.31738    0.8937200      47.76
   1188.31897    0.9025400      48.23
   1188.32056    0.9102600      48.65
   1188.32227    0.9169600      49.00
   1188.32385    0.9226300      49.31
   1188.32544    0.9274700      49.57
   1188.32715    0.9317900      49.80
   1188.32874    0.9356400      50.00
   1188.33032    0.9388500      50.17
   1188.33203    0.9414600      50.31
   1188.33362    0.9437600      50.44
   1188.33533    0.9458900      50.55
   1188.33691    0.9476600      50.64
   1188.33850    0.9488100      50.70
   1188.34021    0.9494200      50.74
   1188.34180    0.9497500      50.75
   1188.34338    0.9497900      50.76
   1188.34509    0.9491700      50.72
   1188.34668    0.9475000      50.63
   1188.34827    0.9447900      50.49
   1188.34998    0.9413300      50.30
   1188.35156    0.9373200      50.09
   1188.35315    0.9328400      49.85
   1188.35486    0.9282500      49.60
   1188.35645    0.9246100      49.41
   1188.35815    0.9232300      49.34
   1188.35974    0.9247200      49.42
   1188.36133    0.9284000      49.61
   1188.36304    0.9329200      49.85
   1188.36462    0.9372400      50.08
   1188.36621    0.9410300      50.29
   1188.36792    0.9442100      50.46
   1188.36951    0.9465100      50.58
   1188.37109    0.9477100      50.64
   1188.37280    0.9479800      50.66
   1188.37439    0.9477000      50.64
   1188.37598    0.9468900      50.60
   1188.37769    0.9451000      50.50
   1188.37927    0.9418200      50.33
   1188.38098    0.9368100      50.06
   1188.38257    0.9299500      49.69
   1188.38416    0.9209900      49.21
   1188.38586    0.9095300      48.60
   1188.38745    0.8950900      47.83
   1188.38904    0.8770400      46.86
   1188.39075    0.8547200      45.67
   1188.39233    0.8277500      44.23
   1188.39392    0.7963000      42.55
   1188.39563    0.7610200      40.66
   1188.39722    0.7227800      38.62
   1188.39880    0.6827300      36.48
   1188.40051    0.6425300      34.33
   1188.40210    0.6042500      32.29
   1188.40381    0.5698700      30.45
   1188.40540    0.5408100      28.90
   1188.40698    0.5178400      27.67
   1188.40869    0.5013700      26.79
   1188.41028    0.4917900      26.28
   1188.41187    0.4897100      26.17
   1188.41357    0.4959600      26.50
   1188.41516    0.5111800      27.31
   1188.41675    0.5353400      28.60
   1188.41846    0.5674800      30.32
   1188.42004    0.6058600      32.37
   1188.42163    0.6482800      34.64
   1188.42334    0.6921800      36.98
   1188.42493    0.7347900      39.26
   1188.42664    0.7737800      41.34
   1188.42822    0.8079600      43.17
   1188.42981    0.8373900      44.74
   1188.43152    0.8626400      46.09
   1188.43311    0.8840500      47.24
   1188.43469    0.9016500      48.18
   1188.43640    0.9156700      48.93
   1188.43799    0.9268800      49.52
   1188.43958    0.9361000      50.02
   1188.44128    0.9436900      50.42
   1188.44287    0.9495900      50.74
   1188.44458    0.9538300      50.96
   1188.44617    0.9569000      51.13
   1188.44775    0.9593500      51.26
   1188.44946    0.9613500      51.36
   1188.45105    0.9626900      51.44
   1188.45264    0.9633900      51.47
   1188.45435    0.9638900      51.50
   1188.45593    0.9646700      51.54
   1188.45752    0.9657000      51.60
   1188.45923    0.9665300      51.64
   1188.46082    0.9668600      51.66
   1188.46240    0.9668900      51.66
   1188.46411    0.9670800      51.67
   1188.46570    0.9677400      51.70
   1188.46741    0.9689300      51.77
   1188.46899    0.9705300      51.85
   1188.47058    0.9722900      51.95
   1188.47229    0.9739400      52.04
   1188.47388    0.9753000      52.11
   1188.47546    0.9764200      52.17
   1188.47717    0.9773800      52.22
   1188.47876    0.9780300      52.25
   1188.48035    0.9782300      52.26
   1188.48206    0.9781700      52.26
   1188.48364    0.9782400      52.26
   1188.48523    0.9785000      52.28
   1188.48694    0.9784900      52.28
   1188.48853    0.9778200      52.24
   1188.49023    0.9766900      52.18
   1188.49182    0.9755200      52.12
   1188.49341    0.9742900      52.05
   1188.49512    0.9725400      51.96
   1188.49670    0.9701600      51.83
   1188.49829    0.9676500      51.70
   1188.50000    0.9654200      51.58
   1188.50159    0.9631700      51.46
   1188.50317    0.9603900      51.31
   1188.50488    0.9573200      51.14
   1188.50647    0.9547600      51.01
   1188.50818    0.9530200      50.91
   1188.50977    0.9516500      50.84
   1188.51135    0.9503100      50.77
   1188.51306    0.9495300      50.73
   1188.51465    0.9499200      50.75
   1188.51624    0.9512500      50.82
   1188.51794    0.9527200      50.90
   1188.51953    0.9540800      50.97
   1188.52112    0.9558800      51.07
   1188.52283    0.9583500      51.20
   1188.52441    0.9609500      51.34
   1188.52600    0.9630800      51.45
   1188.52771    0.9650200      51.55
   1188.52930    0.9674200      51.68
   1188.53101    0.9703100      51.84
   1188.53259    0.9731600      51.99
   1188.53418    0.9757100      52.12
   1188.53589    0.9782100      52.26
   1188.53748    0.9806200      52.39
   1188.53906    0.9824200      52.48
   1188.54077    0.9833500      52.53
   1188.54236    0.9839600      52.56
   1188.54395    0.9849100      52.61
   1188.54565    0.9860600      52.68
   1188.54724    0.9868400      52.72
   1188.54895    0.9871500      52.73
   1188.55054    0.9874400      52.75
   1188.55212    0.9878400      52.77
   1188.55383    0.9878500      52.77
   1188.55542    0.9873000      52.74
   1188.55701    0.9868100      52.71
   1188.55872    0.9870500      52.73
   1188.56030    0.9878400      52.77
   1188.56189    0.9885100      52.81
   1188.56360    0.9888400      52.82
   1188.56519    0.9891300      52.84
   1188.56689    0.9894500      52.85
   1188.56848    0.9894700      52.86
   1188.57007    0.9891200      52.84
   1188.57178    0.9888900      52.82
   1188.57336    0.9890400      52.83
   1188.57495    0.9891500      52.84
   1188.57666    0.9887000      52.81
   1188.57825    0.9879000      52.77
   1188.57983    0.9873800      52.74
   1188.58154    0.9872600      52.74
   1188.58313    0.9871100      52.73
   1188.58484    0.9866700      52.70
   1188.58643    0.9861500      52.68
   1188.58801    0.9857200      52.65
   1188.58972    0.9851800      52.62
   1188.59131    0.9843800      52.58
   1188.59290    0.9835700      52.54
   1188.59460    0.9829500      52.51
   1188.59619    0.9822100      52.47
   1188.59778    0.9808900      52.39
   1188.59949    0.9789100      52.29
   1188.60107    0.9765500      52.16
   1188.60266    0.9738800      52.02
   1188.60437    0.9705600      51.84
   1188.60596    0.9662100      51.61
   1188.60767    0.9605300      51.31
   1188.60925    0.9531100      50.91
   1188.61084    0.9433300      50.39
   1188.61255    0.9304300      49.70
   1188.61414    0.9134900      48.79
   1188.61572    0.8921800      47.65
   1188.61743    0.8685900      46.39
   1188.61902    0.8484900      45.32
   1188.62061    0.8392100      44.83
   1188.62231    0.8446400      45.11
   1188.62390    0.8620200      46.04
   1188.62561    0.8841400      47.22
   1188.62720    0.9045400      48.31
   1188.62878    0.9206200      49.17
   1188.63049    0.9326400      49.81
   1188.63208    0.9414400      50.28
   1188.63367    0.9476900      50.62
   1188.63538    0.9522800      50.86
   1188.63696    0.9561500      51.07
   1188.63855    0.9596000      51.25
   1188.64026    0.9624200      51.40
   1188.64185    0.9645300      51.52
   1188.64355    0.9660900      51.60
   1188.64514    0.9670000      51.65
   1188.64673    0.9668600      51.64
   1188.64844    0.9653400      51.56
   1188.65002    0.9622700      51.40
   1188.65161    0.9574000      51.14
   1188.65332    0.9509200      50.79
   1188.65491    0.9443700      50.44
   1188.65649    0.9405500      50.23
   1188.65820    0.9416600      50.29
   1188.65979    0.9474100      50.60
   1188.66150    0.9553300      51.02
   1188.66309    0.9628600      51.43
   1188.66467    0.9689900      51.75
   1188.66638    0.9739400      52.02
   1188.66797    0.9779500      52.23
   1188.66956    0.9808300      52.38
   1188.67126    0.9825000      52.47
   1188.67285    0.9834100      52.52
   1188.67444    0.9842100      52.56
   1188.67615    0.9851100      52.61
   1188.67773    0.9858300      52.65
   1188.67944    0.9861200      52.67
   1188.68103    0.9861200      52.67
   1188.68262    0.9860800      52.66
   1188.68433    0.9859800      52.66
   1188.68591    0.9855300      52.63
   1188.68750    0.9847600      52.59
   1188.68921    0.9840700      52.56
   1188.69080    0.9837800      52.54
   1188.69238    0.9835800      52.53
   1188.69409    0.9828800      52.49
   1188.69568    0.9814400      52.42
   1188.69739    0.9796500      52.32
   1188.69897    0.9780900      52.24
   1188.70056    0.9770000      52.18
   1188.70227    0.9763900      52.14
   1188.70386    0.9763100      52.14
   1188.70544    0.9768700      52.17
   1188.70715    0.9780800      52.23
   1188.70874    0.9796800      52.32
   1188.71033    0.9813100      52.41
   1188.71204    0.9827100      52.48
   1188.71362    0.9838600      52.54
   1188.71533    0.9848400      52.59
   1188.71692    0.9857100      52.64
   1188.71851    0.9863400      52.67
   1188.72021    0.9866400      52.69
   1188.72180    0.9867300      52.70
   1188.72339    0.9869300      52.71
   1188.72510    0.9874200      52.73
   1188.72668    0.9880600      52.77
   1188.72839    0.9885900      52.79
   1188.72998    0.9889300      52.81
   1188.73157    0.9891300      52.82
   1188.73328    0.9891800      52.82
   1188.73486    0.9890500      52.82
   1188.73645    0.9887900      52.80
   1188.73816    0.9885200      52.79
   1188.73975    0.9883100      52.78
   1188.74133    0.9881200      52.77
   1188.74304    0.9879200      52.76
   1188.74463    0.9877600      52.75
   1188.74634    0.9876800      52.74
   1188.74792    0.9876800      52.74
   1188.74951    0.9877600      52.75
   1188.75122    0.9878900      52.75
   1188.75281    0.9879500      52.76
   1188.75439    0.9878000      52.75
   1188.75610    0.9875900      52.74
   1188.75769    0.9875800      52.74
   1188.75928    0.9877700      52.75
   1188.76099    0.9877100      52.74
   1188.76257    0.9870900      52.71
   1188.76428    0.9861900      52.66
   1188.76587    0.9856900      52.64
   1188.76746    0.9858500      52.64
   1188.76917    0.9863100      52.67
   1188.77075    0.9865900      52.68
   1188.77234    0.9865800      52.68
   1188.77405    0.9865000      52.68
   1188.77563    0.9865300      52.68
   1188.77722    0.9866300      52.68
   1188.77893    0.9866600      52.69
   1188.78052    0.9865500      52.68
   1188.78223    0.9862700      52.66
   1188.78381    0.9859400      52.65
   1188.78540    0.9857000      52.63
   1188.78711    0.9856000      52.63
   1188.78870    0.9854600      52.62
   1188.79028    0.9850900      52.60
   1188.79199    0.9844900      52.57
   1188.79358    0.9838500      52.53
   1188.79529    0.9832800      52.50
   1188.79688    0.9828400      52.48
   1188.79846    0.9825000      52.46
   1188.80017    0.9821900      52.45
   1188.80176    0.9817900      52.42
   1188.80334    0.9812500      52.39
   1188.80505    0.9806800      52.36
   1188.80664    0.9802000      52.34
   1188.80823    0.9797200      52.31
   1188.80994    0.9790000      52.27
   1188.81152    0.9780000      52.22
   1188.81323    0.9769700      52.17
   1188.81482    0.9761200      52.12
   1188.81641    0.9753800      52.08
   1188.81812    0.9745800      52.04
   1188.81970    0.9737500      51.99
   1188.82129    0.9731100      51.96
   1188.82300    0.9726100      51.93
   1188.82458    0.9719000      51.89
   1188.82629    0.9706700      51.83
   1188.82788    0.9691300      51.75
   1188.82947    0.9677800      51.67
   1188.83118    0.9668100      51.62
   1188.83276    0.9658500      51.57
   1188.83435    0.9644200      51.49
   1188.83606    0.9625900      51.40
   1188.83765    0.9608800      51.30
   1188.83923    0.9596100      51.24
   1188.84094    0.9584700      51.18
   1188.84253    0.9569400      51.09
   1188.84424    0.9549700      50.99
   1188.84583    0.9529400      50.88
   1188.84741    0.9509700      50.77
   1188.84912    0.9487500      50.66
   1188.85071    0.9460800      50.51
   1188.85229    0.9431600      50.36
   1188.85400    0.9402300      50.20
   1188.85559    0.9370500      50.03
   1188.85718    0.9332500      49.83
   1188.85889    0.9288600      49.59
   1188.86047    0.9242800      49.35
   1188.86218    0.9195500      49.10
   1188.86377    0.9142600      48.81
   1188.86536    0.9080800      48.48
   1188.86707    0.9011700      48.11
   1188.86865    0.8937100      47.72
   1188.87024    0.8854000      47.27
   1188.87195    0.8756700      46.75
   1188.87354    0.8643500      46.15
   1188.87524    0.8516000      45.47
   1188.87683    0.8372500      44.70
   1188.87842    0.8205100      43.81
   1188.88013    0.8006300      42.74
   1188.88171    0.7775000      41.51
   1188.88330    0.7512500      40.11
   1188.88501    0.7215400      38.52
   1188.88660    0.6876400      36.71
   1188.88818    0.6492400      34.66
   1188.88989    0.6065700      32.38
   1188.89148    0.5596000      29.88
   1188.89319    0.5077700      27.11
   1188.89478    0.4508600      24.07
   1188.89636    0.3903700      20.84
   1188.89807    0.3294100      17.59
   1188.89966    0.2715600      14.50
   1188.90125    0.2205500      11.77
   1188.90295    0.1807300       9.65
   1188.90454    0.1568300       8.37
   1188.90625    0.1521900       8.12
   1188.90784    0.1672400       8.93
   1188.90942    0.1999400      10.67
   1188.91113    0.2470500      13.19
   1188.91272    0.3044800      16.25
   1188.91431    0.3672100      19.60
   1188.91602    0.4303600      22.97
   1188.91760    0.4908500      26.20
   1188.91931    0.5473200      29.22
   1188.92090    0.5984200      31.95
   1188.92249    0.6425800      34.30
   1188.92419    0.6797500      36.29
   1188.92578    0.7122400      38.02
   1188.92737    0.7421900      39.62
   1188.92908    0.7689500      41.05
   1188.93066    0.7903600      42.19
   1188.93225    0.8063200      43.04
   1188.93396    0.8195600      43.75
   1188.93555    0.8325000      44.44
   1188.93726    0.8446800      45.09
   1188.93884    0.8541800      45.60
   1188.94043    0.8604800      45.94
   1188.94214    0.8647300      46.16
   1188.94373    0.8677100      46.32
   1188.94531    0.8688500      46.38
   1188.94702    0.8672100      46.29
   1188.94861    0.8628200      46.06
   1188.95032    0.8570400      45.75
   1188.95190    0.8524000      45.50
   1188.95349    0.8518600      45.47
   1188.95520    0.8572700      45.76
   1188.95679    0.8679000      46.33
   1188.95837    0.8809900      47.03
   1188.96008    0.8938800      47.72
   1188.96167    0.9054800      48.34
   1188.96338    0.9157900      48.89
   1188.96497    0.9248400      49.37
   1188.96655    0.9324400      49.77
   1188.96826    0.9385800      50.10
   1188.96985    0.9434200      50.36
   1188.97144    0.9470900      50.56
   1188.97314    0.9499100      50.71
   1188.97473    0.9524400      50.84
   1188.97632    0.9550300      50.98
   1188.97803    0.9574600      51.11
   1188.97961    0.9594100      51.21
   1188.98132    0.9610600      51.30
   1188.98291    0.9627700      51.39
   1188.98450    0.9644700      51.48
   1188.98621    0.9658100      51.55
   1188.98779    0.9668300      51.61
   1188.98938    0.9679300      51.67
   1188.99109    0.9691700      51.73
   1188.99268    0.9701300      51.78
   1188.99438    0.9705700      51.81
   1188.99597    0.9707800      51.82
   1188.99756    0.9711000      51.84
   1188.99927    0.9715400      51.86
   1189.00085    0.9719900      51.88
   1189.00244    0.9725500      51.91
   1189.00415    0.9732400      51.95
   1189.00574    0.9737900      51.98
   1189.00745    0.9739900      51.99
   1189.00903    0.9740200      51.99
   1189.01062    0.9741000      51.99
   1189.01233    0.9740900      51.99
   1189.01392    0.9736000      51.97
   1189.01550    0.9725600      51.91
   1189.01721    0.9711100      51.83
   1189.01880    0.9692800      51.74
   1189.02039    0.9669800      51.61
   1189.02209    0.9641700      51.46
   1189.02368    0.9607800      51.28
   1189.02539    0.9564200      51.05
   1189.02698    0.9506200      50.74
   1189.02856    0.9433000      50.35
   1189.03027    0.9346300      49.89
   1189.03186    0.9244700      49.34
   1189.03345    0.9122800      48.69
   1189.03516    0.8978200      47.92
   1189.03674    0.8814000      47.04
   1189.03845    0.8634500      46.09
   1189.04004    0.8440700      45.05
   1189.04163    0.8235100      43.95
   1189.04333    0.8028000      42.85
   1189.04492    0.7835700      41.82
   1189.04651    0.7672900      40.95
   1189.04822    0.7550500      40.30
   1189.04980    0.7478100      39.91
   1189.05151    0.7464400      39.84
   1189.05310    0.7512200      40.09
   1189.05469    0.7615900      40.65
   1189.05640    0.7764400      41.44
   1189.05798    0.7944700      42.40
   1189.05957    0.8144100      43.47
   1189.06128    0.8351000      44.57
   1189.06287    0.8554600      45.66
   1189.06458    0.8745300      46.67
   1189.06616    0.8916200      47.59
   1189.06775    0.9066200      48.39
   1189.06946    0.9198300      49.09
   1189.07104    0.9314500      49.71
   1189.07263    0.9411200      50.23
   1189.07434    0.9484800      50.62
   1189.07593    0.9539600      50.91
   1189.07764    0.9584800      51.15
   1189.07922    0.9624400      51.37
   1189.08081    0.9654500      51.53
   1189.08252    0.9672900      51.62
   1189.08411    0.9685900      51.69
   1189.08569    0.9700900      51.77
   1189.08740    0.9716900      51.86
   1189.08899    0.9727600      51.92
   1189.09070    0.9732500      51.94
   1189.09229    0.9738400      51.97
   1189.09387    0.9749600      52.03
   1189.09558    0.9763000      52.10
   1189.09717    0.9774600      52.17
   1189.09875    0.9784900      52.22
   1189.10046    0.9795900      52.28
   1189.10205    0.9804700      52.33
   1189.10376    0.9807600      52.34
   1189.10535    0.9805500      52.33
   1189.10693    0.9803400      52.32
   1189.10864    0.9803700      52.32
   1189.11023    0.9804600      52.32
   1189.11182    0.9804700      52.32
   1189.11353    0.9804600      52.32
   1189.11511    0.9803400      52.32
   1189.11682    0.9797100      52.28
   1189.11841    0.9782500      52.21
   1189.12000    0.9760200      52.09
   1189.12170    0.9732900      51.94
   1189.12329    0.9699700      51.76
   1189.12488    0.9654300      51.52
   1189.12659    0.9586700      51.16
   1189.12817    0.9491800      50.65
   1189.12976    0.9378900      50.05
   1189.13147    0.9276600      49.50
   1189.13306    0.9221900      49.21
   1189.13477    0.9237500      49.30
   1189.13635    0.9315300      49.71
   1189.13794    0.9423100      50.29
   1189.13965    0.9526800      50.84
   1189.14124    0.9609700      51.28
   1189.14282    0.9672400      51.62
   1189.14453    0.9721600      51.88
   1189.14612    0.9761300      52.09
   1189.14783    0.9791800      52.25
   1189.14941    0.9813000      52.37
   1189.15100    0.9827800      52.44
   1189.15271    0.9840600      52.51
   1189.15430    0.9854300      52.59
   1189.15588    0.9867900      52.66
   1189.15759    0.9878500      52.71
   1189.15918    0.9886100      52.75
   1189.16089    0.9893600      52.79
   1189.16248    0.9902400      52.84
   1189.16406    0.9909900      52.88
   1189.16577    0.9912500      52.89
   1189.16736    0.9911500      52.89
   1189.16895    0.9911600      52.89
   1189.17065    0.9914500      52.91
   1189.17224    0.9917600      52.92
   1189.17395    0.9918200      52.92
   1189.17554    0.9918200      52.92
   1189.17712    0.9921100      52.94
   1189.17883    0.9926500      52.97
   1189.18042    0.9930200      52.99
   1189.18201    0.9929600      52.98
   1189.18372    0.9926300      52.97
   1189.18530    0.9923200      52.95
   1189.18701    0.9920700      52.94
   1189.18860    0.9917800      52.92
   1189.19019    0.9914900      52.91
   1189.19189    0.9913300      52.90
   1189.19348    0.9913100      52.90
   1189.19507    0.9912100      52.89
   1189.19678    0.9909200      52.87
   1189.19836    0.9906300      52.86
   1189.20007    0.9906100      52.86
   1189.20166    0.9908500      52.87
   1189.20325    0.9910900      52.88
   1189.20496    0.9911000      52.88
   1189.20654    0.9909500      52.88
   1189.20825    0.9908400      52.87
   1189.20984    0.9908900      52.87
   1189.21143    0.9910900      52.88
   1189.21313    0.9913500      52.90
   1189.21472    0.9915800      52.91
   1189.21631    0.9915800      52.91
   1189.21802    0.9912600      52.89
   1189.21960    0.9908300      52.87
   1189.22131    0.9906300      52.86
   1189.22290    0.9907700      52.86
   1189.22449    0.9909000      52.87
   1189.22620    0.9906800      52.86
   1189.22778    0.9902400      52.84
   1189.22937    0.9899500      52.82
   1189.23108    0.9898900      52.82
   1189.23267    0.9897700      52.81
   1189.23438    0.9894100      52.79
   1189.23596    0.9889900      52.77
   1189.23755    0.9887000      52.75
   1189.23926    0.9884200      52.74
   1189.24084    0.9879400      52.71
   1189.24243    0.9871800      52.67
   1189.24414    0.9861100      52.61
   1189.24573    0.9845900      52.53
   1189.24744    0.9826300      52.43
   1189.24902    0.9805300      52.32
   1189.25061    0.9785800      52.21
   1189.25232    0.9765300      52.10
   1189.25391    0.9738300      51.96
   1189.25549    0.9703900      51.77
   1189.25720    0.9665500      51.57
   1189.25879    0.9624800      51.35
   1189.26050    0.9578600      51.10
   1189.26208    0.9524000      50.81
   1189.26367    0.9462200      50.48
   1189.26538    0.9394300      50.12
   1189.26697    0.9317500      49.71
   1189.26855    0.9230100      49.24
   1189.27026    0.9134800      48.74
   1189.27185    0.9035600      48.21
   1189.27356    0.8931800      47.65
   1189.27515    0.8822700      47.07
   1189.27673    0.8712800      46.48
   1189.27844    0.8607200      45.92
   1189.28003    0.8500700      45.35
   1189.28162    0.8383500      44.73
   1189.28333    0.8259600      44.07
   1189.28491    0.8152300      43.49
   1189.28662    0.8083000      43.12
   1189.28821    0.8050400      42.95
   1189.28979    0.8036900      42.88
   1189.29150    0.8033100      42.86
   1189.29309    0.8046500      42.93
   1189.29468    0.8085800      43.14
   1189.29639    0.8148200      43.47
   1189.29797    0.8225800      43.88
   1189.29968    0.8317000      44.37
   1189.30127    0.8424200      44.94
   1189.30286    0.8544500      45.58
   1189.30457    0.8669500      46.25
   1189.30615    0.8793800      46.91
   1189.30786    0.8915800      47.56
   1189.30945    0.9033400      48.19
   1189.31104    0.9142300      48.77
   1189.31274    0.9241000      49.30
   1189.31433    0.9331600      49.78
   1189.31592    0.9414400      50.22
   1189.31763    0.9486500      50.61
   1189.31921    0.9546000      50.93
   1189.32092    0.9597200      51.20
   1189.32251    0.9644900      51.45
   1189.32410    0.9688400      51.68
   1189.32581    0.9723500      51.87
   1189.32739    0.9749600      52.01
   1189.32898    0.9771400      52.13
   1189.33069    0.9792700      52.24
   1189.33228    0.9812400      52.35
   1189.33398    0.9826400      52.42
   1189.33557    0.9832800      52.45
   1189.33716    0.9832100      52.45
   1189.33887    0.9825900      52.42
   1189.34045    0.9815100      52.36
   1189.34204    0.9798900      52.27
   1189.34375    0.9775500      52.15
   1189.34534    0.9742300      51.97
   1189.34705    0.9698900      51.74
   1189.34863    0.9647100      51.46
   1189.35022    0.9589300      51.15
   1189.35193    0.9527700      50.82
   1189.35352    0.9466200      50.50
   1189.35522    0.9412100      50.21
   1189.35681    0.9372400      50.00
   1189.35840    0.9350100      49.88
   1189.36011    0.9344800      49.85
   1189.36169    0.9356900      49.91
   1189.36328    0.9387200      50.07
   1189.36499    0.9433300      50.32
   1189.36658    0.9488300      50.61
   1189.36829    0.9545700      50.92
   1189.36987    0.9602800      51.22
   1189.37146    0.9659000      51.52
   1189.37317    0.9711500      51.80
   1189.37476    0.9756700      52.04
   1189.37634    0.9793300      52.24
   1189.37805    0.9823500      52.40
   1189.37964    0.9848900      52.54
   1189.38135    0.9869700      52.65
   1189.38293    0.9886000      52.73
   1189.38452    0.9898800      52.80
   1189.38623    0.9908300      52.85
   1189.38782    0.9913200      52.88
   1189.38940    0.9913200      52.88
   1189.39111    0.9909800      52.86
   1189.39270    0.9905000      52.83
   1189.39441    0.9899900      52.81
   1189.39600    0.9894300      52.78
   1189.39758    0.9887700      52.74
   1189.39929    0.9878300      52.69
   1189.40088    0.9864600      52.62
   1189.40259    0.9849200      52.54
   1189.40417    0.9838600      52.48
   1189.40576    0.9838500      52.48
   1189.40747    0.9847200      52.52
   1189.40906    0.9857600      52.58
   1189.41064    0.9865200      52.62
   1189.41235    0.9871700      52.65
   1189.41394    0.9879800      52.70
   1189.41565    0.9888200      52.74
   1189.41724    0.9893600      52.77
   1189.41882    0.9894800      52.78
   1189.42053    0.9893900      52.77
   1189.42212    0.9893800      52.77
   1189.42371    0.9895400      52.78
   1189.42542    0.9898200      52.79
   1189.42700    0.9900800      52.81
   1189.42871    0.9901200      52.81
   1189.43030    0.9898200      52.79
   1189.43188    0.9893000      52.77
   1189.43359    0.9888900      52.74
   1189.43518    0.9888600      52.74
   1189.43689    0.9891300      52.76
   1189.43848    0.9894900      52.78
   1189.44006    0.9898400      52.79
   1189.44177    0.9902300      52.81
   1189.44336    0.9906300      52.84
   1189.44495    0.9908300      52.85
   1189.44666    0.9907500      52.84
   1189.44824    0.9905500      52.83
   1189.44995    0.9904800      52.83
   1189.45154    0.9904100      52.82
   1189.45312    0.9900000      52.80
   1189.45483    0.9891600      52.76
   1189.45642    0.9882500      52.71
   1189.45801    0.9876900      52.68
   1189.45972    0.9874300      52.66
   1189.46130    0.9870400      52.64
   1189.46301    0.9862100      52.60
   1189.46460    0.9850100      52.53
   1189.46619    0.9836900      52.46
   1189.46790    0.9824400      52.40
   1189.46948    0.9812700      52.33
   1189.47119    0.9799600      52.26
   1189.47278    0.9781700      52.17
   1189.47437    0.9758300      52.04
   1189.47607    0.9733800      51.91
   1189.47766    0.9711600      51.79
   1189.47925    0.9687900      51.67
   1189.48096    0.9655100      51.49
   1189.48254    0.9611300      51.26
   1189.48425    0.9560200      50.99
   1189.48584    0.9500300      50.67
   1189.48743    0.9419600      50.24
   1189.48914    0.9307900      49.64
   1189.49072    0.9162700      48.87
   1189.49243    0.8978200      47.88
   1189.49402    0.8739100      46.61
   1189.49561    0.8449900      45.06
   1189.49731    0.8172600      43.58
   1189.49890    0.8013300      42.74
   1189.50049    0.8047400      42.92
   1189.50220    0.8256000      44.03
   1189.50378    0.8544900      45.57
   1189.50549    0.8820800      47.04
   1189.50708    0.9043400      48.23
   1189.50867    0.9215100      49.14
   1189.51038    0.9344900      49.84
   1189.51196    0.9436900      50.33
   1189.51355    0.9498100      50.65
   1189.51526    0.9540900      50.88
   1189.51685    0.9574000      51.06
   1189.51855    0.9599500      51.19
   1189.52014    0.9617500      51.29
   1189.52173    0.9630600      51.36
   1189.52344    0.9641100      51.41
   1189.52502    0.9649500      51.46
   1189.52673    0.9656800      51.50
   1189.52832    0.9663400      51.53
   1189.52991    0.9667400      51.55
   1189.53162    0.9666200      51.55
   1189.53320    0.9660500      51.52
   1189.53479    0.9652900      51.48
   1189.53650    0.9643200      51.42
   1189.53809    0.9627400      51.34
   1189.53979    0.9603300      51.21
   1189.54138    0.9572700      51.05
   1189.54297    0.9536700      50.86
   1189.54468    0.9493400      50.62
   1189.54626    0.9440300      50.34
   1189.54797    0.9378900      50.01
   1189.54956    0.9312000      49.66
   1189.55115    0.9239500      49.27
   1189.55286    0.9159500      48.84
   1189.55444    0.9071100      48.37
   1189.55603    0.8975300      47.86
   1189.55774    0.8872400      47.31
   1189.55933    0.8763300      46.73
   1189.56104    0.8651200      46.13
   1189.56262    0.8539500      45.54
   1189.56421    0.8428600      44.94
   1189.56592    0.8316400      44.35
   1189.56750    0.8203300      43.74
   1189.56921    0.8094500      43.16
   1189.57080    0.7994800      42.63
   1189.57239    0.7906300      42.16
   1189.57410    0.7830300      41.75
   1189.57568    0.7770700      41.44
   1189.57727    0.7731600      41.23
   1189.57898    0.7713300      41.13
   1189.58057    0.7712200      41.12
   1189.58228    0.7725900      41.20
   1189.58386    0.7756300      41.36
   1189.58545    0.7804900      41.62
   1189.58716    0.7870300      41.97
   1189.58875    0.7949400      42.39
   1189.59045    0.8042100      42.88
   1189.59204    0.8150200      43.46
   1189.59363    0.8272700      44.11
   1189.59534    0.8402600      44.80
   1189.59692    0.8532000      45.49
   1189.59851    0.8657300      46.16
   1189.60022    0.8778300      46.81
   1189.60181    0.8893100      47.42
   1189.60352    0.8998000      47.98
   1189.60510    0.9091500      48.48
   1189.60669    0.9178000      48.94
   1189.60840    0.9262100      49.39
   1189.60999    0.9342500      49.81
   1189.61169    0.9413600      50.19
   1189.61328    0.9472700      50.51
   1189.61487    0.9522700      50.77
   1189.61658    0.9567100      51.01
   1189.61816    0.9606800      51.22
   1189.61975    0.9641300      51.41
   1189.62146    0.9672700      51.57
   1189.62305    0.9703300      51.74
   1189.62476    0.9731700      51.89
   1189.62634    0.9754500      52.01
   1189.62793    0.9771700      52.10
   1189.62964    0.9786600      52.18
   1189.63123    0.9802000      52.26
   1189.63293    0.9815800      52.34
   1189.63452    0.9824800      52.38
   1189.63611    0.9828800      52.40
   1189.63782    0.9831000      52.42
   1189.63940    0.9834600      52.44
   1189.64099    0.9840700      52.47
   1189.64270    0.9848400      52.51
   1189.64429    0.9855700      52.55
   1189.64600    0.9860900      52.57
   1189.64758    0.9863900      52.59
   1189.64917    0.9866700      52.61
   1189.65088    0.9871900      52.63
   1189.65247    0.9879600      52.67
   1189.65417    0.9886200      52.71
   1189.65576    0.9887800      52.72
   1189.65735    0.9884000      52.70
   1189.65906    0.9878400      52.67
   1189.66064    0.9875600      52.65
   1189.66223    0.9876300      52.66
   1189.66394    0.9877400      52.66
   1189.66553    0.9876100      52.65
   1189.66724    0.9873100      52.64
   1189.66882    0.9871800      52.63
   1189.67041    0.9873800      52.64
   1189.67212    0.9876100      52.65
   1189.67371    0.9874900      52.65
   1189.67542    0.9870300      52.62
   1189.67700    0.9865400      52.60
   1189.67859    0.9861400      52.57
   1189.68030    0.9856300      52.55
   1189.68188    0.9847500      52.50
   1189.68359    0.9835900      52.44
   1189.68518    0.9823600      52.37
   1189.68677    0.9810200      52.30
   1189.68848    0.9793600      52.21
   1189.69006    0.9773000      52.10
   1189.69165    0.9750400      51.98
   1189.69336    0.9726000      51.85
   1189.69495    0.9695600      51.69
   1189.69666    0.9654100      51.47
   1189.69824    0.9600500      51.18
   1189.69983    0.9538300      50.85
   1189.70154    0.9470800      50.49
   1189.70312    0.9401000      50.12
   1189.70483    0.9336300      49.77
   1189.70642    0.9291600      49.53
   1189.70801    0.9282800      49.49
   1189.70972    0.9314500      49.66
   1189.71130    0.9375100      49.98
   1189.71289    0.9446000      50.36
   1189.71460    0.9513600      50.72
   1189.71619    0.9575000      51.04
   1189.71790    0.9631600      51.35
   1189.71948    0.9683000      51.62
   1189.72107    0.9725400      51.85
   1189.72278    0.9755800      52.01
   1189.72437    0.9775400      52.11
   1189.72607    0.9789800      52.19
   1189.72766    0.9804600      52.27
   1189.72925    0.9821500      52.36
   1189.73096    0.9837700      52.44
   1189.73254    0.9849600      52.51
   1189.73425    0.9856800      52.54
   1189.73584    0.9862300      52.57
   1189.73743    0.9868400      52.61
   1189.73914    0.9874700      52.64
   1189.74072    0.9879700      52.67
   1189.74231    0.9883800      52.69
   1189.74402    0.9889000      52.72
   1189.74561    0.9895300      52.75
   1189.74731    0.9900200      52.77
   1189.74890    0.9901200      52.78
   1189.75049    0.9899700      52.77
   1189.75220    0.9899900      52.77
   1189.75378    0.9904700      52.80
   1189.75549    0.9912600      52.84
   1189.75708    0.9919300      52.88
   1189.75867    0.9922200      52.89
   1189.76038    0.9921800      52.89
   1189.76196    0.9920100      52.88
   1189.76367    0.9918200      52.87
   1189.76526    0.9916500      52.86
   1189.76685    0.9915200      52.85
   1189.76855    0.9914900      52.85
   1189.77014    0.9914900      52.85
   1189.77173    0.9914000      52.85
   1189.77344    0.9912100      52.84
   1189.77502    0.9910300      52.83
   1189.77673    0.9909200      52.82
   1189.77832    0.9907700      52.81
   1189.77991    0.9904800      52.80
   1189.78162    0.9901700      52.78
   1189.78320    0.9899800      52.77
   1189.78491    0.9898600      52.76
   1189.78650    0.9896000      52.75
   1189.78809    0.9892100      52.73
   1189.78979    0.9889200      52.71
   1189.79138    0.9888000      52.71
   1189.79309    0.9886200      52.70
   1189.79468    0.9882000      52.67
   1189.79626    0.9877500      52.65
   1189.79797    0.9875100      52.64
   1189.79956    0.9874500      52.63
   1189.80115    0.9873000      52.62
   1189.80286    0.9869700      52.61
   1189.80444    0.9866500      52.59
   1189.80615    0.9864200      52.58
   1189.80774    0.9861800      52.56
   1189.80933    0.9859700      52.55
   1189.81104    0.9860600      52.56
   1189.81262    0.9865700      52.58
   1189.81433    0.9871500      52.62
   1189.81592    0.9873100      52.62
   1189.81750    0.9869900      52.61
   1189.81921    0.9865600      52.58
   1189.82080    0.9864600      52.58
   1189.82251    0.9867400      52.59
   1189.82410    0.9871900      52.62
   1189.82568    0.9875800      52.64
   1189.82739    0.9878000      52.65
   1189.82898    0.9879100      52.65
   1189.83057    0.9881200      52.67
   1189.83228    0.9885200      52.69
   1189.83386    0.9888800      52.71
   1189.83557    0.9888800      52.71
   1189.83716    0.9885900      52.69
   1189.83875    0.9884100      52.68
   1189.84045    0.9886000      52.69
   1189.84204    0.9888300      52.70
   1189.84375    0.9886400      52.69
   1189.84534    0.9880400      52.66
   1189.84692    0.9874800      52.63
   1189.84863    0.9871600      52.61
   1189.85022    0.9867300      52.59
   1189.85193    0.9859100      52.55
   1189.85352    0.9851200      52.50
   1189.85510    0.9850000      52.50
   1189.85681    0.9855900      52.53
   1189.85840    0.9860900      52.56
   1189.86011    0.9858000      52.54
   1189.86169    0.9849900      52.50
   1189.86328    0.9844700      52.47
   1189.86499    0.9845900      52.47
   1189.86658    0.9848300      52.49
   1189.86816    0.9844700      52.47
   1189.86987    0.9835100      52.42
   1189.87146    0.9825700      52.37
   1189.87317    0.9820600      52.34
   1189.87476    0.9817200      52.32
   1189.87634    0.9810400      52.28
   1189.87805    0.9799100      52.22
   1189.87964    0.9786900      52.16
   1189.88135    0.9776600      52.10
   1189.88293    0.9768500      52.06
   1189.88452    0.9761100      52.02
   1189.88623    0.9753700      51.98
   1189.88782    0.9745800      51.94
   1189.88953    0.9736700      51.89
   1189.89111    0.9726100      51.83
   1189.89270    0.9716000      51.78
   1189.89441    0.9708000      51.74
   1189.89600    0.9700700      51.70
   1189.89758    0.9689700      51.64
   1189.89929    0.9672700      51.55
   1189.90088    0.9652200      51.44
   1189.90259    0.9632200      51.33
   1189.90417    0.9613800      51.23
   1189.90576    0.9594200      51.13
   1189.90747    0.9571200      51.01
   1189.90906    0.9545700      50.87
   1189.91077    0.9518600      50.73
   1189.91235    0.9489000      50.57
   1189.91394    0.9455300      50.39
   1189.91565    0.9417500      50.19
   1189.91724    0.9376900      49.97
   1189.91895    0.9332800      49.74
   1189.92053    0.9283200      49.47
   1189.92212    0.9226900      49.17
   1189.92383    0.9164200      48.84
   1189.92542    0.9095200      48.47
   1189.92712    0.9017500      48.05
   1189.92871    0.8928700      47.58
   1189.93030    0.8827900      47.04
   1189.93201    0.8714000      46.44
   1189.93359    0.8583200      45.74
   1189.93530    0.8431200      44.93
   1189.93689    0.8256500      44.00
   1189.93848    0.8058800      42.94
   1189.94019    0.7833800      41.75
   1189.94177    0.7571300      40.35
   1189.94336    0.7261600      38.70
   1189.94507    0.6900600      36.77
   1189.94666    0.6488200      34.57
   1189.94836    0.6023700      32.10
   1189.94995    0.5508900      29.36
   1189.95154    0.4955400      26.41
   1189.95325    0.4389000      23.39
   1189.95483    0.3847700      20.50
   1189.95654    0.3380400      18.01
   1189.95813    0.3045000      16.23
   1189.95972    0.2897400      15.44
   1189.96143    0.2967300      15.81
   1189.96301    0.3240800      17.27
   1189.96472    0.3667100      19.54
   1189.96631    0.4185700      22.30
   1189.96790    0.4746300      25.29
   1189.96960    0.5310100      28.30
   1189.97119    0.5843900      31.14
   1189.97290    0.6324300      33.70
   1189.97449    0.6745000      35.94
   1189.97607    0.7113000      37.90
   1189.97778    0.7434200      39.61
   1189.97937    0.7708600      41.08
   1189.98108    0.7936800      42.29
   1189.98267    0.8127000      43.30
   1189.98425    0.8288500      44.16
   1189.98596    0.8422700      44.88
   1189.98755    0.8525300      45.43
   1189.98914    0.8596300      45.80
   1189.99084    0.8643300      46.05
   1189.99243    0.8673900      46.22
   1189.99414    0.8689400      46.30
   1189.99573    0.8688600      46.30
   1189.99731    0.8674200      46.22
   1189.99902    0.8653000      46.11
   1190.00061    0.8631800      45.99
   1190.00232    0.8615400      45.91
   1190.00391    0.8608400      45.87
   1190.00549    0.8616200      45.91
   1190.00720    0.8642500      46.05
   1190.00879    0.8687900      46.29
   1190.01050    0.8749700      46.62
   1190.01208    0.8823000      47.01
   1190.01367    0.8900900      47.43
   1190.01538    0.8977800      47.84
   1190.01697    0.9052400      48.23
   1190.01868    0.9126900      48.63
   1190.02026    0.9202100      49.03
   1190.02185    0.9274300      49.41
   1190.02356    0.9337600      49.75
   1190.02515    0.9387900      50.02
   1190.02686    0.9423900      50.21
   1190.02844    0.9444800      50.32
   1190.03003    0.9450200      50.35
   1190.03174    0.9441800      50.31
   1190.03333    0.9424700      50.21
   1190.03503    0.9407900      50.13
   1190.03662    0.9402800      50.10
   1190.03821    0.9419000      50.18
   1190.03992    0.9457800      50.39
   1190.04150    0.9510800      50.67
   1190.04321    0.9565500      50.96
   1190.04480    0.9614300      51.22
   1190.04639    0.9656300      51.45
   1190.04810    0.9693100      51.64
   1190.04968    0.9724200      51.81
   1190.05127    0.9748600      51.94
   1190.05298    0.9768600      52.05
   1190.05457    0.9787700      52.15
   1190.05627    0.9806400      52.25
   1190.05786    0.9822100      52.33
   1190.05945    0.9833000      52.39
   1190.06116    0.9840700      52.43
   1190.06274    0.9847800      52.47
   1190.06445    0.9854700      52.50
   1190.06604    0.9860600      52.53
   1190.06763    0.9864600      52.56
   1190.06934    0.9867500      52.57
   1190.07092    0.9870700      52.59
   1190.07263    0.9875600      52.61
   1190.07422    0.9882300      52.65
   1190.07581    0.9888400      52.68
   1190.07751    0.9890600      52.69
   1190.07910    0.9888800      52.68
   1190.08081    0.9886600      52.67
   1190.08240    0.9887400      52.68
   1190.08398    0.9889500      52.69
   1190.08569    0.9888700      52.68
   1190.08728    0.9884500      52.66
   1190.08899    0.9882200      52.65
   1190.09058    0.9885000      52.66
   1190.09216    0.9889600      52.69
   1190.09387    0.9890600      52.69
   1190.09546    0.9887700      52.68
   1190.09717    0.9886400      52.67
   1190.09875    0.9890100      52.69
   1190.10034    0.9896700      52.72
   1190.10205    0.9902000      52.75
   1190.10364    0.9905200      52.77
   1190.10535    0.9908300      52.78
   1190.10693    0.9912600      52.81
   1190.10852    0.9917000      52.83
   1190.11023    0.9920200      52.85
   1190.11182    0.9921500      52.85
   1190.11353    0.9921700      52.86
   1190.11511    0.9922300      52.86
   1190.11670    0.9924400      52.87
   1190.11841    0.9927800      52.89
   1190.12000    0.9930800      52.90
   1190.12158    0.9932400      52.91
   1190.12329    0.9934200      52.92
   1190.12488    0.9937700      52.94
   1190.12659    0.9941600      52.96
   1190.12817    0.9943100      52.97
   1190.12976    0.9942300      52.96
   1190.13147    0.9942000      52.96
   1190.13306    0.9943200      52.97
   1190.13477    0.9943300      52.97
   1190.13635    0.9940600      52.95
   1190.13794    0.9937500      52.94
   1190.13965    0.9937900      52.94
   1190.14124    0.9941000      52.96
   1190.14294    0.9942300      52.96
   1190.14453    0.9939500      52.95
   1190.14612    0.9935500      52.93
   1190.14783    0.9933900      52.92
   1190.14941    0.9934400      52.92
   1190.15112    0.9934100      52.92
   1190.15271    0.9932400      52.91
   1190.15430    0.9932100      52.91
   1190.15601    0.9935100      52.92
   1190.15759    0.9939900      52.95
   1190.15930    0.9944000      52.97
   1190.16089    0.9945700      52.98
   1190.16248    0.9945100      52.98
   1190.16418    0.9942300      52.96
   1190.16577    0.9937500      52.93
   1190.16748    0.9932400      52.91
   1190.16907    0.9930100      52.89
   1190.17065    0.9931300      52.90
   1190.17236    0.9933200      52.91
   1190.17395    0.9931400      52.90
   1190.17566    0.9925500      52.87
   1190.17725    0.9919400      52.84
   1190.17883    0.9916300      52.82
   1190.18054    0.9914200      52.81
   1190.18213    0.9908000      52.78
   1190.18384    0.9896600      52.71
   1190.18542    0.9884100      52.65
   1190.18701    0.9875000      52.60
   1190.18872    0.9869500      52.57
   1190.19031    0.9865100      52.55
   1190.19202    0.9861500      52.53
   1190.19360    0.9861300      52.53
   1190.19519    0.9866500      52.55
   1190.19690    0.9876100      52.60
   1190.19849    0.9886500      52.66
   1190.20020    0.9894700      52.70
   1190.20178    0.9899900      52.73
   1190.20337    0.9904300      52.75
   1190.20508    0.9910900      52.79
   1190.20667    0.9920100      52.84
   1190.20837    0.9928200      52.88
   1190.20996    0.9931200      52.90
   1190.21155    0.9930500      52.89
   1190.21326    0.9931500      52.90
   1190.21484    0.9937000      52.93
   1190.21655    0.9944200      52.97
   1190.21814    0.9948100      52.99
   1190.21973    0.9947400      52.98
   1190.22144    0.9945200      52.97
   1190.22302    0.9945200      52.97
   1190.22473    0.9947800      52.98
   1190.22632    0.9950700      53.00
   1190.22791    0.9951500      53.00
   1190.22961    0.9949300      52.99
   1190.23120    0.9946300      52.98
   1190.23291    0.9945800      52.97
   1190.23450    0.9948600      52.99
   1190.23608    0.9951100      53.00
   1190.23779    0.9949800      52.99
   1190.23938    0.9945000      52.97
   1190.24109    0.9940500      52.94
   1190.24268    0.9938100      52.93
   1190.24426    0.9936000      52.92
   1190.24597    0.9932100      52.90
   1190.24756    0.9926700      52.87
   1190.24927    0.9921600      52.84
   1190.25085    0.9917700      52.82
   1190.25244    0.9914600      52.80
   1190.25415    0.9911900      52.79
   1190.25574    0.9909200      52.78
   1190.25745    0.9906200      52.76
   1190.25903    0.9902300      52.74
   1190.26062    0.9897200      52.71
   1190.26233    0.9891000      52.68
   1190.26392    0.9883800      52.64
   1190.26562    0.9876900      52.60
   1190.26721    0.9871200      52.57
   1190.26880    0.9865000      52.54
   1190.27051    0.9855200      52.49
   1190.27209    0.9841800      52.41
   1190.27380    0.9828100      52.34
   1190.27539    0.9816400      52.28
   1190.27698    0.9803600      52.21
   1190.27869    0.9786000      52.12
   1190.28027    0.9766000      52.01
   1190.28198    0.9750100      51.93
   1190.28357    0.9739600      51.87
   1190.28516    0.9727900      51.81
   1190.28687    0.9708700      51.70
   1190.28845    0.9682700      51.57
   1190.29016    0.9655500      51.42
   1190.29175    0.9629000      51.28
   1190.29333    0.9599900      51.12
   1190.29504    0.9563700      50.93
   1190.29663    0.9517800      50.69
   1190.29834    0.9461100      50.38
   1190.29993    0.9391000      50.01
   1190.30151    0.9303600      49.55
   1190.30322    0.9193700      48.96
   1190.30481    0.9056800      48.23
   1190.30652    0.8890600      47.35
   1190.30811    0.8695900      46.31
   1190.30969    0.8475800      45.14
   1190.31140    0.8238100      43.87
   1190.31299    0.8005700      42.63
   1190.31470    0.7822300      41.66
   1190.31628    0.7738700      41.21
   1190.31787    0.7782700      41.45
   1190.31958    0.7938500      42.27
   1190.32117    0.8158000      43.44
   1190.32288    0.8391700      44.69
   1190.32446    0.8612100      45.86
   1190.32605    0.8811500      46.92
   1190.32776    0.8988400      47.87
   1190.32935    0.9139100      48.67
   1190.33105    0.9261100      49.32
   1190.33264    0.9357400      49.83
   1190.33423    0.9435200      50.24
   1190.33594    0.9501100      50.59
   1190.33752    0.9558100      50.90
   1190.33923    0.9606100      51.15
   1190.34082    0.9645700      51.36
   1190.34241    0.9678700      51.54
   1190.34412    0.9707300      51.69
   1190.34570    0.9732200      51.82
   1190.34741    0.9752900      51.93
   1190.34900    0.9769200      52.02
   1190.35059    0.9782400      52.09
   1190.35229    0.9794100      52.15
   1190.35388    0.9804800      52.21
   1190.35559    0.9813900      52.26
   1190.35718    0.9820900      52.30
   1190.35876    0.9826700      52.33
   1190.36047    0.9832700      52.36
   1190.36206    0.9839400      52.39
   1190.36377    0.9845700      52.43
   1190.36536    0.9850000      52.45
   1190.36694    0.9852200      52.46
   1190.36865    0.9853100      52.47
   1190.37024    0.9852900      52.46
   1190.37195    0.9850200      52.45
   1190.37354    0.9844200      52.42
   1190.37512    0.9835700      52.37
   1190.37683    0.9825400      52.32
   1190.37842    0.9812600      52.25
   1190.38013    0.9796300      52.16
   1190.38171    0.9778700      52.07
   1190.38330    0.9763300      51.99
   1190.38501    0.9751000      51.92
   1190.38660    0.9739200      51.86
   1190.38831    0.9727300      51.79
   1190.38989    0.9720200      51.76
   1190.39148    0.9723700      51.77
   1190.39319    0.9737500      51.85
   1190.39478    0.9755100      51.94
   1190.39648    0.9770800      52.03
   1190.39807    0.9785100      52.10
   1190.39966    0.9802100      52.19
   1190.40137    0.9822800      52.30
   1190.40295    0.9843700      52.41
   1190.40466    0.9859800      52.50
   1190.40625    0.9869300      52.55
   1190.40784    0.9874000      52.57
   1190.40955    0.9877100      52.59
   1190.41113    0.9879800      52.60
   1190.41284    0.9881200      52.61
   1190.41443    0.9880900      52.61
   1190.41614    0.9880700      52.61
   1190.41772    0.9882300      52.62
   1190.41931    0.9885000      52.63
   1190.42102    0.9885500      52.63
   1190.42261    0.9882500      52.62
   1190.42432    0.9877700      52.59
   1190.42590    0.9873300      52.57
   1190.42749    0.9869600      52.55
   1190.42920    0.9865400      52.53
   1190.43079    0.9860500      52.50
   1190.43250    0.9855100      52.47
   1190.43408    0.9848800      52.44
   1190.43567    0.9840200      52.39
   1190.43738    0.9829100      52.33
   1190.43896    0.9816900      52.27
   1190.44067    0.9804600      52.20
   1190.44226    0.9791500      52.13
   1190.44385    0.9775900      52.05
   1190.44556    0.9755400      51.94
   1190.44714    0.9727000      51.79
   1190.44885    0.9687800      51.58
   1190.45044    0.9636900      51.31
   1190.45203    0.9575900      50.98
   1190.45374    0.9507500      50.62
   1190.45532    0.9433600      50.22
   1190.45703    0.9355600      49.81
   1190.45862    0.9276000      49.39
   1190.46021    0.9199700      48.98
   1190.46191    0.9132700      48.62
   1190.46350    0.9081100      48.35
   1190.46521    0.9048100      48.17
   1190.46680    0.9033200      48.09
   1190.46838    0.9033200      48.09
   1190.47009    0.9044500      48.15
   1190.47168    0.9063200      48.25
   1190.47339    0.9083800      48.36
   1190.47498    0.9098900      48.44
   1190.47656    0.9101600      48.46
   1190.47827    0.9087400      48.38
   1190.47986    0.9054400      48.20
   1190.48157    0.9002000      47.92
   1190.48315    0.8930300      47.54
   1190.48474    0.8838500      47.05
   1190.48645    0.8722800      46.44
   1190.48804    0.8577700      45.67
   1190.48975    0.8399100      44.71
   1190.49133    0.8185900      43.58
   1190.49292    0.7935800      42.25
   1190.49463    0.7642000      40.68
   1190.49622    0.7296900      38.85
   1190.49792    0.6900600      36.74
   1190.49951    0.6464100      34.41
   1190.50122    0.6009100      31.99
   1190.50281    0.5572400      29.67
   1190.50439    0.5212100      27.75
   1190.50610    0.4998800      26.61
   1190.50769    0.4983500      26.53
   1190.50940    0.5168300      27.51
   1190.51099    0.5506500      29.31
   1190.51257    0.5931300      31.58
   1190.51428    0.6385000      33.99
   1190.51587    0.6826700      36.34
   1190.51758    0.7230400      38.49
   1190.51917    0.7584200      40.37
   1190.52075    0.7889600      42.00
   1190.52246    0.8154000      43.41
   1190.52405    0.8380900      44.61
   1190.52576    0.8570500      45.62
   1190.52734    0.8727800      46.46
   1190.52893    0.8863000      47.18
   1190.53064    0.8983200      47.82
   1190.53223    0.9088000      48.38
   1190.53394    0.9175500      48.84
   1190.53552    0.9248800      49.23
   1190.53711    0.9313700      49.58
   1190.53882    0.9372100      49.89
   1190.54041    0.9422500      50.16
   1190.54211    0.9465000      50.38
   1190.54370    0.9503300      50.59
   1190.54529    0.9539000      50.78
   1190.54700    0.9570600      50.95
   1190.54858    0.9596700      51.08
   1190.55029    0.9619100      51.20
   1190.55188    0.9640500      51.32
   1190.55359    0.9660800      51.43
   1190.55518    0.9678700      51.52
   1190.55676    0.9693700      51.60
   1190.55847    0.9706900      51.67
   1190.56006    0.9719600      51.74
   1190.56177    0.9732500      51.81
   1190.56335    0.9745200      51.87
   1190.56494    0.9756400      51.93
   1190.56665    0.9765300      51.98
   1190.56824    0.9773800      52.03
   1190.56995    0.9785000      52.08
   1190.57153    0.9798600      52.16
   1190.57312    0.9809700      52.22
   1190.57483    0.9814600      52.24
   1190.57642    0.9816300      52.25
   1190.57812    0.9820900      52.28
   1190.57971    0.9829100      52.32
   1190.58130    0.9836200      52.36
   1190.58301    0.9838800      52.37
   1190.58459    0.9839800      52.38
   1190.58630    0.9843200      52.39
   1190.58789    0.9848400      52.42
   1190.58948    0.9852100      52.44
   1190.59119    0.9854100      52.45
   1190.59277    0.9857000      52.47
   1190.59448    0.9862200      52.49
   1190.59607    0.9866900      52.52
   1190.59766    0.9868500      52.53
   1190.59937    0.9866700      52.52
   1190.60095    0.9862700      52.50
   1190.60266    0.9857300      52.47
   1190.60425    0.9851700      52.44
   1190.60596    0.9847400      52.41
   1190.60754    0.9844900      52.40
   1190.60913    0.9842300      52.39
   1190.61084    0.9838000      52.36
   1190.61243    0.9832900      52.34
   1190.61414    0.9829200      52.32
   1190.61572    0.9827100      52.30
   1190.61731    0.9824200      52.29
   1190.61902    0.9818800      52.26
   1190.62061    0.9811000      52.22
   1190.62231    0.9801600      52.17
   1190.62390    0.9790800      52.11
   1190.62549    0.9778000      52.04
   1190.62720    0.9762900      51.96
   1190.62878    0.9745200      51.87
   1190.63049    0.9724100      51.76
   1190.63208    0.9698300      51.62
   1190.63367    0.9666600      51.45
   1190.63538    0.9627100      51.24
   1190.63696    0.9576700      50.97
   1190.63867    0.9512000      50.63
   1190.64026    0.9430400      50.19
   1190.64197    0.9328500      49.65
   1190.64355    0.9200100      48.97
   1190.64514    0.9040400      48.11
   1190.64685    0.8858000      47.14
   1190.64844    0.8684800      46.22
   1190.65015    0.8567100      45.60
   1190.65173    0.8538800      45.44
   1190.65332    0.8599300      45.77
   1190.65503    0.8715500      46.39
   1190.65662    0.8845200      47.08
   1190.65833    0.8958100      47.68
   1190.65991    0.9038800      48.11
   1190.66150    0.9080600      48.33
   1190.66321    0.9083400      48.34
   1190.66479    0.9052100      48.18
   1190.66650    0.8990600      47.85
   1190.66809    0.8894200      47.33
   1190.66968    0.8751300      46.57
   1190.67139    0.8552200      45.51
   1190.67297    0.8292100      44.13
   1190.67468    0.7967100      42.40
   1190.67627    0.7582700      40.35
   1190.67798    0.7177700      38.20
   1190.67957    0.6836900      36.39
   1190.68115    0.6662700      35.46
   1190.68286    0.6716800      35.75
   1190.68445    0.6979800      37.15
   1190.68616    0.7366300      39.20
   1190.68774    0.7778300      41.39
   1190.68933    0.8151200      43.38
   1190.69104    0.8463600      45.04
   1190.69263    0.8719900      46.41
   1190.69434    0.8930000      47.52
   1190.69592    0.9099000      48.42
   1190.69751    0.9229600      49.12
   1190.69922    0.9326900      49.64
   1190.70081    0.9401500      50.03
   1190.70251    0.9464700      50.37
   1190.70410    0.9522200      50.67
   1190.70569    0.9572100      50.94
   1190.70740    0.9611000      51.15
   1190.70898    0.9640100      51.30
   1190.71069    0.9665100      51.43
   1190.71228    0.9690700      51.57
   1190.71399    0.9716400      51.71
   1190.71558    0.9738200      51.82
   1190.71716    0.9753600      51.90
   1190.71887    0.9764300      51.96
   1190.72046    0.9773700      52.01
   1190.72217    0.9783600      52.06
   1190.72375    0.9792200      52.11
   1190.72534    0.9796100      52.13
   1190.72705    0.9794700      52.12
   1190.72864    0.9792100      52.11
   1190.73035    0.9793200      52.11
   1190.73193    0.9798000      52.14
   1190.73352    0.9800600      52.15
   1190.73523    0.9796200      52.13
   1190.73682    0.9787200      52.08
   1190.73853    0.9780000      52.04
   1190.74011    0.9777000      52.03
   1190.74170    0.9773800      52.01
   1190.74341    0.9766600      51.97
   1190.74500    0.9757800      51.92
   1190.74670    0.9752700      51.90
   1190.74829    0.9752200      51.89
   1190.75000    0.9752300      51.89
   1190.75159    0.9749800      51.88
   1190.75317    0.9746000      51.86
   1190.75488    0.9742400      51.84
   1190.75647    0.9737200      51.81
   1190.75818    0.9728000      51.76
   1190.75977    0.9715700      51.70
   1190.76135    0.9703100      51.63
   1190.76306    0.9689500      51.56
   1190.76465    0.9672500      51.47
   1190.76636    0.9651200      51.35
   1190.76794    0.9627700      51.23
   1190.76953    0.9603100      51.10
   1190.77124    0.9575500      50.95
   1190.77283    0.9542900      50.78
   1190.77454    0.9505500      50.58
   1190.77612    0.9462200      50.35
   1190.77783    0.9407700      50.06
   1190.77942    0.9336300      49.68
   1190.78101    0.9247200      49.20
   1190.78271    0.9141400      48.64
   1190.78430    0.9013400      47.96
   1190.78601    0.8851500      47.10
   1190.78760    0.8647100      46.01
   1190.78918    0.8401200      44.70
   1190.79089    0.8118600      43.20
   1190.79248    0.7802400      41.52
   1190.79419    0.7466200      39.73
   1190.79578    0.7152900      38.06
   1190.79736    0.6932900      36.89
   1190.79907    0.6868500      36.55
   1190.80066    0.6972500      37.10
   1190.80237    0.7200600      38.31
   1190.80396    0.7483000      39.81
   1190.80566    0.7763900      41.31
   1190.80725    0.8016200      42.65
   1190.80884    0.8231000      43.79
   1190.81055    0.8405600      44.72
   1190.81213    0.8542700      45.45
   1190.81384    0.8653000      46.04
   1190.81543    0.8750200      46.56
   1190.81702    0.8843500      47.05
   1190.81873    0.8935200      47.54
   1190.82031    0.9025400      48.02
   1190.82202    0.9114900      48.50
   1190.82361    0.9204100      48.97
   1190.82520    0.9291100      49.43
   1190.82690    0.9373300      49.87
   1190.82849    0.9449500      50.28
   1190.83020    0.9519200      50.65
   1190.83179    0.9581500      50.98
   1190.83350    0.9635600      51.27
   1190.83508    0.9682500      51.52
   1190.83667    0.9723200      51.73
   1190.83838    0.9756700      51.91
   1190.83997    0.9781600      52.04
   1190.84167    0.9799900      52.14
   1190.84326    0.9815500      52.22
   1190.84485    0.9829900      52.30
   1190.84656    0.9840900      52.36
   1190.84814    0.9847600      52.39
   1190.84985    0.9854300      52.43
   1190.85144    0.9865500      52.49
   1190.85303    0.9879800      52.56
   1190.85474    0.9890500      52.62
   1190.85632    0.9894200      52.64
   1190.85803    0.9894700      52.64
   1190.85962    0.9897700      52.66
   1190.86133    0.9904000      52.69
   1190.86292    0.9909700      52.72
   1190.86450    0.9911900      52.73
   1190.86621    0.9911500      52.73
   1190.86780    0.9911300      52.73
   1190.86951    0.9912400      52.74
   1190.87109    0.9914200      52.74
   1190.87268    0.9915000      52.75
   1190.87439    0.9913700      52.74
   1190.87598    0.9911400      52.73
   1190.87769    0.9911000      52.73
   1190.87927    0.9914700      52.75
   1190.88098    0.9920200      52.78
   1190.88257    0.9922600      52.79
   1190.88416    0.9920000      52.77
   1190.88586    0.9915800      52.75
   1190.88745    0.9915400      52.75
   1190.88916    0.9920100      52.77
   1190.89075    0.9926700      52.81
   1190.89233    0.9931200      52.83
   1190.89404    0.9932700      52.84
   1190.89563    0.9933600      52.85
   1190.89734    0.9936200      52.86
   1190.89893    0.9939900      52.88
   1190.90051    0.9942200      52.89
   1190.90222    0.9941500      52.89
   1190.90381    0.9939000      52.87
   1190.90552    0.9937200      52.86
   1190.90710    0.9936700      52.86
   1190.90881    0.9936300      52.86
   1190.91040    0.9935000      52.85
   1190.91199    0.9933400      52.84
   1190.91370    0.9931300      52.83
   1190.91528    0.9927600      52.81
   1190.91699    0.9923400      52.79
   1190.91858    0.9922000      52.78
   1190.92017    0.9925100      52.80
   1190.92188    0.9929000      52.82
   1190.92346    0.9928300      52.81
   1190.92517    0.9923000      52.79
   1190.92676    0.9918300      52.76
   1190.92847    0.9917100      52.75
   1190.93005    0.9916800      52.75
   1190.93164    0.9913500      52.74
   1190.93335    0.9908200      52.71
   1190.93494    0.9904000      52.68
   1190.93665    0.9901500      52.67
   1190.93823    0.9897400      52.65
   1190.93982    0.9890200      52.61
   1190.94153    0.9881800      52.57
   1190.94312    0.9874500      52.53
   1190.94482    0.9867600      52.49
   1190.94641    0.9859100      52.44
   1190.94812    0.9848600      52.39
   1190.94971    0.9837300      52.33
   1190.95129    0.9825900      52.27
   1190.95300    0.9814400      52.21
   1190.95459    0.9802000      52.14
   1190.95630    0.9788200      52.07
   1190.95789    0.9772500      51.98
   1190.95947    0.9755600      51.89
   1190.96118    0.9738400      51.80
   1190.96277    0.9722100      51.71
   1190.96448    0.9705800      51.63
   1190.96606    0.9687800      51.53
   1190.96777    0.9666100      51.42
   1190.96936    0.9638600      51.27
   1190.97095    0.9603200      51.08
   1190.97266    0.9558200      50.84
   1190.97424    0.9502900      50.55
   1190.97595    0.9435900      50.19
   1190.97754    0.9352000      49.74
   1190.97913    0.9242500      49.16
   1190.98083    0.9099500      48.40
   1190.98242    0.8919000      47.44
   1190.98413    0.8697200      46.26
   1190.98572    0.8426300      44.82
   1190.98743    0.8103000      43.10
   1190.98901    0.7749800      41.22
   1190.99060    0.7430300      39.52
   1190.99231    0.7232600      38.47
   1190.99390    0.7223200      38.42
   1190.99561    0.7403800      39.38
   1190.99719    0.7710900      41.01
   1190.99878    0.8057000      42.85
   1191.00049    0.8378300      44.56
   1191.00208    0.8650800      46.01
   1191.00378    0.8874800      47.20
   1191.00537    0.9055000      48.16
   1191.00696    0.9195500      48.91
   1191.00867    0.9303300      49.48
   1191.01025    0.9388300      49.93
   1191.01196    0.9457000      50.30
   1191.01355    0.9510700      50.59
   1191.01526    0.9549600      50.79
   1191.01685    0.9576800      50.94
   1191.01843    0.9596400      51.04
   1191.02014    0.9609900      51.11
   1191.02173    0.9616400      51.15
   1191.02344    0.9615800      51.14
   1191.02502    0.9608400      51.10
   1191.02661    0.9592300      51.02
   1191.02832    0.9563400      50.86
   1191.02991    0.9519800      50.63
   1191.03162    0.9462900      50.33
   1191.03320    0.9394700      49.97
   1191.03491    0.9315000      49.54
   1191.03650    0.9225700      49.07
   1191.03809    0.9138500      48.60
   1191.03979    0.9074100      48.26
   1191.04138    0.9051300      48.14
   1191.04309    0.9074800      48.26
   1191.04468    0.9135100      48.58
   1191.04639    0.9217000      49.02
   1191.04797    0.9307800      49.50
   1191.04956    0.9398300      49.98
   1191.05127    0.9481300      50.43
   1191.05286    0.9551800      50.80
   1191.05457    0.9608800      51.10
   1191.05615    0.9655200      51.35
   1191.05774    0.9695400      51.56
   1191.05945    0.9731600      51.76
   1191.06104    0.9762600      51.92
   1191.06274    0.9785800      52.04
   1191.06433    0.9800900      52.12
   1191.06604    0.9811300      52.18
   1191.06763    0.9820500      52.23
   1191.06921    0.9828700      52.27
   1191.07092    0.9833700      52.30
   1191.07251    0.9835300      52.31
   1191.07422    0.9835900      52.31
   1191.07581    0.9837600      52.32
   1191.07739    0.9840000      52.33
   1191.07910    0.9842400      52.34
   1191.08069    0.9847000      52.37
   1191.08240    0.9856900      52.42
   1191.08398    0.9870900      52.49
   1191.08569    0.9884200      52.56
   1191.08728    0.9892900      52.61
   1191.08887    0.9898000      52.64
   1191.09058    0.9902700      52.66
   1191.09216    0.9908300      52.69
   1191.09387    0.9914100      52.72
   1191.09546    0.9919500      52.75
   1191.09705    0.9924800      52.78
   1191.09875    0.9930300      52.81
   1191.10034    0.9935300      52.84
   1191.10205    0.9938700      52.85
   1191.10364    0.9939600      52.86
   1191.10535    0.9938000      52.85
   1191.10693    0.9935600      52.84
   1191.10852    0.9935100      52.83
   1191.11023    0.9937700      52.85
   1191.11182    0.9941300      52.87
   1191.11353    0.9942500      52.87
   1191.11511    0.9940700      52.86
   1191.11670    0.9938200      52.85
   1191.11841    0.9936800      52.84
   1191.12000    0.9935000      52.83
   1191.12170    0.9930000      52.81
   1191.12329    0.9920500      52.75
   1191.12500    0.9907900      52.69
   1191.12659    0.9893700      52.61
   1191.12817    0.9878500      52.53
   1191.12988    0.9864000      52.45
   1191.13147    0.9854700      52.40
   1191.13318    0.9855100      52.41
   1191.13477    0.9866100      52.46
   1191.13647    0.9883500      52.56
   1191.13806    0.9901300      52.65
   1191.13965    0.9916000      52.73
   1191.14136    0.9927300      52.79
   1191.14294    0.9935200      52.83
   1191.14465    0.9939500      52.85
   1191.14624    0.9940600      52.86
   1191.14783    0.9941200      52.86
   1191.14954    0.9944100      52.88
   1191.15112    0.9949500      52.91
   1191.15283    0.9954600      52.93
   1191.15442    0.9957500      52.95
   1191.15613    0.9959100      52.96
   1191.15771    0.9961400      52.97
   1191.15930    0.9964700      52.99
   1191.16101    0.9967300      53.00
   1191.16260    0.9968700      53.01
   1191.16431    0.9969700      53.01
   1191.16589    0.9970900      53.02
   1191.16760    0.9970900      53.02
   1191.16919    0.9968000      53.00
   1191.17078    0.9963700      52.98
   1191.17249    0.9961700      52.97
   1191.17407    0.9963900      52.98
   1191.17578    0.9967400      53.00
   1191.17737    0.9968000      53.00
   1191.17896    0.9964900      52.99
   1191.18066    0.9961100      52.96
   1191.18225    0.9959000      52.95
   1191.18396    0.9957600      52.95
   1191.18555    0.9954400      52.93
   1191.18726    0.9950100      52.91
   1191.18884    0.9947300      52.89
   1191.19043    0.9946400      52.89
   1191.19214    0.9944100      52.87
   1191.19373    0.9938700      52.84
   1191.19543    0.9934700      52.82
   1191.19702    0.9938100      52.84
   1191.19861    0.9948900      52.90
   1191.20032    0.9959700      52.96
   1191.20190    0.9963900      52.98
   1191.20361    0.9963400      52.98
   1191.20520    0.9965000      52.98
   1191.20691    0.9970800      53.01
   1191.20850    0.9975800      53.04
   1191.21008    0.9974700      53.03
   1191.21179    0.9969200      53.01
   1191.21338    0.9965500      52.99
   1191.21509    0.9966600      52.99
   1191.21667    0.9970200      53.01
   1191.21838    0.9972800      53.02
   1191.21997    0.9973900      53.03
   1191.22156    0.9974300      53.03
   1191.22327    0.9973200      53.03
   1191.22485    0.9970100      53.01
   1191.22656    0.9967000      52.99
   1191.22815    0.9967100      52.99
   1191.22974    0.9970400      53.01
   1191.23145    0.9973400      53.03
   1191.23303    0.9973900      53.03
   1191.23474    0.9974000      53.03
   1191.23633    0.9976400      53.04
   1191.23804    0.9980500      53.06
   1191.23962    0.9983100      53.08
   1191.24121    0.9982800      53.07
   1191.24292    0.9980700      53.06
   1191.24451    0.9978500      53.05
   1191.24622    0.9977100      53.04
   1191.24780    0.9977100      53.04
   1191.24951    0.9978400      53.05
   1191.25110    0.9979600      53.06
   1191.25269    0.9979100      53.05
   1191.25439    0.9976800      53.04
   1191.25598    0.9975200      53.03
   1191.25769    0.9975900      53.04
   1191.25928    0.9977400      53.04
   1191.26099    0.9977300      53.04
   1191.26257    0.9975200      53.03
   1191.26416    0.9973200      53.02
   1191.26587    0.9972900      53.02
   1191.26746    0.9973800      53.02
   1191.26917    0.9974900      53.03
   1191.27075    0.9975900      53.04
   1191.27234    0.9977000      53.04
   1191.27405    0.9977400      53.04
   1191.27563    0.9975900      53.03
   1191.27734    0.9972900      53.02
   1191.27893    0.9970800      53.01
   1191.28064    0.9971200      53.01
   1191.28223    0.9972700      53.02
   1191.28381    0.9972100      53.01
   1191.28552    0.9969000      53.00
   1191.28711    0.9966200      52.98
   1191.28882    0.9965900      52.98
   1191.29041    0.9966300      52.98
   1191.29211    0.9963900      52.97
   1191.29370    0.9959500      52.95
   1191.29529    0.9958300      52.94
   1191.29700    0.9962100      52.96
   1191.29858    0.9966500      52.98
   1191.30029    0.9966300      52.98
   1191.30188    0.9963000      52.96
   1191.30359    0.9962200      52.96
   1191.30518    0.9964700      52.97
   1191.30676    0.9966400      52.98
   1191.30847    0.9965300      52.98
   1191.31006    0.9964900      52.97
   1191.31177    0.9968100      52.99
   1191.31335    0.9971800      53.01
   1191.31494    0.9971600      53.01
   1191.31665    0.9969100      52.99
   1191.31824    0.9969000      52.99
   1191.31995    0.9972200      53.01
   1191.32153    0.9974000      53.02
   1191.32324    0.9972100      53.01
   1191.32483    0.9969500      53.00
   1191.32642    0.9969200      52.99
   1191.32812    0.9969300      52.99
   1191.32971    0.9966800      52.98
   1191.33142    0.9962500      52.96
   1191.33301    0.9959600      52.94
   1191.33472    0.9958800      52.94
   1191.33630    0.9958200      52.93
   1191.33789    0.9956400      52.93
   1191.33960    0.9953800      52.91
   1191.34119    0.9950000      52.89
   1191.34290    0.9944400      52.86
   1191.34448    0.9937900      52.83
   1191.34619    0.9932100      52.80
   1191.34778    0.9926800      52.77
   1191.34937    0.9919500      52.73
   1191.35107    0.9909700      52.68
   1191.35266    0.9900800      52.63
   1191.35437    0.9897200      52.61
   1191.35596    0.9898900      52.62
   1191.35754    0.9902300      52.64
   1191.35925    0.9903800      52.64
   1191.36084    0.9902500      52.64
   1191.36255    0.9900400      52.63
   1191.36414    0.9900300      52.62
   1191.36584    0.9903200      52.64
   1191.36743    0.9907500      52.66
   1191.36902    0.9910400      52.68
   1191.37073    0.9911000      52.68
   1191.37231    0.9910800      52.68
   1191.37402    0.9911200      52.68
   1191.37561    0.9911100      52.68
   1191.37732    0.9909000      52.67
   1191.37891    0.9906200      52.65
   1191.38049    0.9905800      52.65
   1191.38220    0.9908200      52.66
   1191.38379    0.9911100      52.68
   1191.38550    0.9913700      52.69
   1191.38708    0.9917800      52.72
   1191.38879    0.9923800      52.75
   1191.39038    0.9928700      52.77
   1191.39197    0.9929000      52.77
   1191.39368    0.9925700      52.76
   1191.39526    0.9923000      52.74
   1191.39697    0.9923100      52.74
   1191.39856    0.9925300      52.75
   1191.40027    0.9927300      52.76
   1191.40186    0.9927100      52.76
   1191.40344    0.9923600      52.74
   1191.40515    0.9917300      52.71
   1191.40674    0.9911600      52.68
   1191.40845    0.9909500      52.67
   1191.41003    0.9909200      52.67
   1191.41174    0.9906100      52.65
   1191.41333    0.9897800      52.61
   1191.41492    0.9887700      52.55
   1191.41663    0.9878800      52.51
   1191.41821    0.9868600      52.45
   1191.41992    0.9852600      52.37
   1191.42151    0.9830100      52.25
   1191.42322    0.9805200      52.11
   1191.42480    0.9780500      51.98
   1191.42639    0.9755600      51.85
   1191.42810    0.9730000      51.71
   1191.42969    0.9707500      51.59
   1191.43140    0.9692400      51.51
   1191.43298    0.9686400      51.48
   1191.43457    0.9687500      51.49
   1191.43628    0.9693500      51.52
   1191.43787    0.9702300      51.57
   1191.43958    0.9712600      51.62
   1191.44116    0.9723700      51.68
   1191.44287    0.9735700      51.74
   1191.44446    0.9747100      51.80
   1191.44604    0.9753900      51.84
   1191.44775    0.9752300      51.83
   1191.44934    0.9742700      51.78
   1191.45105    0.9728400      51.70
   1191.45264    0.9709900      51.60
   1191.45435    0.9683600      51.46
   1191.45593    0.9646900      51.27
   1191.45752    0.9600000      51.02
   1191.45923    0.9544000      50.72
   1191.46082    0.9479200      50.38
   1191.46252    0.9410500      50.01
   1191.46411    0.9351700      49.70
   1191.46582    0.9320000      49.53
   1191.46741    0.9323700      49.55
   1191.46899    0.9357300      49.73
   1191.47070    0.9407600      50.00
   1191.47229    0.9461300      50.28
   1191.47400    0.9508800      50.53
   1191.47559    0.9543800      50.72
   1191.47729    0.9565800      50.84
   1191.47888    0.9580100      50.91
   1191.48047    0.9591800      50.97
   1191.48218    0.9599900      51.02
   1191.48376    0.9600500      51.02
   1191.48547    0.9592400      50.98
   1191.48706    0.9579000      50.91
   1191.48877    0.9561900      50.81
   1191.49036    0.9539800      50.70
   1191.49194    0.9511800      50.55
   1191.49365    0.9480700      50.38
   1191.49524    0.9448600      50.21
   1191.49695    0.9414000      50.03
   1191.49854    0.9374400      49.82
   1191.50024    0.9330100      49.58
   1191.50183    0.9282300      49.33
   1191.50342    0.9228500      49.04
   1191.50513    0.9163700      48.70
   1191.50671    0.9086200      48.29
   1191.50842    0.8997900      47.82
   1191.51001    0.8899000      47.29
   1191.51172    0.8784600      46.68
   1191.51331    0.8648600      45.96
   1191.51489    0.8488100      45.11
   1191.51660    0.8301700      44.12
   1191.51819    0.8085600      42.97
   1191.51990    0.7833400      41.63
   1191.52148    0.7538400      40.06
   1191.52319    0.7194400      38.23
   1191.52478    0.6795900      36.11
   1191.52637    0.6343200      33.71
   1191.52808    0.5847800      31.07
   1191.52966    0.5334400      28.35
   1191.53137    0.4840900      25.72
   1191.53296    0.4420400      23.49
   1191.53467    0.4139000      21.99
   1191.53625    0.4055700      21.55
   1191.53784    0.4192600      22.28
   1191.53955    0.4518000      24.01
   1191.54114    0.4964900      26.38
   1191.54285    0.5465800      29.04
   1191.54443    0.5974100      31.74
   1191.54614    0.6461000      34.33
   1191.54773    0.6905400      36.69
   1191.54932    0.7294400      38.76
   1191.55103    0.7627200      40.53
   1191.55261    0.7911900      42.04
   1191.55432    0.8155500      43.34
   1191.55591    0.8361800      44.43
   1191.55762    0.8535100      45.35
   1191.55920    0.8683000      46.14
   1191.56079    0.8812100      46.82
   1191.56250    0.8924600      47.42
   1191.56409    0.9021500      47.94
   1191.56580    0.9105700      48.38
   1191.56738    0.9180100      48.78
   1191.56909    0.9244600      49.12
   1191.57068    0.9298200      49.41
   1191.57227    0.9343600      49.65
   1191.57397    0.9386200      49.87
   1191.57556    0.9427500      50.09
   1191.57727    0.9462900      50.28
   1191.57886    0.9487700      50.41
   1191.58057    0.9504200      50.50
   1191.58215    0.9518900      50.58
   1191.58374    0.9535200      50.66
   1191.58545    0.9549700      50.74
   1191.58704    0.9556400      50.78
   1191.58875    0.9553200      50.76
   1191.59033    0.9542400      50.70
   1191.59204    0.9526200      50.62
   1191.59363    0.9503600      50.50
   1191.59521    0.9470900      50.32
   1191.59692    0.9424500      50.07
   1191.59851    0.9362900      49.75
   1191.60022    0.9288500      49.35
   1191.60181    0.9209500      48.93
   1191.60352    0.9140500      48.57
   1191.60510    0.9099400      48.35
   1191.60669    0.9099100      48.35
   1191.60840    0.9140500      48.56
   1191.60999    0.9211700      48.94
   1191.61169    0.9295100      49.39
   1191.61328    0.9376600      49.82
   1191.61499    0.9449600      50.21
   1191.61658    0.9512700      50.54
   1191.61816    0.9566700      50.83
   1191.61987    0.9612000      51.07
   1191.62146    0.9648100      51.26
   1191.62317    0.9675000      51.40
   1191.62476    0.9695000      51.51
   1191.62646    0.9711900      51.60
   1191.62805    0.9728500      51.69
   1191.62964    0.9743700      51.77
   1191.63135    0.9753300      51.82
   1191.63293    0.9756100      51.83
   1191.63464    0.9755900      51.83
   1191.63623    0.9757300      51.84
   1191.63794    0.9760100      51.85
   1191.63953    0.9758800      51.85
   1191.64111    0.9749200      51.80
   1191.64282    0.9732200      51.71
   1191.64441    0.9711500      51.60
   1191.64612    0.9687200      51.47
   1191.64771    0.9654400      51.29
   1191.64941    0.9607900      51.04
   1191.65100    0.9545100      50.71
   1191.65271    0.9464100      50.28
   1191.65430    0.9359800      49.73
   1191.65588    0.9229100      49.03
   1191.65759    0.9084000      48.26
   1191.65918    0.8958500      47.59
   1191.66089    0.8894600      47.25
   1191.66248    0.8914600      47.36
   1191.66418    0.9004400      47.84
   1191.66577    0.9124900      48.48
   1191.66736    0.9240900      49.09
   1191.66907    0.9339600      49.62
   1191.67065    0.9425500      50.07
   1191.67236    0.9504300      50.49
   1191.67395    0.9574400      50.86
   1191.67566    0.9631300      51.17
   1191.67725    0.9674700      51.40
   1191.67883    0.9709200      51.58
   1191.68054    0.9739400      51.74
   1191.68213    0.9766200      51.88
   1191.68384    0.9786900      51.99
   1191.68542    0.9800500      52.06
   1191.68713    0.9810400      52.12
   1191.68872    0.9822300      52.18
   1191.69031    0.9838000      52.26
   1191.69202    0.9853500      52.35
   1191.69360    0.9864200      52.40
   1191.69531    0.9870700      52.44
   1191.69690    0.9877900      52.47
   1191.69861    0.9888400      52.53
   1191.70020    0.9899100      52.59
   1191.70178    0.9905900      52.62
   1191.70349    0.9907900      52.63
   1191.70508    0.9907800      52.63
   1191.70679    0.9908300      52.64
   1191.70837    0.9911300      52.65
   1191.71008    0.9918000      52.69
   1191.71167    0.9927800      52.74
   1191.71326    0.9937800      52.79
   1191.71497    0.9944200      52.83
   1191.71655    0.9945700      52.83
   1191.71826    0.9944100      52.82
   1191.71985    0.9943200      52.82
   1191.72156    0.9945000      52.83
   1191.72314    0.9948800      52.85
   1191.72485    0.9951500      52.86
   1191.72644    0.9950700      52.86
   1191.72803    0.9948000      52.84
   1191.72974    0.9946800      52.84
   1191.73132    0.9948000      52.84
   1191.73303    0.9948700      52.85
   1191.73462    0.9947100      52.84
   1191.73633    0.9946200      52.83
   1191.73792    0.9949200      52.85
   1191.73950    0.9953700      52.87
   1191.74121    0.9953500      52.87
   1191.74280    0.9947300      52.84
   1191.74451    0.9941400      52.81
   1191.74609    0.9941300      52.81
   1191.74780    0.9944100      52.82
   1191.74939    0.9943400      52.82
   1191.75098    0.9937900      52.79
   1191.75269    0.9932300      52.76
   1191.75427    0.9930100      52.75
   1191.75598    0.9929100      52.74
   1191.75757    0.9925600      52.72
   1191.75928    0.9918900      52.69
   1191.76086    0.9910600      52.64
   1191.76245    0.9901500      52.59
   1191.76416    0.9891500      52.54
   1191.76575    0.9880100      52.48
   1191.76746    0.9866500      52.41
   1191.76904    0.9848800      52.31
   1191.77075    0.9825200      52.19
   1191.77234    0.9795400      52.03
   1191.77405    0.9761000      51.85
   1191.77563    0.9725600      51.66
   1191.77722    0.9696400      51.50
   1191.77893    0.9681700      51.42
   1191.78052    0.9685100      51.44
   1191.78223    0.9701400      51.53
   1191.78381    0.9720200      51.63
   1191.78552    0.9735200      51.71
   1191.78711    0.9746000      51.77
   1191.78870    0.9752500      51.80
   1191.79041    0.9750800      51.79
   1191.79199    0.9737700      51.72
   1191.79370    0.9716900      51.61
   1191.79529    0.9699000      51.52
   1191.79700    0.9693500      51.49
   1191.79858    0.9702500      51.53
   1191.80017    0.9722100      51.64
   1191.80188    0.9747200      51.77
   1191.80347    0.9774700      51.92
   1191.80518    0.9802300      52.06
   1191.80676    0.9827000      52.19
   1191.80847    0.9845600      52.29
   1191.81006    0.9857700      52.36
   1191.81177    0.9865200      52.40
   1191.81335    0.9870700      52.43
   1191.81494    0.9874500      52.45
   1191.81665    0.9875900      52.45
   1191.81824    0.9875100      52.45
   1191.81995    0.9873100      52.44
   1191.82153    0.9870100      52.42
   1191.82324    0.9865300      52.40
   1191.82483    0.9859300      52.36
   1191.82642    0.9854900      52.34
   1191.82812    0.9854800      52.34
   1191.82971    0.9858500      52.36
   1191.83142    0.9863700      52.39
   1191.83301    0.9869900      52.42
   1191.83472    0.9879100      52.47
   1191.83630    0.9891300      52.53
   1191.83789    0.9902700      52.59
   1191.83960    0.9909100      52.63
   1191.84119    0.9911500      52.64
   1191.84290    0.9915100      52.66
   1191.84448    0.9923700      52.70
   1191.84619    0.9935200      52.77
   1191.84778    0.9944900      52.82
   1191.84949    0.9950600      52.85
   1191.85107    0.9954100      52.86
   1191.85266    0.9957500      52.88
   1191.85437    0.9960400      52.90
   1191.85596    0.9961300      52.90
   1191.85767    0.9961000      52.90
   1191.85925    0.9962500      52.91
   1191.86096    0.9966700      52.93
   1191.86255    0.9970800      52.95
   1191.86414    0.9972100      52.96
   1191.86584    0.9970600      52.95
   1191.86743    0.9968800      52.94
   1191.86914    0.9968000      52.94
   1191.87073    0.9967400      52.93
   1191.87244    0.9966400      52.93
   1191.87402    0.9965400      52.92
   1191.87561    0.9964700      52.92
   1191.87732    0.9963200      52.91
   1191.87891    0.9960600      52.90
   1191.88062    0.9958200      52.88
   1191.88220    0.9956900      52.88
   1191.88391    0.9955500      52.87
   1191.88550    0.9953100      52.86
   1191.88721    0.9952100      52.85
   1191.88879    0.9955600      52.87
   1191.89038    0.9962700      52.91
   1191.89209    0.9968300      52.94
   1191.89368    0.9969500      52.94
   1191.89539    0.9968700      52.94
   1191.89697    0.9969600      52.94
   1191.89868    0.9971600      52.95
   1191.90027    0.9971700      52.95
   1191.90186    0.9969600      52.94
   1191.90356    0.9968600      52.94
   1191.90515    0.9969700      52.94
   1191.90686    0.9969800      52.94
   1191.90845    0.9966300      52.92
   1191.91016    0.9961900      52.90
   1191.91174    0.9961100      52.90
   1191.91345    0.9964200      52.91
   1191.91504    0.9966600      52.93
   1191.91663    0.9964700      52.92
   1191.91833    0.9959800      52.89
   1191.91992    0.9955400      52.87
   1191.92163    0.9953000      52.85
   1191.92322    0.9952100      52.85
   1191.92493    0.9952400      52.85
   1191.92651    0.9953400      52.85
   1191.92810    0.9954100      52.86
   1191.92981    0.9953400      52.85
   1191.93140    0.9952500      52.85
   1191.93311    0.9953500      52.85
   1191.93469    0.9956000      52.87
   1191.93640    0.9957400      52.87
   1191.93799    0.9955600      52.86
   1191.93970    0.9952600      52.85
   1191.94128    0.9952200      52.85
   1191.94287    0.9955700      52.86
   1191.94458    0.9961300      52.89
   1191.94617    0.9966100      52.92
   1191.94788    0.9969800      52.94
   1191.94946    0.9973300      52.96
   1191.95117    0.9977300      52.98
   1191.95276    0.9980000      52.99
   1191.95435    0.9979200      52.99
   1191.95605    0.9974900      52.97
   1191.95764    0.9970500      52.94
   1191.95935    0.9970100      52.94
   1191.96094    0.9973400      52.96
   1191.96265    0.9976300      52.97
   1191.96423    0.9975100      52.97
   1191.96594    0.9970600      52.94
   1191.96753    0.9966700      52.92
   1191.96912    0.9965100      52.91
   1191.97083    0.9964400      52.91
   1191.97241    0.9962900      52.90
   1191.97412    0.9960600      52.89
   1191.97571    0.9956900      52.87
   1191.97742    0.9950700      52.84
   1191.97900    0.9942500      52.79
   1191.98059    0.9934500      52.75
   1191.98230    0.9928100      52.71
   1191.98389    0.9921200      52.68
   1191.98560    0.9910900      52.62
   1191.98718    0.9897900      52.55
   1191.98889    0.9884500      52.48
   1191.99048    0.9871500      52.41
   1191.99219    0.9857500      52.34
   1191.99377    0.9842900      52.26
   1191.99536    0.9829800      52.19
   1191.99707    0.9818600      52.13
   1191.99866    0.9806800      52.07
   1192.00037    0.9793500      52.00
   1192.00195    0.9782100      51.94
   1192.00366    0.9776500      51.91
   1192.00525    0.9775500      51.90
   1192.00696    0.9774700      51.90
   1192.00854    0.9772600      51.89
   1192.01013    0.9772600      51.89
   1192.01184    0.9777600      51.91
   1192.01343    0.9786000      51.96
   1192.01514    0.9793600      52.00
   1192.01672    0.9799500      52.03
   1192.01843    0.9806500      52.07
   1192.02002    0.9818100      52.13
   1192.02161    0.9833200      52.21
   1192.02332    0.9847700      52.28
   1192.02490    0.9858500      52.34
   1192.02661    0.9866900      52.39
   1192.02820    0.9876200      52.43
   1192.02991    0.9887400      52.49
   1192.03149    0.9898200      52.55
   1192.03320    0.9906800      52.60
   1192.03479    0.9914100      52.64
   1192.03638    0.9922300      52.68
   1192.03809    0.9930700      52.72
   1192.03967    0.9937600      52.76
   1192.04138    0.9943000      52.79
   1192.04297    0.9948200      52.82
   1192.04468    0.9952300      52.84
   1192.04626    0.9953400      52.84
   1192.04785    0.9953000      52.84
   1192.04956    0.9955600      52.85
   1192.05115    0.9961900      52.89
   1192.05286    0.9966800      52.91
   1192.05444    0.9966000      52.91
   1192.05615    0.9963100      52.89
   1192.05774    0.9964200      52.90
   1192.05945    0.9968900      52.92
   1192.06104    0.9971000      52.94
   1192.06262    0.9968900      52.92
   1192.06433    0.9968100      52.92
   1192.06592    0.9972100      52.94
   1192.06763    0.9976000      52.96
   1192.06921    0.9973900      52.95
   1192.07092    0.9968100      52.92
   1192.07251    0.9965700      52.91
   1192.07422    0.9968200      52.92
   1192.07581    0.9970000      52.93
   1192.07739    0.9967900      52.92
   1192.07910    0.9965900      52.91
   1192.08069    0.9968700      52.92
   1192.08240    0.9974200      52.95
   1192.08398    0.9976400      52.96
   1192.08569    0.9974000      52.95
   1192.08728    0.9971200      52.93
   1192.08899    0.9972000      52.94
   1192.09058    0.9975300      52.96
   1192.09216    0.9977400      52.97
   1192.09387    0.9976700      52.96
   1192.09546    0.9974500      52.95
   1192.09717    0.9973500      52.94
   1192.09875    0.9974300      52.95
