   1164.00110    0.9741500      54.38
   1164.00269    0.9732200      54.32
   1164.00427    0.9721300      54.26
   1164.00586    0.9709700      54.20
   1164.00732    0.9693000      54.10
   1164.00891    0.9666800      53.96
   1164.01050    0.9634900      53.78
   1164.01208    0.9606700      53.62
   1164.01367    0.9587500      53.51
   1164.01514    0.9575700      53.45
   1164.01672    0.9568300      53.41
   1164.01831    0.9564900      53.39
   1164.01990    0.9564800      53.39
   1164.02148    0.9564400      53.39
   1164.02307    0.9561300      53.37
   1164.02454    0.9555800      53.34
   1164.02612    0.9548300      53.29
   1164.02771    0.9536100      53.23
   1164.02930    0.9517000      53.12
   1164.03088    0.9492900      52.99
   1164.03235    0.9467500      52.84
   1164.03394    0.9438800      52.68
   1164.03552    0.9400600      52.47
   1164.03711    0.9347800      52.17
   1164.03870    0.9280100      51.80
   1164.04028    0.9197300      51.33
   1164.04175    0.9094600      50.76
   1164.04333    0.8964900      50.04
   1164.04492    0.8803300      49.13
   1164.04651    0.8606400      48.04
   1164.04810    0.8370500      46.72
   1164.04956    0.8092900      45.17
   1164.05115    0.7781400      43.43
   1164.05273    0.7466600      41.67
   1164.05432    0.7202200      40.20
   1164.05591    0.7049300      39.34
   1164.05737    0.7047100      39.33
   1164.05896    0.7191500      40.14
   1164.06055    0.7436600      41.51
   1164.06213    0.7719300      43.08
   1164.06372    0.7988600      44.59
   1164.06531    0.8220100      45.88
   1164.06677    0.8409800      46.94
   1164.06836    0.8559600      47.77
   1164.06995    0.8668200      48.38
   1164.07153    0.8732700      48.74
   1164.07312    0.8754800      48.86
   1164.07458    0.8742500      48.79
   1164.07617    0.8704400      48.58
   1164.07776    0.8642200      48.23
   1164.07935    0.8551900      47.73
   1164.08093    0.8430900      47.05
   1164.08252    0.8282500      46.22
   1164.08398    0.8113500      45.28
   1164.08557    0.7928900      44.25
   1164.08716    0.7733000      43.16
   1164.08875    0.7532600      42.04
   1164.09033    0.7338600      40.96
   1164.09180    0.7162500      39.97
   1164.09338    0.7014200      39.15
   1164.09497    0.6902100      38.52
   1164.09656    0.6834100      38.14
   1164.09814    0.6816800      38.04
   1164.09973    0.6854600      38.25
   1164.10120    0.6947800      38.77
   1164.10278    0.7091200      39.57
   1164.10437    0.7273300      40.59
   1164.10596    0.7480300      41.75
   1164.10754    0.7701200      42.98
   1164.10901    0.7929700      44.25
   1164.11060    0.8158300      45.53
   1164.11218    0.8376900      46.75
   1164.11377    0.8575500      47.86
   1164.11536    0.8751500      48.84
   1164.11694    0.8908600      49.72
   1164.11841    0.9050900      50.51
   1164.12000    0.9178200      51.22
   1164.12158    0.9287300      51.83
   1164.12317    0.9376800      52.33
   1164.12476    0.9449200      52.73
   1164.12622    0.9509400      53.07
   1164.12781    0.9560800      53.35
   1164.12939    0.9603600      53.59
   1164.13098    0.9636900      53.78
   1164.13257    0.9662700      53.92
   1164.13416    0.9685900      54.05
   1164.13562    0.9709700      54.18
   1164.13721    0.9732800      54.31
   1164.13879    0.9752800      54.43
   1164.14038    0.9770800      54.53
   1164.14197    0.9789100      54.63
   1164.14343    0.9806300      54.72
   1164.14502    0.9818100      54.79
   1164.14661    0.9823300      54.82
   1164.14819    0.9826400      54.83
   1164.14978    0.9830600      54.86
   1164.15137    0.9832600      54.87
   1164.15283    0.9828400      54.85
   1164.15442    0.9819900      54.80
   1164.15601    0.9813700      54.76
   1164.15759    0.9813400      54.76
   1164.15918    0.9815400      54.77
   1164.16064    0.9813700      54.76
   1164.16223    0.9804500      54.71
   1164.16382    0.9786500      54.61
   1164.16541    0.9758700      54.46
   1164.16699    0.9720000      54.24
   1164.16858    0.9669300      53.96
   1164.17004    0.9605400      53.60
   1164.17163    0.9528500      53.17
   1164.17322    0.9441500      52.68
   1164.17480    0.9347700      52.16
   1164.17639    0.9249400      51.61
   1164.17786    0.9151500      51.07
   1164.17944    0.9064700      50.58
   1164.18103    0.9001900      50.23
   1164.18262    0.8968400      50.04
   1164.18420    0.8960300      50.00
   1164.18579    0.8975400      50.08
   1164.18726    0.9018800      50.32
   1164.18884    0.9095200      50.75
   1164.19043    0.9196300      51.31
   1164.19202    0.9304000      51.92
   1164.19360    0.9404200      52.47
   1164.19507    0.9493300      52.97
   1164.19666    0.9570500      53.40
   1164.19824    0.9632300      53.75
   1164.19983    0.9676400      53.99
   1164.20142    0.9707100      54.16
   1164.20300    0.9731100      54.30
   1164.20447    0.9750900      54.41
   1164.20605    0.9764800      54.49
   1164.20764    0.9771800      54.52
   1164.20923    0.9772000      54.53
   1164.21082    0.9764100      54.48
   1164.21228    0.9747500      54.39
   1164.21387    0.9725600      54.27
   1164.21545    0.9702700      54.14
   1164.21704    0.9679300      54.01
   1164.21863    0.9652400      53.86
   1164.22021    0.9620700      53.68
   1164.22168    0.9584800      53.48
   1164.22327    0.9542600      53.24
   1164.22485    0.9488000      52.94
   1164.22644    0.9414900      52.53
   1164.22803    0.9319300      52.00
   1164.22961    0.9194500      51.30
   1164.23108    0.9030100      50.38
   1164.23267    0.8814300      49.18
   1164.23425    0.8536500      47.63
   1164.23584    0.8192000      45.71
   1164.23743    0.7800600      43.52
   1164.23889    0.7430600      41.46
   1164.24048    0.7190600      40.12
   1164.24207    0.7171100      40.01
   1164.24365    0.7378800      41.17
   1164.24524    0.7730900      43.13
   1164.24683    0.8116800      45.29
   1164.24829    0.8464600      47.23
   1164.24988    0.8754800      48.85
   1164.25146    0.8990000      50.16
   1164.25305    0.9173000      51.18
   1164.25464    0.9308300      51.93
   1164.25610    0.9408100      52.49
   1164.25769    0.9485500      52.92
   1164.25928    0.9547400      53.27
   1164.26086    0.9597400      53.55
   1164.26245    0.9640100      53.78
   1164.26404    0.9678300      54.00
   1164.26550    0.9709700      54.17
   1164.26709    0.9732500      54.30
   1164.26868    0.9750600      54.40
   1164.27026    0.9768000      54.50
   1164.27185    0.9781500      54.57
   1164.27332    0.9785900      54.60
   1164.27490    0.9784000      54.59
   1164.27649    0.9784300      54.59
   1164.27808    0.9788300      54.61
   1164.27966    0.9788100      54.61
   1164.28125    0.9779600      54.56
   1164.28271    0.9770300      54.51
   1164.28430    0.9769800      54.51
   1164.28589    0.9776100      54.54
   1164.28748    0.9780900      54.57
   1164.28906    0.9783400      54.58
   1164.29065    0.9792500      54.63
   1164.29211    0.9812100      54.74
   1164.29370    0.9833500      54.86
   1164.29529    0.9846100      54.93
   1164.29688    0.9850700      54.96
   1164.29846    0.9855900      54.98
   1164.29993    0.9865300      55.04
   1164.30151    0.9873600      55.08
   1164.30310    0.9876500      55.10
   1164.30469    0.9876700      55.10
   1164.30627    0.9877600      55.10
   1164.30786    0.9876900      55.10
   1164.30933    0.9870000      55.06
   1164.31091    0.9858800      55.00
   1164.31250    0.9850700      54.95
   1164.31409    0.9849200      54.95
   1164.31567    0.9849600      54.95
   1164.31714    0.9846000      54.93
   1164.31873    0.9839800      54.89
   1164.32031    0.9836300      54.87
   1164.32190    0.9836100      54.87
   1164.32349    0.9833300      54.86
   1164.32507    0.9824500      54.81
   1164.32654    0.9815100      54.75
   1164.32812    0.9813900      54.75
   1164.32971    0.9822200      54.79
   1164.33130    0.9832700      54.85
   1164.33289    0.9838300      54.88
   1164.33447    0.9838100      54.88
   1164.33594    0.9835100      54.86
   1164.33752    0.9830500      54.84
   1164.33911    0.9822800      54.80
   1164.34070    0.9813100      54.74
   1164.34229    0.9804600      54.69
   1164.34375    0.9798900      54.66
   1164.34534    0.9792800      54.63
   1164.34692    0.9782300      54.57
   1164.34851    0.9767500      54.49
   1164.35010    0.9751500      54.40
   1164.35168    0.9735600      54.31
   1164.35315    0.9716400      54.20
   1164.35474    0.9690200      54.05
   1164.35632    0.9657600      53.87
   1164.35791    0.9621800      53.67
   1164.35950    0.9583400      53.46
   1164.36108    0.9539200      53.21
   1164.36255    0.9486500      52.92
   1164.36414    0.9424100      52.57
   1164.36572    0.9347600      52.14
   1164.36731    0.9247800      51.59
   1164.36890    0.9117500      50.86
   1164.37036    0.8957600      49.97
   1164.37195    0.8773900      48.94
   1164.37354    0.8567900      47.79
   1164.37512    0.8341900      46.53
   1164.37671    0.8117300      45.28
   1164.37830    0.7941600      44.30
   1164.37976    0.7864600      43.87
   1164.38135    0.7903300      44.08
   1164.38293    0.8033500      44.81
   1164.38452    0.8215400      45.83
   1164.38611    0.8421300      46.97
   1164.38770    0.8636800      48.18
   1164.38916    0.8845200      49.34
   1164.39075    0.9024200      50.34
   1164.39233    0.9162000      51.10
   1164.39392    0.9266700      51.69
   1164.39551    0.9355700      52.18
   1164.39697    0.9438200      52.64
   1164.39856    0.9510500      53.05
   1164.40015    0.9566900      53.36
   1164.40173    0.9609000      53.60
   1164.40332    0.9643100      53.79
   1164.40491    0.9672600      53.95
   1164.40637    0.9697000      54.09
   1164.40796    0.9715000      54.19
   1164.40955    0.9726800      54.25
   1164.41113    0.9732200      54.28
   1164.41272    0.9730200      54.27
   1164.41431    0.9722100      54.23
   1164.41577    0.9713800      54.18
   1164.41736    0.9711500      54.17
   1164.41895    0.9714700      54.19
   1164.42053    0.9715700      54.19
   1164.42212    0.9705900      54.14
   1164.42358    0.9684400      54.02
   1164.42517    0.9656600      53.86
   1164.42676    0.9628000      53.70
   1164.42834    0.9600000      53.54
   1164.42993    0.9572900      53.39
   1164.43152    0.9550200      53.27
   1164.43298    0.9536500      53.19
   1164.43457    0.9533400      53.17
   1164.43616    0.9538100      53.20
   1164.43774    0.9548800      53.26
   1164.43933    0.9567100      53.36
   1164.44092    0.9592900      53.50
   1164.44238    0.9620100      53.66
   1164.44397    0.9639800      53.76
   1164.44556    0.9649300      53.82
   1164.44714    0.9652600      53.84
   1164.44873    0.9654400      53.85
   1164.45020    0.9654100      53.84
   1164.45178    0.9651100      53.83
   1164.45337    0.9649600      53.82
   1164.45496    0.9654800      53.85
   1164.45654    0.9664900      53.90
   1164.45813    0.9672000      53.94
   1164.45959    0.9672500      53.95
   1164.46118    0.9671200      53.94
   1164.46277    0.9672800      53.95
   1164.46436    0.9674400      53.96
   1164.46594    0.9669500      53.93
   1164.46753    0.9656500      53.86
   1164.46899    0.9637500      53.75
   1164.47058    0.9613600      53.62
   1164.47217    0.9583600      53.45
   1164.47375    0.9545800      53.24
   1164.47534    0.9494600      52.95
   1164.47693    0.9417900      52.52
   1164.47839    0.9311100      51.93
   1164.47998    0.9199700      51.31
   1164.48157    0.9135400      50.95
   1164.48315    0.9158000      51.07
   1164.48474    0.9258800      51.64
   1164.48621    0.9387900      52.36
   1164.48779    0.9497200      52.97
   1164.48938    0.9571200      53.38
   1164.49097    0.9619500      53.65
   1164.49255    0.9652800      53.83
   1164.49414    0.9672700      53.94
   1164.49561    0.9679100      53.98
   1164.49719    0.9675900      53.96
   1164.49878    0.9667900      53.92
   1164.50037    0.9655800      53.85
   1164.50195    0.9637900      53.75
   1164.50354    0.9612900      53.61
   1164.50500    0.9580500      53.43
   1164.50659    0.9540200      53.20
   1164.50818    0.9491100      52.93
   1164.50977    0.9431100      52.59
   1164.51135    0.9356900      52.18
   1164.51294    0.9265300      51.67
   1164.51440    0.9154300      51.05
   1164.51599    0.9023500      50.32
   1164.51758    0.8875600      49.50
   1164.51917    0.8721500      48.64
   1164.52075    0.8585100      47.88
   1164.52222    0.8497900      47.39
   1164.52380    0.8479900      47.29
   1164.52539    0.8523300      47.53
   1164.52698    0.8593200      47.92
   1164.52856    0.8649000      48.23
   1164.53015    0.8671400      48.36
   1164.53162    0.8672500      48.36
   1164.53320    0.8680900      48.41
   1164.53479    0.8713700      48.59
   1164.53638    0.8761400      48.86
   1164.53796    0.8800300      49.07
   1164.53955    0.8819000      49.18
   1164.54102    0.8830800      49.24
   1164.54260    0.8858500      49.40
   1164.54419    0.8911900      49.70
   1164.54578    0.8980800      50.08
   1164.54736    0.9050600      50.47
   1164.54895    0.9115000      50.83
   1164.55042    0.9172900      51.15
   1164.55200    0.9219400      51.41
   1164.55359    0.9247000      51.56
   1164.55518    0.9255600      51.61
   1164.55676    0.9256600      51.62
   1164.55823    0.9263000      51.65
   1164.55981    0.9279500      51.74
   1164.56140    0.9304500      51.88
   1164.56299    0.9336100      52.06
   1164.56458    0.9373100      52.27
   1164.56616    0.9410600      52.47
   1164.56763    0.9439900      52.64
   1164.56921    0.9456600      52.73
   1164.57080    0.9466100      52.78
   1164.57239    0.9478200      52.85
   1164.57397    0.9497500      52.96
   1164.57556    0.9519700      53.08
   1164.57703    0.9536400      53.18
   1164.57861    0.9543900      53.22
   1164.58020    0.9545300      53.22
   1164.58179    0.9545800      53.23
   1164.58337    0.9545400      53.23
   1164.58496    0.9538100      53.18
   1164.58643    0.9519500      53.08
   1164.58801    0.9493500      52.94
   1164.58960    0.9467900      52.79
   1164.59119    0.9442500      52.65
   1164.59277    0.9408000      52.46
   1164.59436    0.9357000      52.17
   1164.59583    0.9290600      51.80
   1164.59741    0.9213000      51.37
   1164.59900    0.9122200      50.86
   1164.60059    0.9012300      50.25
   1164.60217    0.8879000      49.51
   1164.60364    0.8714800      48.59
   1164.60522    0.8502000      47.41
   1164.60681    0.8217800      45.82
   1164.60840    0.7845100      43.74
   1164.60999    0.7370600      41.10
   1164.61157    0.6783100      37.82
   1164.61304    0.6102500      34.03
   1164.61462    0.5428800      30.27
   1164.61621    0.4940600      27.55
   1164.61780    0.4804200      26.79
   1164.61938    0.5056600      28.19
   1164.62097    0.5577100      31.10
   1164.62244    0.6174300      34.43
   1164.62402    0.6700600      37.36
   1164.62561    0.7097000      39.57
   1164.62720    0.7360400      41.04
   1164.62878    0.7497900      41.80
   1164.63037    0.7512600      41.89
   1164.63184    0.7408500      41.31
   1164.63342    0.7191300      40.09
   1164.63501    0.6859900      38.25
   1164.63660    0.6408900      35.73
   1164.63818    0.5854400      32.64
   1164.63977    0.5269600      29.38
   1164.64124    0.4793600      26.73
   1164.64282    0.4581100      25.54
   1164.64441    0.4715600      26.29
   1164.64600    0.5154600      28.74
   1164.64758    0.5761500      32.12
   1164.64917    0.6394100      35.65
   1164.65063    0.6969900      38.86
   1164.65222    0.7463700      41.61
   1164.65381    0.7873000      43.89
   1164.65540    0.8200100      45.72
   1164.65698    0.8455200      47.14
   1164.65857    0.8656400      48.26
   1164.66003    0.8818300      49.16
   1164.66162    0.8947600      49.88
   1164.66321    0.9049900      50.45
   1164.66479    0.9133400      50.92
   1164.66638    0.9203400      51.31
   1164.66785    0.9259900      51.63
   1164.66943    0.9303700      51.87
   1164.67102    0.9341000      52.08
   1164.67261    0.9376800      52.28
   1164.67419    0.9408900      52.46
   1164.67578    0.9432200      52.59
   1164.67725    0.9448100      52.67
   1164.67883    0.9460900      52.74
   1164.68042    0.9468500      52.79
   1164.68201    0.9463400      52.76
   1164.68359    0.9446900      52.67
   1164.68518    0.9434800      52.60
   1164.68665    0.9442100      52.64
   1164.68823    0.9465700      52.77
   1164.68982    0.9487800      52.89
   1164.69141    0.9495900      52.94
   1164.69299    0.9493300      52.92
   1164.69458    0.9488200      52.90
   1164.69604    0.9480800      52.85
   1164.69763    0.9465800      52.77
   1164.69922    0.9443400      52.65
   1164.70081    0.9420800      52.52
   1164.70239    0.9401800      52.41
   1164.70398    0.9383200      52.31
   1164.70544    0.9361600      52.19
   1164.70703    0.9338200      52.06
   1164.70862    0.9313800      51.92
   1164.71021    0.9283900      51.76
   1164.71179    0.9243300      51.53
   1164.71338    0.9192800      51.25
   1164.71484    0.9135600      50.93
   1164.71643    0.9068400      50.55
   1164.71802    0.8983200      50.08
   1164.71960    0.8874000      49.47
   1164.72119    0.8736800      48.70
   1164.72278    0.8562900      47.73
   1164.72424    0.8340000      46.49
   1164.72583    0.8059000      44.93
   1164.72742    0.7711700      42.99
   1164.72900    0.7282600      40.60
   1164.73059    0.6762000      37.69
   1164.73218    0.6179400      34.45
   1164.73364    0.5617700      31.32
   1164.73523    0.5173400      28.84
   1164.73682    0.4898900      27.31
   1164.73840    0.4790700      26.71
   1164.73999    0.4831000      26.93
   1164.74158    0.5021200      27.99
   1164.74304    0.5364900      29.91
   1164.74463    0.5829000      32.49
   1164.74622    0.6344000      35.36
   1164.74780    0.6843200      38.15
   1164.74939    0.7292600      40.65
   1164.75098    0.7684200      42.83
   1164.75244    0.8015200      44.68
   1164.75403    0.8284400      46.18
   1164.75562    0.8498800      47.37
   1164.75720    0.8672200      48.34
   1164.75879    0.8815500      49.14
   1164.76038    0.8932600      49.79
   1164.76184    0.9026400      50.31
   1164.76343    0.9102600      50.74
   1164.76501    0.9166800      51.10
   1164.76660    0.9219800      51.39
   1164.76819    0.9258500      51.61
   1164.76965    0.9280900      51.73
   1164.77124    0.9289200      51.78
   1164.77283    0.9289300      51.78
   1164.77441    0.9287000      51.77
   1164.77600    0.9283400      51.75
   1164.77759    0.9273500      51.69
   1164.77905    0.9250700      51.56
   1164.78064    0.9213100      51.35
   1164.78223    0.9165000      51.09
   1164.78381    0.9111100      50.78
   1164.78540    0.9052000      50.46
   1164.78699    0.8986800      50.09
   1164.78845    0.8917800      49.71
   1164.79004    0.8850000      49.33
   1164.79163    0.8787400      48.98
   1164.79321    0.8732400      48.67
   1164.79480    0.8688100      48.43
   1164.79639    0.8659300      48.27
   1164.79785    0.8649900      48.21
   1164.79944    0.8658700      48.26
   1164.80103    0.8680300      48.38
   1164.80261    0.8708700      48.54
   1164.80420    0.8741900      48.73
   1164.80579    0.8781800      48.95
   1164.80725    0.8833100      49.23
   1164.80884    0.8899300      49.60
   1164.81042    0.8979700      50.05
   1164.81201    0.9068000      50.54
   1164.81360    0.9154900      51.03
   1164.81519    0.9233100      51.46
   1164.81665    0.9300400      51.84
   1164.81824    0.9358500      52.16
   1164.81982    0.9409600      52.45
   1164.82141    0.9453900      52.69
   1164.82300    0.9491300      52.90
   1164.82458    0.9522200      53.07
   1164.82605    0.9548100      53.22
   1164.82764    0.9569100      53.33
   1164.82922    0.9585300      53.42
   1164.83081    0.9597400      53.49
   1164.83240    0.9607600      53.55
   1164.83398    0.9617600      53.60
   1164.83545    0.9627100      53.66
   1164.83704    0.9634700      53.70
   1164.83862    0.9639400      53.72
   1164.84021    0.9641400      53.74
   1164.84180    0.9641400      53.74
   1164.84338    0.9639600      53.73
   1164.84485    0.9635300      53.70
   1164.84644    0.9628700      53.66
   1164.84802    0.9620600      53.62
   1164.84961    0.9611500      53.57
   1164.85120    0.9600400      53.51
   1164.85278    0.9586300      53.43
   1164.85425    0.9569500      53.33
   1164.85583    0.9552900      53.24
   1164.85742    0.9539200      53.16
   1164.85901    0.9528100      53.10
   1164.86060    0.9517000      53.04
   1164.86218    0.9503500      52.96
   1164.86365    0.9486900      52.87
   1164.86523    0.9466900      52.76
   1164.86682    0.9442300      52.62
   1164.86841    0.9411500      52.45
   1164.87000    0.9374500      52.25
   1164.87158    0.9333200      52.01
   1164.87305    0.9288600      51.77
   1164.87463    0.9239600      51.49
   1164.87622    0.9182700      51.18
   1164.87781    0.9115600      50.80
   1164.87939    0.9038800      50.37
   1164.88098    0.8954500      49.90
   1164.88245    0.8862100      49.39
   1164.88403    0.8756500      48.80
   1164.88562    0.8630800      48.10
   1164.88721    0.8479900      47.26
   1164.88879    0.8298900      46.25
   1164.89038    0.8079600      45.03
   1164.89185    0.7809300      43.52
   1164.89343    0.7472600      41.64
   1164.89502    0.7050400      39.29
   1164.89661    0.6517700      36.32
   1164.89819    0.5853200      32.62
   1164.89978    0.5063700      28.22
   1164.90137    0.4205700      23.44
   1164.90283    0.3376900      18.82
   1164.90442    0.2674100      14.90
   1164.90601    0.2145400      11.96
   1164.90759    0.1771700       9.87
   1164.90918    0.1491700       8.31
   1164.91077    0.1258400       7.01
   1164.91223    0.1091100       6.08
   1164.91382    0.1083400       6.04
   1164.91541    0.1348800       7.52
   1164.91699    0.1936200      10.79
   1164.91858    0.2783000      15.51
   1164.92017    0.3744800      20.87
   1164.92163    0.4674700      26.05
   1164.92322    0.5484600      30.56
   1164.92480    0.6150500      34.27
   1164.92639    0.6682400      37.24
   1164.92798    0.7099100      39.56
   1164.92957    0.7421600      41.36
   1164.93103    0.7671300      42.75
   1164.93262    0.7865300      43.83
   1164.93420    0.8012700      44.65
   1164.93579    0.8118900      45.24
   1164.93738    0.8191400      45.65
   1164.93896    0.8238800      45.91
   1164.94043    0.8266200      46.06
   1164.94202    0.8272000      46.09
   1164.94360    0.8252400      45.99
   1164.94519    0.8207900      45.74
   1164.94678    0.8144600      45.38
   1164.94836    0.8068700      44.96
   1164.94983    0.7979400      44.46
   1164.95142    0.7868000      43.84
   1164.95300    0.7721700      43.03
   1164.95459    0.7528700      41.95
   1164.95618    0.7279800      40.56
   1164.95776    0.6968300      38.83
   1164.95923    0.6587700      36.71
   1164.96082    0.6128200      34.15
   1164.96240    0.5576100      31.07
   1164.96399    0.4926200      27.45
   1164.96558    0.4202700      23.42
   1164.96716    0.3466300      19.31
   1164.96863    0.2794100      15.57
   1164.97021    0.2247900      12.53
   1164.97180    0.1863300      10.38
   1164.97339    0.1664700       9.28
   1164.97498    0.1677900       9.35
   1164.97656    0.1918000      10.69
   1164.97803    0.2367500      13.19
   1164.97961    0.2973100      16.57
   1164.98120    0.3665100      20.42
   1164.98279    0.4379700      24.40
   1164.98438    0.5066300      28.23
   1164.98596    0.5689300      31.70
   1164.98743    0.6230400      34.72
   1164.98901    0.6689100      37.27
   1164.99060    0.7076000      39.43
   1164.99219    0.7403200      41.25
   1164.99377    0.7681900      42.80
   1164.99536    0.7922000      44.14
   1164.99683    0.8130000      45.30
   1164.99841    0.8308100      46.29
   1165.00000    0.8457300      47.12
   1165.00159    0.8581000      47.81
   1165.00317    0.8682900      48.38
   1165.00476    0.8761700      48.82
   1165.00635    0.8815100      49.12
   1165.00781    0.8850200      49.31
   1165.00940    0.8885100      49.51
   1165.01099    0.8937200      49.80
   1165.01257    0.9009300      50.20
   1165.01416    0.9090700      50.65
   1165.01575    0.9168700      51.08
   1165.01721    0.9237600      51.47
   1165.01880    0.9296900      51.80
   1165.02039    0.9347100      52.08
   1165.02197    0.9387700      52.30
   1165.02356    0.9419400      52.48
   1165.02515    0.9445200      52.62
   1165.02661    0.9469100      52.76
   1165.02820    0.9493400      52.89
   1165.02979    0.9516100      53.02
   1165.03137    0.9532900      53.11
   1165.03296    0.9541700      53.16
   1165.03455    0.9546100      53.19
   1165.03601    0.9551700      53.22
   1165.03760    0.9558600      53.25
   1165.03918    0.9561500      53.27
   1165.04077    0.9556800      53.24
   1165.04236    0.9547900      53.19
   1165.04395    0.9539600      53.15
   1165.04541    0.9531800      53.10
   1165.04700    0.9520000      53.04
   1165.04858    0.9503700      52.95
   1165.05017    0.9487500      52.86
   1165.05176    0.9476000      52.79
   1165.05334    0.9468600      52.75
   1165.05481    0.9462400      52.72
   1165.05640    0.9457000      52.69
   1165.05798    0.9452000      52.66
   1165.05957    0.9443500      52.61
   1165.06116    0.9424800      52.51
   1165.06274    0.9391300      52.32
   1165.06433    0.9343800      52.06
   1165.06580    0.9287800      51.74
   1165.06738    0.9232400      51.43
   1165.06897    0.9188700      51.19
   1165.07056    0.9165800      51.06
   1165.07214    0.9165100      51.06
   1165.07373    0.9179900      51.14
   1165.07520    0.9199500      51.25
   1165.07678    0.9210700      51.31
   1165.07837    0.9198900      51.25
   1165.07996    0.9151300      50.98
   1165.08154    0.9061100      50.48
   1165.08313    0.8923200      49.71
   1165.08459    0.8728100      48.62
   1165.08618    0.8473500      47.21
   1165.08777    0.8195000      45.65
   1165.08936    0.7978000      44.44
   1165.09094    0.7917200      44.11
   1165.09253    0.8047200      44.83
   1165.09399    0.8314300      46.32
   1165.09558    0.8619200      48.02
   1165.09717    0.8887600      49.51
   1165.09875    0.9098200      50.68
   1165.10034    0.9260400      51.59
   1165.10193    0.9383600      52.27
   1165.10339    0.9472400      52.77
   1165.10498    0.9534200      53.11
   1165.10657    0.9579000      53.36
   1165.10815    0.9612800      53.55
   1165.10974    0.9639200      53.70
   1165.11133    0.9662400      53.83
   1165.11292    0.9684300      53.95
   1165.11438    0.9699700      54.03
   1165.11597    0.9704200      54.06
   1165.11755    0.9703300      54.05
   1165.11914    0.9704400      54.06
   1165.12073    0.9698700      54.03
   1165.12231    0.9664200      53.84
   1165.12378    0.9594700      53.45
   1165.12537    0.9518900      53.03
   1165.12695    0.9479500      52.81
   1165.12854    0.9492500      52.88
   1165.13013    0.9537000      53.13
   1165.13171    0.9582500      53.38
   1165.13318    0.9617900      53.58
   1165.13477    0.9649500      53.75
   1165.13635    0.9681500      53.93
   1165.13794    0.9709000      54.08
   1165.13953    0.9728400      54.19
   1165.14111    0.9744300      54.28
   1165.14258    0.9762400      54.38
   1165.14417    0.9781400      54.49
   1165.14575    0.9796400      54.57
   1165.14734    0.9806500      54.63
   1165.14893    0.9815400      54.67
   1165.15051    0.9824700      54.73
   1165.15210    0.9832100      54.77
   1165.15356    0.9835900      54.79
   1165.15515    0.9839000      54.81
   1165.15674    0.9844700      54.84
   1165.15833    0.9851400      54.87
   1165.15991    0.9854500      54.89
   1165.16150    0.9852300      54.88
   1165.16296    0.9849000      54.86
   1165.16455    0.9849300      54.86
   1165.16614    0.9853100      54.88
   1165.16772    0.9856100      54.90
   1165.16931    0.9855300      54.89
   1165.17090    0.9852200      54.88
   1165.17236    0.9850800      54.87
   1165.17395    0.9853300      54.88
   1165.17554    0.9858700      54.91
   1165.17712    0.9865500      54.95
   1165.17871    0.9872500      54.99
   1165.18030    0.9878700      55.02
   1165.18188    0.9882700      55.05
   1165.18335    0.9884100      55.05
   1165.18494    0.9883800      55.05
   1165.18652    0.9883100      55.05
   1165.18811    0.9882600      55.05
   1165.18970    0.9882000      55.04
   1165.19128    0.9881500      55.04
   1165.19275    0.9881800      55.04
   1165.19434    0.9883400      55.05
   1165.19592    0.9885600      55.06
   1165.19751    0.9886900      55.07
   1165.19910    0.9885700      55.06
   1165.20068    0.9881900      55.04
   1165.20215    0.9876900      55.01
   1165.20374    0.9872300      54.99
   1165.20532    0.9870100      54.97
   1165.20691    0.9871900      54.98
   1165.20850    0.9876500      55.01
   1165.21008    0.9880400      55.03
   1165.21155    0.9880900      55.03
   1165.21313    0.9879100      55.02
   1165.21472    0.9879300      55.02
   1165.21631    0.9882800      55.04
   1165.21790    0.9885400      55.06
   1165.21948    0.9882300      55.04
   1165.22107    0.9874300      55.00
   1165.22253    0.9866200      54.95
   1165.22412    0.9860700      54.92
   1165.22571    0.9855500      54.89
   1165.22729    0.9848500      54.85
   1165.22888    0.9841700      54.81
   1165.23047    0.9838700      54.80
   1165.23193    0.9840000      54.80
   1165.23352    0.9843100      54.82
   1165.23511    0.9846900      54.84
   1165.23669    0.9852100      54.87
   1165.23828    0.9858000      54.90
   1165.23987    0.9861900      54.92
   1165.24133    0.9862000      54.93
   1165.24292    0.9858800      54.91
   1165.24451    0.9854000      54.88
   1165.24609    0.9848500      54.85
   1165.24768    0.9841600      54.81
   1165.24927    0.9831200      54.75
   1165.25085    0.9814000      54.66
   1165.25232    0.9789900      54.52
   1165.25391    0.9765700      54.39
   1165.25549    0.9750700      54.30
   1165.25708    0.9747200      54.28
   1165.25867    0.9745900      54.28
   1165.26025    0.9735900      54.22
   1165.26172    0.9714800      54.10
   1165.26331    0.9687800      53.95
   1165.26489    0.9658100      53.79
   1165.26648    0.9623300      53.59
   1165.26807    0.9580800      53.36
   1165.26965    0.9531500      53.08
   1165.27124    0.9477900      52.78
   1165.27271    0.9420800      52.46
   1165.27429    0.9360900      52.13
   1165.27588    0.9298800      51.79
   1165.27747    0.9231900      51.41
   1165.27905    0.9157700      51.00
   1165.28064    0.9081100      50.57
   1165.28210    0.9016300      50.21
   1165.28369    0.8975300      49.98
   1165.28528    0.8956800      49.88
   1165.28687    0.8950500      49.84
   1165.28845    0.8950300      49.84
   1165.29004    0.8955500      49.87
   1165.29150    0.8964300      49.92
   1165.29309    0.8973200      49.97
   1165.29468    0.8984100      50.03
   1165.29626    0.9002300      50.13
   1165.29785    0.9024200      50.25
   1165.29944    0.9036700      50.32
   1165.30103    0.9036400      50.32
   1165.30249    0.9042500      50.36
   1165.30408    0.9078300      50.55
   1165.30566    0.9142300      50.91
   1165.30725    0.9207700      51.27
   1165.30884    0.9250300      51.51
   1165.31042    0.9267400      51.61
   1165.31189    0.9266000      51.60
   1165.31348    0.9246200      51.49
   1165.31506    0.9203300      51.25
   1165.31665    0.9139200      50.89
   1165.31824    0.9060400      50.45
   1165.31982    0.8969600      49.95
   1165.32129    0.8870100      49.39
   1165.32288    0.8778500      48.88
   1165.32446    0.8722700      48.57
   1165.32605    0.8721800      48.57
   1165.32764    0.8772300      48.85
   1165.32922    0.8855300      49.31
   1165.33081    0.8951300      49.85
   1165.33228    0.9044200      50.36
   1165.33386    0.9120700      50.79
   1165.33545    0.9171800      51.07
   1165.33704    0.9193600      51.19
   1165.33862    0.9183700      51.14
   1165.34021    0.9140700      50.90
   1165.34167    0.9075300      50.53
   1165.34326    0.9018900      50.22
   1165.34485    0.9009200      50.17
   1165.34644    0.9062100      50.46
   1165.34802    0.9160100      51.01
   1165.34961    0.9269900      51.62
   1165.35120    0.9368000      52.16
   1165.35266    0.9447800      52.61
   1165.35425    0.9510700      52.96
   1165.35583    0.9558500      53.22
   1165.35742    0.9592700      53.41
   1165.35901    0.9615600      53.54
   1165.36060    0.9629600      53.62
   1165.36206    0.9637000      53.66
   1165.36365    0.9641700      53.69
   1165.36523    0.9646300      53.71
   1165.36682    0.9648400      53.72
   1165.36841    0.9643100      53.69
   1165.37000    0.9629700      53.62
   1165.37158    0.9612100      53.52
   1165.37305    0.9593600      53.42
   1165.37463    0.9574100      53.31
   1165.37622    0.9554600      53.20
   1165.37781    0.9540500      53.12
   1165.37939    0.9536400      53.10
   1165.38098    0.9539500      53.12
   1165.38245    0.9541700      53.13
   1165.38403    0.9538000      53.11
   1165.38562    0.9530100      53.06
   1165.38721    0.9520700      53.01
   1165.38879    0.9507900      52.94
   1165.39038    0.9486800      52.82
   1165.39197    0.9456000      52.65
   1165.39343    0.9418900      52.44
   1165.39502    0.9380300      52.23
   1165.39661    0.9340900      52.01
   1165.39819    0.9297400      51.77
   1165.39978    0.9247600      51.49
   1165.40137    0.9193000      51.18
   1165.40283    0.9135100      50.86
   1165.40442    0.9069000      50.49
   1165.40601    0.8985500      50.03
   1165.40759    0.8880100      49.44
   1165.40918    0.8754800      48.74
   1165.41077    0.8607500      47.92
   1165.41235    0.8424700      46.91
   1165.41382    0.8192700      45.61
   1165.41541    0.7918400      44.09
   1165.41699    0.7632100      42.49
   1165.41858    0.7372400      41.05
   1165.42017    0.7169400      39.92
   1165.42175    0.7039400      39.19
   1165.42322    0.6982400      38.87
   1165.42480    0.6976500      38.84
   1165.42639    0.6981800      38.87
   1165.42798    0.6958000      38.74
   1165.42957    0.6875100      38.28
   1165.43115    0.6706500      37.34
   1165.43274    0.6421500      35.75
   1165.43420    0.5996900      33.39
   1165.43579    0.5423600      30.20
   1165.43738    0.4689200      26.11
   1165.43896    0.3771000      20.99
   1165.44055    0.2690700      14.98
   1165.44214    0.1588800       8.85
   1165.44360    0.0695900       3.87
   1165.44519    0.0175500       0.98
   1165.44678   -0.0010200      -0.06
   1165.44836   -0.0039100      -0.22
   1165.44995   -0.0016500      -0.09
   1165.45154    0.0148200       0.83
   1165.45312    0.0633100       3.52
   1165.45459    0.1492200       8.31
   1165.45618    0.2580000      14.36
   1165.45776    0.3673800      20.45
   1165.45935    0.4632400      25.79
   1165.46094    0.5429600      30.23
   1165.46252    0.6083900      33.87
   1165.46399    0.6604700      36.77
   1165.46558    0.7003400      38.99
   1165.46716    0.7310600      40.70
   1165.46875    0.7557700      42.07
   1165.47034    0.7752600      43.16
   1165.47192    0.7891600      43.93
   1165.47351    0.7987100      44.46
   1165.47498    0.8063800      44.89
   1165.47656    0.8129200      45.26
   1165.47815    0.8166200      45.46
   1165.47974    0.8159800      45.43
   1165.48132    0.8114300      45.17
   1165.48291    0.8034300      44.73
   1165.48438    0.7901300      43.99
   1165.48596    0.7684700      42.78
   1165.48755    0.7365200      41.00
   1165.48914    0.6921100      38.53
   1165.49072    0.6291000      35.02
   1165.49231    0.5386300      29.98
   1165.49390    0.4185300      23.30
   1165.49536    0.2832300      15.77
   1165.49695    0.1635300       9.10
   1165.49854    0.0940700       5.24
   1165.50012    0.0966000       5.38
   1165.50171    0.1696200       9.44
   1165.50330    0.2896800      16.13
   1165.50488    0.4230800      23.55
   1165.50635    0.5413700      30.14
   1165.50793    0.6316500      35.16
   1165.50952    0.6956900      38.73
   1165.51111    0.7411600      41.26
   1165.51270    0.7737500      43.07
   1165.51428    0.7961700      44.32
   1165.51575    0.8107700      45.13
   1165.51733    0.8203600      45.67
   1165.51892    0.8265400      46.01
   1165.52051    0.8292000      46.16
   1165.52209    0.8282600      46.11
   1165.52368    0.8247700      45.91
   1165.52527    0.8197300      45.63
   1165.52673    0.8128200      45.25
   1165.52832    0.8030300      44.70
   1165.52991    0.7899300      43.97
   1165.53149    0.7735200      43.06
   1165.53308    0.7531600      41.92
   1165.53467    0.7274500      40.49
   1165.53613    0.6952000      38.70
   1165.53772    0.6558000      36.50
   1165.53931    0.6085800      33.88
   1165.54089    0.5526000      30.76
   1165.54248    0.4874900      27.14
   1165.54407    0.4148100      23.09
   1165.54565    0.3387800      18.86
   1165.54712    0.2662800      14.82
   1165.54871    0.2059600      11.46
   1165.55029    0.1661200       9.25
   1165.55188    0.1523100       8.48
   1165.55347    0.1660700       9.24
   1165.55505    0.2051900      11.42
   1165.55664    0.2645900      14.73
   1165.55811    0.3369200      18.75
   1165.55969    0.4137000      23.03
   1165.56128    0.4875300      27.14
   1165.56287    0.5541600      30.85
   1165.56445    0.6124000      34.09
   1165.56604    0.6623700      36.87
   1165.56750    0.7043300      39.20
   1165.56909    0.7389800      41.13
   1165.57068    0.7678200      42.74
   1165.57227    0.7923800      44.10
   1165.57385    0.8133200      45.27
   1165.57544    0.8306900      46.24
   1165.57703    0.8449200      47.03
   1165.57849    0.8569300      47.70
   1165.58008    0.8672800      48.27
   1165.58167    0.8757500      48.74
   1165.58325    0.8821600      49.10
   1165.58484    0.8871000      49.38
   1165.58643    0.8914700      49.62
   1165.58801    0.8957700      49.86
   1165.58948    0.8998800      50.09
   1165.59106    0.9033200      50.28
   1165.59265    0.9052400      50.38
   1165.59424    0.9045800      50.35
   1165.59583    0.9012600      50.16
   1165.59741    0.8972900      49.94
   1165.59888    0.8958500      49.86
   1165.60046    0.8986000      50.01
   1165.60205    0.9041900      50.32
   1165.60364    0.9097400      50.63
   1165.60522    0.9135700      50.85
   1165.60681    0.9158100      50.97
   1165.60840    0.9168200      51.03
   1165.60986    0.9161100      50.99
   1165.61145    0.9130800      50.82
   1165.61304    0.9080800      50.54
   1165.61462    0.9020000      50.20
   1165.61621    0.8951100      49.82
   1165.61780    0.8870400      49.37
   1165.61938    0.8777300      48.85
   1165.62085    0.8678000      48.30
   1165.62244    0.8579500      47.75
   1165.62402    0.8485200      47.22
   1165.62561    0.8398600      46.74
   1165.62720    0.8327100      46.34
   1165.62878    0.8278700      46.07
   1165.63025    0.8256000      45.95
   1165.63184    0.8257000      45.95
   1165.63342    0.8280200      46.08
   1165.63501    0.8324200      46.33
   1165.63660    0.8384500      46.66
   1165.63818    0.8452300      47.04
   1165.63977    0.8517800      47.40
   1165.64124    0.8573100      47.71
   1165.64282    0.8611100      47.92
   1165.64441    0.8623900      47.99
   1165.64600    0.8604000      47.88
   1165.64758    0.8545800      47.56
   1165.64917    0.8447000      47.01
   1165.65076    0.8309300      46.24
   1165.65222    0.8141300      45.31
   1165.65381    0.7963900      44.32
   1165.65540    0.7810800      43.47
   1165.65698    0.7719300      42.96
   1165.65857    0.7714400      42.93
   1165.66016    0.7795600      43.38
   1165.66162    0.7939100      44.18
   1165.66321    0.8114500      45.16
   1165.66479    0.8300000      46.19
   1165.66638    0.8484300      47.22
   1165.66797    0.8659500      48.19
   1165.66956    0.8818500      49.08
   1165.67114    0.8957700      49.85
   1165.67261    0.9078200      50.52
   1165.67419    0.9179800      51.09
   1165.67578    0.9260000      51.53
   1165.67737    0.9319500      51.86
   1165.67896    0.9365200      52.12
   1165.68054    0.9403400      52.33
   1165.68213    0.9431600      52.49
   1165.68359    0.9444800      52.56
   1165.68518    0.9447000      52.57
   1165.68677    0.9451900      52.60
   1165.68835    0.9468100      52.69
   1165.68994    0.9489800      52.81
   1165.69153    0.9504900      52.89
   1165.69312    0.9509200      52.92
   1165.69458    0.9508300      52.91
   1165.69617    0.9507100      52.91
   1165.69775    0.9504000      52.89
   1165.69934    0.9495700      52.84
   1165.70093    0.9482800      52.77
   1165.70251    0.9467900      52.69
   1165.70410    0.9451600      52.60
   1165.70557    0.9432100      52.49
   1165.70715    0.9408000      52.35
   1165.70874    0.9378400      52.19
   1165.71033    0.9343500      51.99
   1165.71191    0.9304900      51.78
   1165.71350    0.9264600      51.55
   1165.71497    0.9222100      51.32
   1165.71655    0.9173500      51.05
   1165.71814    0.9115300      50.72
   1165.71973    0.9048200      50.35
   1165.72131    0.8974100      49.94
   1165.72290    0.8891100      49.47
   1165.72449    0.8794100      48.93
   1165.72595    0.8679400      48.30
   1165.72754    0.8547300      47.56
   1165.72913    0.8396800      46.72
   1165.73071    0.8222700      45.75
   1165.73230    0.8018200      44.62
   1165.73389    0.7777700      43.28
   1165.73547    0.7495500      41.71
   1165.73694    0.7164300      39.86
   1165.73853    0.6779000      37.72
   1165.74011    0.6342700      35.29
   1165.74170    0.5865900      32.64
   1165.74329    0.5362700      29.84
   1165.74487    0.4855700      27.02
   1165.74646    0.4387800      24.42
   1165.74792    0.4022700      22.38
   1165.74951    0.3824200      21.28
   1165.75110    0.3826400      21.29
   1165.75269    0.4020800      22.37
   1165.75427    0.4366700      24.30
   1165.75586    0.4811700      26.77
   1165.75745    0.5305200      29.52
   1165.75891    0.5803400      32.29
   1165.76050    0.6273400      34.91
   1165.76208    0.6696300      37.26
   1165.76367    0.7066100      39.32
   1165.76526    0.7383000      41.08
   1165.76685    0.7649000      42.56
   1165.76831    0.7869000      43.78
   1165.76990    0.8051600      44.80
   1165.77148    0.8207400      45.67
   1165.77307    0.8345200      46.43
   1165.77466    0.8470700      47.13
   1165.77625    0.8589600      47.79
   1165.77783    0.8706200      48.44
   1165.77930    0.8821200      49.08
   1165.78088    0.8929900      49.69
   1165.78247    0.9025900      50.22
   1165.78406    0.9106800      50.67
   1165.78564    0.9175400      51.05
   1165.78723    0.9235400      51.38
   1165.78882    0.9288400      51.68
   1165.79028    0.9334200      51.93
   1165.79187    0.9373800      52.15
   1165.79346    0.9408500      52.35
   1165.79504    0.9438500      52.51
   1165.79663    0.9463300      52.65
   1165.79822    0.9483500      52.76
   1165.79980    0.9502000      52.87
   1165.80127    0.9521000      52.97
   1165.80286    0.9540300      53.08
   1165.80444    0.9558100      53.18
   1165.80603    0.9574400      53.27
   1165.80762    0.9590500      53.36
   1165.80920    0.9606600      53.45
   1165.81079    0.9620600      53.53
   1165.81226    0.9631000      53.58
   1165.81384    0.9638400      53.62
   1165.81543    0.9644500      53.66
   1165.81702    0.9649800      53.69
   1165.81860    0.9654100      53.71
   1165.82019    0.9657900      53.73
   1165.82178    0.9662100      53.76
   1165.82324    0.9665900      53.78
   1165.82483    0.9667100      53.78
   1165.82642    0.9665400      53.77
   1165.82800    0.9662900      53.76
   1165.82959    0.9662000      53.75
   1165.83118    0.9662700      53.76
   1165.83276    0.9663400      53.76
   1165.83423    0.9663300      53.76
   1165.83582    0.9662100      53.75
   1165.83740    0.9658900      53.74
   1165.83899    0.9652900      53.70
   1165.84058    0.9644000      53.65
   1165.84216    0.9632500      53.59
   1165.84375    0.9616500      53.50
   1165.84521    0.9593500      53.37
   1165.84680    0.9563000      53.20
   1165.84839    0.9527000      53.00
   1165.84998    0.9486000      52.77
   1165.85156    0.9438800      52.51
   1165.85315    0.9386600      52.22
   1165.85474    0.9336300      51.94
   1165.85620    0.9296400      51.72
   1165.85779    0.9269100      51.57
   1165.85938    0.9247400      51.44
   1165.86096    0.9220900      51.30
   1165.86255    0.9183500      51.09
   1165.86414    0.9135300      50.82
   1165.86572    0.9080100      50.51
   1165.86719    0.9019900      50.18
   1165.86877    0.8953900      49.81
   1165.87036    0.8880800      49.40
   1165.87195    0.8802800      48.97
   1165.87354    0.8725000      48.54
   1165.87512    0.8648200      48.11
   1165.87671    0.8567900      47.66
   1165.87817    0.8482900      47.19
   1165.87976    0.8405700      46.76
   1165.88135    0.8355700      46.48
   1165.88293    0.8339900      46.39
   1165.88452    0.8345500      46.43
   1165.88611    0.8355900      46.48
   1165.88757    0.8368900      46.56
   1165.88916    0.8392500      46.69
   1165.89075    0.8429500      46.89
   1165.89233    0.8473400      47.14
   1165.89392    0.8521000      47.40
   1165.89551    0.8576000      47.71
   1165.89709    0.8638800      48.06
   1165.89856    0.8700300      48.40
   1165.90015    0.8752000      48.69
   1165.90173    0.8795600      48.93
   1165.90332    0.8834200      49.14
   1165.90491    0.8862100      49.30
   1165.90649    0.8870800      49.35
   1165.90808    0.8858900      49.28
   1165.90955    0.8827200      49.10
   1165.91113    0.8768200      48.77
   1165.91272    0.8671800      48.24
   1165.91431    0.8540300      47.51
   1165.91589    0.8385800      46.65
   1165.91748    0.8216200      45.70
   1165.91907    0.8043700      44.74
   1165.92053    0.7905900      43.98
   1165.92212    0.7852200      43.68
   1165.92371    0.7887900      43.88
   1165.92529    0.7953800      44.24
   1165.92688    0.7990100      44.44
   1165.92847    0.8016200      44.59
   1165.93005    0.8113300      45.13
   1165.93152    0.8320000      46.28
   1165.93311    0.8574300      47.69
   1165.93469    0.8776200      48.82
   1165.93628    0.8885900      49.43
   1165.93787    0.8937200      49.71
   1165.93945    0.8970400      49.90
   1165.94104    0.8986700      49.99
   1165.94263    0.8971500      49.90
   1165.94409    0.8928700      49.66
   1165.94568    0.8874400      49.36
   1165.94727    0.8810700      49.01
   1165.94885    0.8727400      48.54
   1165.95044    0.8622400      47.96
   1165.95203    0.8506700      47.32
   1165.95361    0.8389100      46.66
   1165.95508    0.8270500      46.00
   1165.95667    0.8153000      45.35
   1165.95825    0.8045400      44.75
   1165.95984    0.7953700      44.24
   1165.96143    0.7873900      43.80
   1165.96301    0.7798600      43.38
   1165.96460    0.7727700      42.98
   1165.96606    0.7667600      42.65
   1165.96765    0.7623200      42.40
   1165.96924    0.7595400      42.25
   1165.97083    0.7584000      42.18
   1165.97241    0.7590000      42.22
   1165.97400    0.7615800      42.36
   1165.97559    0.7662500      42.62
   1165.97705    0.7729600      42.99
   1165.97864    0.7814700      43.47
   1165.98022    0.7914400      44.02
   1165.98181    0.8026500      44.64
   1165.98340    0.8150100      45.33
   1165.98499    0.8282200      46.06
   1165.98657    0.8417500      46.82
   1165.98804    0.8551200      47.56
   1165.98962    0.8680400      48.28
   1165.99121    0.8803600      48.96
   1165.99280    0.8918800      49.60
   1165.99438    0.9023800      50.19
   1165.99597    0.9117800      50.71
   1165.99756    0.9200600      51.17
   1165.99902    0.9272100      51.57
   1166.00061    0.9334300      51.92
   1166.00220    0.9390700      52.23
   1166.00378    0.9442400      52.52
   1166.00537    0.9486400      52.76
   1166.00696    0.9518600      52.94
   1166.00854    0.9540900      53.06
   1166.01001    0.9559900      53.17
   1166.01160    0.9580100      53.28
   1166.01318    0.9599300      53.39
   1166.01477    0.9614200      53.47
   1166.01636    0.9625400      53.53
   1166.01794    0.9636400      53.59
   1166.01953    0.9648800      53.66
   1166.02100    0.9661100      53.73
   1166.02258    0.9672600      53.79
   1166.02417    0.9684700      53.86
   1166.02576    0.9698900      53.94
   1166.02734    0.9714000      54.02
   1166.02893    0.9727900      54.10
   1166.03052    0.9740000      54.17
   1166.03198    0.9751100      54.23
   1166.03357    0.9761300      54.29
   1166.03516    0.9768900      54.33
   1166.03674    0.9773100      54.35
   1166.03833    0.9775700      54.37
   1166.03992    0.9779700      54.39
   1166.04150    0.9786100      54.42
   1166.04297    0.9792600      54.46
   1166.04456    0.9796300      54.48
   1166.04614    0.9796700      54.48
   1166.04773    0.9795300      54.47
   1166.04932    0.9792900      54.46
   1166.05090    0.9789000      54.44
   1166.05249    0.9783000      54.41
   1166.05396    0.9774900      54.36
   1166.05554    0.9765100      54.31
   1166.05713    0.9753400      54.24
   1166.05872    0.9740000      54.17
   1166.06030    0.9725800      54.09
   1166.06189    0.9709800      54.00
   1166.06348    0.9688700      53.88
   1166.06506    0.9659400      53.72
   1166.06653    0.9622200      53.51
   1166.06812    0.9579400      53.27
   1166.06970    0.9530800      53.00
   1166.07129    0.9472400      52.68
   1166.07288    0.9400200      52.27
   1166.07446    0.9313400      51.79
   1166.07605    0.9215600      51.25
   1166.07751    0.9114600      50.69
   1166.07910    0.9023800      50.18
   1166.08069    0.8960100      49.83
   1166.08228    0.8935100      49.69
   1166.08386    0.8947600      49.76
   1166.08545    0.8986300      49.97
   1166.08704    0.9039300      50.27
   1166.08850    0.9099800      50.60
   1166.09009    0.9162700      50.95
   1166.09167    0.9222200      51.28
   1166.09326    0.9274100      51.57
   1166.09485    0.9318700      51.82
   1166.09644    0.9357500      52.04
   1166.09802    0.9387900      52.20
   1166.09949    0.9405800      52.30
   1166.10107    0.9411700      52.34
   1166.10266    0.9410400      52.33
   1166.10425    0.9404300      52.29
   1166.10583    0.9391200      52.22
   1166.10742    0.9371900      52.11
   1166.10901    0.9355900      52.03
   1166.11047    0.9355400      52.02
   1166.11206    0.9374600      52.13
   1166.11365    0.9407500      52.31
   1166.11523    0.9446900      52.53
   1166.11682    0.9489900      52.77
   1166.11841    0.9534600      53.02
   1166.12000    0.9576300      53.25
   1166.12158    0.9609900      53.44
   1166.12305    0.9634100      53.57
   1166.12463    0.9651000      53.66
   1166.12622    0.9662500      53.73
   1166.12781    0.9669100      53.76
   1166.12939    0.9672700      53.78
   1166.13098    0.9675300      53.80
   1166.13257    0.9677200      53.81
   1166.13403    0.9676300      53.80
   1166.13562    0.9671200      53.78
   1166.13721    0.9663100      53.73
   1166.13879    0.9652800      53.67
   1166.14038    0.9639300      53.60
   1166.14197    0.9620200      53.49
   1166.14355    0.9594400      53.35
   1166.14502    0.9563700      53.18
   1166.14661    0.9531700      53.00
   1166.14819    0.9502400      52.84
   1166.14978    0.9476600      52.69
   1166.15137    0.9450500      52.55
   1166.15295    0.9417600      52.36
   1166.15454    0.9374200      52.12
   1166.15601    0.9321800      51.83
   1166.15759    0.9262200      51.50
   1166.15918    0.9192600      51.11
   1166.16077    0.9106300      50.63
   1166.16235    0.8998500      50.03
   1166.16394    0.8866400      49.30
   1166.16553    0.8704400      48.40
   1166.16711    0.8501100      47.27
   1166.16858    0.8245200      45.84
   1166.17017    0.7931800      44.10
   1166.17175    0.7561500      42.04
   1166.17334    0.7132300      39.66
   1166.17493    0.6644200      36.94
   1166.17651    0.6118600      34.02
   1166.17810    0.5619200      31.24
   1166.17957    0.5245500      29.16
   1166.18115    0.5093000      28.32
   1166.18274    0.5204900      28.94
   1166.18433    0.5548500      30.85
   1166.18591    0.6035600      33.56
   1166.18750    0.6566800      36.51
   1166.18909    0.7070800      39.31
   1166.19055    0.7515000      41.78
   1166.19214    0.7893400      43.89
   1166.19373    0.8209800      45.64
   1166.19531    0.8469500      47.09
   1166.19690    0.8679300      48.26
   1166.19849    0.8848700      49.20
   1166.20007    0.8987100      49.97
   1166.20166    0.9101400      50.60
   1166.20312    0.9196100      51.13
   1166.20471    0.9275700      51.57
   1166.20630    0.9345000      51.96
   1166.20789    0.9406800      52.30
   1166.20947    0.9460800      52.60
   1166.21106    0.9506100      52.85
   1166.21265    0.9543200      53.06
   1166.21411    0.9574000      53.23
   1166.21570    0.9599900      53.37
   1166.21729    0.9622100      53.49
   1166.21887    0.9642300      53.61
   1166.22046    0.9662000      53.72
   1166.22205    0.9679400      53.81
   1166.22363    0.9691500      53.88
   1166.22510    0.9697400      53.91
   1166.22668    0.9699700      53.93
   1166.22827    0.9700800      53.93
   1166.22986    0.9701000      53.93
   1166.23145    0.9701600      53.94
   1166.23303    0.9706800      53.96
   1166.23462    0.9718600      54.03
   1166.23621    0.9731000      54.10
   1166.23767    0.9735000      54.12
   1166.23926    0.9729200      54.09
   1166.24084    0.9723300      54.06
   1166.24243    0.9727100      54.08
   1166.24402    0.9738900      54.14
   1166.24561    0.9748900      54.20
   1166.24719    0.9750500      54.21
   1166.24866    0.9746400      54.18
   1166.25024    0.9741900      54.16
   1166.25183    0.9738200      54.14
   1166.25342    0.9732000      54.10
   1166.25500    0.9720700      54.04
   1166.25659    0.9704500      53.95
   1166.25818    0.9683300      53.83
   1166.25964    0.9656500      53.68
   1166.26123    0.9623500      53.50
   1166.26282    0.9584700      53.28
   1166.26440    0.9541000      53.04
   1166.26599    0.9495600      52.79
   1166.26758    0.9456300      52.57
   1166.26917    0.9433200      52.44
   1166.27075    0.9432600      52.44
   1166.27222    0.9451700      52.54
   1166.27380    0.9481400      52.71
   1166.27539    0.9512500      52.88
   1166.27698    0.9538700      53.03
   1166.27856    0.9554900      53.12
   1166.28015    0.9556200      53.12
   1166.28174    0.9540700      53.04
   1166.28320    0.9509700      52.86
   1166.28479    0.9464000      52.61
   1166.28638    0.9400400      52.26
   1166.28796    0.9318400      51.80
   1166.28955    0.9231900      51.32
   1166.29114    0.9168000      50.96
   1166.29272    0.9150500      50.87
   1166.29431    0.9183100      51.05
   1166.29578    0.9249600      51.42
   1166.29736    0.9328200      51.85
   1166.29895    0.9402900      52.27
   1166.30054    0.9464100      52.61
   1166.30212    0.9507200      52.85
   1166.30371    0.9534500      53.00
   1166.30530    0.9554300      53.11
   1166.30676    0.9573200      53.21
   1166.30835    0.9590700      53.31
   1166.30994    0.9603500      53.38
   1166.31152    0.9614100      53.44
   1166.31311    0.9628300      53.52
   1166.31470    0.9646500      53.62
   1166.31628    0.9662400      53.71
   1166.31787    0.9672600      53.77
   1166.31934    0.9681700      53.82
   1166.32092    0.9694900      53.89
   1166.32251    0.9709900      53.97
   1166.32410    0.9720100      54.03
   1166.32568    0.9724400      54.05
   1166.32727    0.9726900      54.07
   1166.32886    0.9728700      54.08
   1166.33032    0.9725700      54.06
   1166.33191    0.9716300      54.01
   1166.33350    0.9707000      53.96
   1166.33508    0.9704900      53.94
   1166.33667    0.9707900      53.96
   1166.33826    0.9706800      53.95
   1166.33984    0.9697500      53.90
   1166.34143    0.9685500      53.84
   1166.34290    0.9677800      53.79
   1166.34448    0.9674300      53.77
   1166.34607    0.9669900      53.75
   1166.34766    0.9663200      53.71
   1166.34924    0.9656600      53.67
   1166.35083    0.9651100      53.64
   1166.35242    0.9643400      53.60
   1166.35388    0.9631700      53.54
   1166.35547    0.9619100      53.46
   1166.35706    0.9609800      53.41
   1166.35864    0.9603000      53.38
   1166.36023    0.9593600      53.32
   1166.36182    0.9579000      53.24
   1166.36340    0.9562000      53.15
   1166.36499    0.9545200      53.05
   1166.36646    0.9527400      52.95
   1166.36804    0.9506100      52.84
   1166.36963    0.9482400      52.70
   1166.37122    0.9458900      52.57
   1166.37280    0.9435100      52.44
   1166.37439    0.9407200      52.29
   1166.37598    0.9372800      52.09
   1166.37744    0.9333100      51.87
   1166.37903    0.9290600      51.64
   1166.38062    0.9246000      51.39
   1166.38220    0.9199500      51.13
   1166.38379    0.9151300      50.86
   1166.38538    0.9099700      50.58
   1166.38696    0.9040300      50.24
   1166.38855    0.8969600      49.85
   1166.39001    0.8888200      49.40
   1166.39160    0.8798500      48.90
   1166.39319    0.8699600      48.35
   1166.39478    0.8586400      47.72
   1166.39636    0.8454600      46.99
   1166.39795    0.8303100      46.15
   1166.39954    0.8130100      45.19
   1166.40100    0.7929500      44.07
   1166.40259    0.7693400      42.76
   1166.40417    0.7416000      41.22
   1166.40576    0.7094600      39.43
   1166.40735    0.6726100      37.38
   1166.40894    0.6305300      35.04
   1166.41052    0.5829200      32.40
   1166.41211    0.5304200      29.48
   1166.41357    0.4752300      26.41
   1166.41516    0.4211900      23.41
   1166.41675    0.3732000      20.74
   1166.41833    0.3357600      18.66
   1166.41992    0.3108600      17.28
   1166.42151    0.2957100      16.43
   1166.42310    0.2821500      15.68
   1166.42456    0.2595200      14.42
   1166.42615    0.2212600      12.30
   1166.42773    0.1714000       9.53
   1166.42932    0.1255500       6.98
   1166.43091    0.1036800       5.76
   1166.43250    0.1186100       6.59
   1166.43408    0.1682400       9.35
   1166.43567    0.2368600      13.16
   1166.43713    0.3037200      16.88
   1166.43872    0.3523200      19.58
   1166.44031    0.3747100      20.82
   1166.44189    0.3705400      20.59
   1166.44348    0.3442600      19.13
   1166.44507    0.3038200      16.88
   1166.44666    0.2607100      14.49
   1166.44824    0.2288200      12.72
   1166.44971    0.2206300      12.26
   1166.45129    0.2421800      13.46
   1166.45288    0.2908000      16.16
   1166.45447    0.3574100      19.86
   1166.45605    0.4314700      23.98
   1166.45764    0.5046700      28.05
   1166.45923    0.5718800      31.78
   1166.46069    0.6304400      35.03
   1166.46228    0.6796800      37.77
   1166.46387    0.7205500      40.04
   1166.46545    0.7546500      41.94
   1166.46704    0.7832100      43.52
   1166.46863    0.8069200      44.84
   1166.47021    0.8265500      45.93
   1166.47180    0.8432100      46.86
   1166.47327    0.8578100      47.67
   1166.47485    0.8706300      48.38
   1166.47644    0.8816600      48.99
   1166.47803    0.8910900      49.52
   1166.47961    0.8992200      49.97
   1166.48120    0.9060700      50.35
   1166.48279    0.9115700      50.66
   1166.48438    0.9161400      50.91
   1166.48584    0.9207000      51.16
   1166.48743    0.9258500      51.45
   1166.48901    0.9312100      51.75
   1166.49060    0.9359100      52.01
   1166.49219    0.9396500      52.21
   1166.49377    0.9428700      52.39
   1166.49536    0.9459800      52.57
   1166.49683    0.9488300      52.72
   1166.49841    0.9510200      52.85
   1166.50000    0.9526100      52.93
   1166.50159    0.9540800      53.02
   1166.50317    0.9557000      53.11
   1166.50476    0.9571800      53.19
   1166.50635    0.9581800      53.24
   1166.50793    0.9587900      53.28
   1166.50940    0.9594300      53.31
   1166.51099    0.9601800      53.35
   1166.51257    0.9606700      53.38
   1166.51416    0.9605900      53.38
   1166.51575    0.9602900      53.36
   1166.51733    0.9604600      53.37
   1166.51892    0.9612100      53.41
   1166.52051    0.9618800      53.45
   1166.52197    0.9618700      53.45
   1166.52356    0.9614900      53.43
   1166.52515    0.9617400      53.44
   1166.52673    0.9631500      53.52
   1166.52832    0.9651500      53.63
   1166.52991    0.9667700      53.72
   1166.53149    0.9676500      53.77
   1166.53296    0.9681800      53.80
   1166.53455    0.9686800      53.82
   1166.53613    0.9689100      53.84
   1166.53772    0.9685500      53.82
   1166.53931    0.9676800      53.77
   1166.54089    0.9666800      53.71
   1166.54248    0.9656500      53.65
   1166.54407    0.9642500      53.58
   1166.54553    0.9621100      53.46
   1166.54712    0.9592000      53.30
   1166.54871    0.9556700      53.10
   1166.55029    0.9513900      52.86
   1166.55188    0.9458200      52.55
   1166.55347    0.9383800      52.14
   1166.55505    0.9289100      51.61
   1166.55664    0.9175000      50.98
   1166.55811    0.9039300      50.22
   1166.55969    0.8872100      49.29
   1166.56128    0.8662200      48.13
   1166.56287    0.8413400      46.75
   1166.56445    0.8160000      45.34
   1166.56604    0.7964300      44.25
   1166.56763    0.7888900      43.83
   1166.56921    0.7959600      44.22
   1166.57068    0.8145200      45.26
   1166.57227    0.8374900      46.53
   1166.57385    0.8582200      47.68
   1166.57544    0.8741200      48.57
   1166.57703    0.8866600      49.26
   1166.57861    0.8980900      49.90
   1166.58020    0.9086100      50.48
   1166.58179    0.9165500      50.92
   1166.58325    0.9206400      51.15
   1166.58484    0.9210300      51.17
   1166.58643    0.9183400      51.02
   1166.58801    0.9129000      50.72
   1166.58960    0.9057500      50.32
   1166.59119    0.8996700      49.98
   1166.59277    0.8978800      49.88
   1166.59424    0.9013000      50.07
   1166.59583    0.9076600      50.43
   1166.59741    0.9137500      50.77
   1166.59900    0.9178900      51.00
   1166.60059    0.9201700      51.12
   1166.60217    0.9209200      51.16
   1166.60376    0.9201100      51.12
   1166.60535    0.9182300      51.01
   1166.60681    0.9165700      50.92
   1166.60840    0.9163600      50.91
   1166.60999    0.9177700      50.99
   1166.61157    0.9203600      51.13
   1166.61316    0.9239600      51.33
   1166.61475    0.9286500      51.59
   1166.61633    0.9342000      51.90
   1166.61792    0.9399500      52.22
   1166.61938    0.9454600      52.53
   1166.62097    0.9507700      52.82
   1166.62256    0.9559800      53.11
   1166.62415    0.9608600      53.38
   1166.62573    0.9651300      53.62
   1166.62732    0.9687100      53.82
   1166.62891    0.9716600      53.98
   1166.63049    0.9740300      54.11
   1166.63196    0.9759400      54.22
   1166.63354    0.9776400      54.31
   1166.63513    0.9793200      54.41
   1166.63672    0.9807900      54.49
   1166.63831    0.9817200      54.54
   1166.63989    0.9821300      54.56
   1166.64148    0.9823900      54.58
   1166.64307    0.9828400      54.60
   1166.64453    0.9834700      54.63
   1166.64612    0.9840800      54.67
   1166.64771    0.9845500      54.69
   1166.64929    0.9848900      54.71
   1166.65088    0.9850700      54.72
   1166.65247    0.9850100      54.72
   1166.65405    0.9846500      54.70
   1166.65564    0.9841000      54.67
   1166.65710    0.9836400      54.64
   1166.65869    0.9834100      54.63
   1166.66028    0.9831300      54.61
   1166.66187    0.9822700      54.57
   1166.66345    0.9805800      54.47
   1166.66504    0.9785800      54.36
   1166.66663    0.9771800      54.28
   1166.66821    0.9768200      54.26
   1166.66968    0.9770900      54.28
   1166.67126    0.9771900      54.28
   1166.67285    0.9766500      54.25
   1166.67444    0.9755200      54.19
   1166.67603    0.9740300      54.11
   1166.67761    0.9722300      54.01
   1166.67920    0.9699200      53.88
   1166.68079    0.9668600      53.71
   1166.68225    0.9630400      53.50
   1166.68384    0.9586800      53.25
   1166.68542    0.9540800      53.00
   1166.68701    0.9496800      52.75
   1166.68860    0.9463100      52.57
   1166.69019    0.9451800      52.50
   1166.69177    0.9469200      52.60
   1166.69336    0.9507600      52.81
   1166.69482    0.9550000      53.05
   1166.69641    0.9585200      53.24
   1166.69800    0.9613300      53.40
   1166.69958    0.9636600      53.53
   1166.70117    0.9652000      53.61
   1166.70276    0.9656300      53.64
   1166.70435    0.9653000      53.62
   1166.70593    0.9645200      53.58
   1166.70740    0.9629200      53.49
   1166.70898    0.9601200      53.33
   1166.71057    0.9566400      53.14
   1166.71216    0.9531000      52.94
   1166.71375    0.9488500      52.70
   1166.71533    0.9426900      52.36
   1166.71692    0.9346200      51.91
   1166.71851    0.9251000      51.39
   1166.71997    0.9125500      50.69
   1166.72156    0.8936100      49.64
   1166.72314    0.8662000      48.11
   1166.72473    0.8294000      46.07
   1166.72632    0.7788100      43.26
   1166.72791    0.7071500      39.28
   1166.72949    0.6163100      34.23
   1166.73108    0.5291800      29.39
   1166.73254    0.4819800      26.77
   1166.73413    0.4979100      27.66
   1166.73572    0.5678000      31.54
   1166.73730    0.6586200      36.58
   1166.73889    0.7400400      41.10
   1166.74048    0.8011600      44.50
   1166.74207    0.8457600      46.98
   1166.74365    0.8792400      48.84
   1166.74512    0.9035200      50.18
   1166.74670    0.9200700      51.10
   1166.74829    0.9317400      51.75
   1166.74988    0.9407300      52.25
   1166.75146    0.9474600      52.62
   1166.75305    0.9522400      52.89
   1166.75464    0.9561800      53.11
   1166.75623    0.9600400      53.32
   1166.75769    0.9633800      53.51
   1166.75928    0.9657600      53.64
   1166.76086    0.9677300      53.75
   1166.76245    0.9698500      53.87
   1166.76404    0.9716900      53.97
   1166.76562    0.9725000      54.01
   1166.76721    0.9724700      54.01
   1166.76880    0.9724100      54.01
   1166.77026    0.9726700      54.02
   1166.77185    0.9730600      54.04
   1166.77344    0.9736300      54.08
   1166.77502    0.9747200      54.14
   1166.77661    0.9761600      54.22
   1166.77820    0.9771400      54.27
   1166.77979    0.9771700      54.27
   1166.78137    0.9767000      54.25
   1166.78284    0.9764300      54.23
   1166.78442    0.9764700      54.23
   1166.78601    0.9764000      54.23
   1166.78760    0.9760200      54.21
   1166.78918    0.9754600      54.18
   1166.79077    0.9747000      54.13
   1166.79236    0.9734200      54.06
   1166.79395    0.9714700      53.95
   1166.79541    0.9693400      53.84
   1166.79700    0.9678100      53.75
   1166.79858    0.9672700      53.72
   1166.80017    0.9674100      53.73
   1166.80176    0.9676900      53.74
   1166.80334    0.9677300      53.74
   1166.80493    0.9674700      53.73
   1166.80652    0.9669600      53.70
   1166.80798    0.9662500      53.66
   1166.80957    0.9654000      53.61
   1166.81116    0.9644000      53.56
   1166.81274    0.9631800      53.49
   1166.81433    0.9617200      53.41
   1166.81592    0.9601300      53.32
   1166.81750    0.9585900      53.24
   1166.81909    0.9570700      53.15
   1166.82056    0.9553700      53.06
   1166.82214    0.9532800      52.94
   1166.82373    0.9507100      52.80
   1166.82532    0.9476500      52.63
   1166.82690    0.9440300      52.43
   1166.82849    0.9398000      52.19
   1166.83008    0.9349100      51.92
   1166.83167    0.9291000      51.60
   1166.83313    0.9218800      51.20
   1166.83472    0.9128300      50.69
   1166.83630    0.9018800      50.08
   1166.83789    0.8891900      49.38
   1166.83948    0.8747600      48.58
   1166.84106    0.8586000      47.68
   1166.84265    0.8410000      46.70
   1166.84424    0.8227200      45.69
   1166.84570    0.8046300      44.68
   1166.84729    0.7874900      43.73
   1166.84888    0.7719400      42.87
   1166.85046    0.7583400      42.11
   1166.85205    0.7461500      41.44
   1166.85364    0.7339300      40.76
   1166.85522    0.7200100      39.98
   1166.85681    0.7031200      39.05
   1166.85840    0.6821600      37.88
   1166.85986    0.6556900      36.41
   1166.86145    0.6221200      34.55
   1166.86304    0.5806400      32.24
   1166.86462    0.5318800      29.54
   1166.86621    0.4775900      26.52
   1166.86780    0.4204500      23.35
   1166.86938    0.3646900      20.25
   1166.87097    0.3166300      17.58
   1166.87244    0.2836800      15.75
   1166.87402    0.2717700      15.09
   1166.87561    0.2830000      15.71
   1166.87720    0.3150000      17.49
   1166.87878    0.3624200      20.13
   1166.88037    0.4190200      23.27
   1166.88196    0.4791100      26.60
   1166.88354    0.5381500      29.88
   1166.88501    0.5928900      32.92
   1166.88660    0.6415800      35.63
   1166.88818    0.6839600      37.98
   1166.88977    0.7206500      40.02
   1166.89136    0.7522900      41.77
   1166.89294    0.7792300      43.27
   1166.89453    0.8020000      44.53
   1166.89612    0.8214700      45.61
   1166.89758    0.8384600      46.56
   1166.89917    0.8532200      47.38
   1166.90076    0.8657000      48.07
   1166.90234    0.8763100      48.66
   1166.90393    0.8858700      49.19
   1166.90552    0.8948000      49.69
   1166.90710    0.9027500      50.13
   1166.90869    0.9093300      50.49
   1166.91028    0.9148000      50.80
   1166.91174    0.9197000      51.07
   1166.91333    0.9240300      51.31
   1166.91492    0.9274000      51.49
   1166.91650    0.9298600      51.63
   1166.91809    0.9320400      51.75
   1166.91968    0.9342100      51.87
   1166.92126    0.9358000      51.96
   1166.92285    0.9361800      51.98
   1166.92432    0.9357400      51.96
   1166.92590    0.9353700      51.94
   1166.92749    0.9353300      51.93
   1166.92908    0.9349200      51.91
   1166.93066    0.9335300      51.83
   1166.93225    0.9313200      51.71
   1166.93384    0.9287400      51.57
   1166.93542    0.9257100      51.40
   1166.93689    0.9217600      51.18
   1166.93848    0.9166900      50.90
   1166.94006    0.9107100      50.57
   1166.94165    0.9040400      50.20
   1166.94324    0.8967500      49.79
   1166.94482    0.8888200      49.35
   1166.94641    0.8802500      48.87
   1166.94800    0.8709800      48.36
   1166.94958    0.8609300      47.80
   1166.95105    0.8501900      47.20
   1166.95264    0.8388200      46.57
   1166.95422    0.8267400      45.90
   1166.95581    0.8140600      45.20
   1166.95740    0.8014900      44.50
   1166.95898    0.7898100      43.85
   1166.96057    0.7789100      43.25
   1166.96216    0.7680400      42.64
   1166.96362    0.7574500      42.05
   1166.96521    0.7494800      41.61
   1166.96680    0.7469400      41.47
   1166.96838    0.7505300      41.67
   1166.96997    0.7583500      42.10
   1166.97156    0.7681200      42.65
   1166.97314    0.7791000      43.26
   1166.97473    0.7916000      43.95
   1166.97620    0.8054100      44.72
   1166.97778    0.8195100      45.50
   1166.97937    0.8332300      46.26
   1166.98096    0.8468300      47.02
   1166.98254    0.8606200      47.78
   1166.98413    0.8741200      48.53
   1166.98572    0.8864300      49.21
   1166.98730    0.8972600      49.81
   1166.98889    0.9070200      50.36
   1166.99036    0.9160300      50.86
   1166.99194    0.9239500      51.30
   1166.99353    0.9303000      51.65
   1166.99512    0.9352800      51.92
   1166.99670    0.9398400      52.18
   1166.99829    0.9448600      52.46
   1166.99988    0.9505000      52.77
   1167.00146    0.9561300      53.08
   1167.00293    0.9609800      53.35
   1167.00452    0.9647100      53.56
   1167.00610    0.9675400      53.71
   1167.00769    0.9698600      53.84
   1167.00928    0.9718300      53.95
   1167.01086    0.9733700      54.04
   1167.01245    0.9744800      54.10
   1167.01404    0.9754300      54.15
   1167.01562    0.9764600      54.21
   1167.01709    0.9774500      54.26
   1167.01868    0.9780200      54.30
   1167.02026    0.9779500      54.29
   1167.02185    0.9776000      54.27
   1167.02344    0.9775500      54.27
   1167.02502    0.9781200      54.30
   1167.02661    0.9792000      54.36
   1167.02820    0.9804100      54.43
   1167.02966    0.9815100      54.49
   1167.03125    0.9823700      54.54
   1167.03284    0.9829600      54.57
   1167.03442    0.9833200      54.59
   1167.03601    0.9835200      54.60
   1167.03760    0.9836800      54.61
   1167.03918    0.9837900      54.61
   1167.04077    0.9837100      54.61
   1167.04224    0.9832200      54.58
   1167.04382    0.9823200      54.53
   1167.04541    0.9811900      54.47
   1167.04700    0.9798200      54.39
   1167.04858    0.9778200      54.28
   1167.05017    0.9748400      54.12
   1167.05176    0.9709400      53.90
   1167.05334    0.9661600      53.63
   1167.05493    0.9597900      53.28
   1167.05640    0.9511200      52.80
   1167.05798    0.9416000      52.27
   1167.05957    0.9352600      51.92
   1167.06116    0.9358200      51.95
   1167.06274    0.9430500      52.35
   1167.06433    0.9530100      52.90
   1167.06592    0.9617100      53.39
   1167.06750    0.9679700      53.73
   1167.06897    0.9725500      53.99
   1167.07056    0.9760900      54.18
   1167.07214    0.9787200      54.33
   1167.07373    0.9807200      54.44
   1167.07532    0.9824000      54.53
   1167.07690    0.9835200      54.59
   1167.07849    0.9838700      54.61
   1167.08008    0.9839000      54.62
   1167.08167    0.9840700      54.63
   1167.08313    0.9837700      54.61
   1167.08472    0.9822300      54.52
   1167.08630    0.9800900      54.40
   1167.08789    0.9789200      54.34
   1167.08948    0.9792500      54.36
   1167.09106    0.9802800      54.41
   1167.09265    0.9814600      54.48
   1167.09424    0.9829600      54.56
   1167.09570    0.9843600      54.64
   1167.09729    0.9846300      54.65
   1167.09888    0.9840200      54.62
   1167.10046    0.9840200      54.62
   1167.10205    0.9846700      54.66
   1167.10364    0.9840100      54.62
   1167.10522    0.9814000      54.47
   1167.10681    0.9790300      54.34
   1167.10840    0.9781100      54.29
   1167.10986    0.9758200      54.16
   1167.11145    0.9694900      53.81
   1167.11304    0.9613800      53.36
   1167.11462    0.9541500      52.96
   1167.11621    0.9426800      52.32
   1167.11780    0.9179900      50.95
   1167.11938    0.8828500      49.00
   1167.12097    0.8570200      47.57
   1167.12256    0.8597300      47.72
   1167.12402    0.8885200      49.32
   1167.12561    0.9214800      51.15
   1167.12720    0.9402400      52.19
   1167.12878    0.9449000      52.45
   1167.13037    0.9458400      52.50
   1167.13196    0.9481900      52.63
   1167.13354    0.9495100      52.70
   1167.13513    0.9485200      52.65
   1167.13660    0.9485900      52.65
   1167.13818    0.9524100      52.86
   1167.13977    0.9581600      53.18
   1167.14136    0.9629000      53.44
   1167.14294    0.9665200      53.64
   1167.14453    0.9703300      53.86
   1167.14612    0.9739800      54.06
   1167.14771    0.9760200      54.17
   1167.14929    0.9765000      54.20
   1167.15076    0.9767400      54.21
   1167.15234    0.9770500      54.23
   1167.15393    0.9763200      54.19
   1167.15552    0.9741900      54.07
   1167.15710    0.9718900      53.94
   1167.15869    0.9703600      53.86
   1167.16028    0.9687200      53.77
   1167.16187    0.9655600      53.59
   1167.16345    0.9608900      53.33
   1167.16492    0.9556500      53.04
   1167.16650    0.9496300      52.71
   1167.16809    0.9417000      52.26
   1167.16968    0.9326800      51.76
   1167.17126    0.9261600      51.40
   1167.17285    0.9247000      51.32
   1167.17444    0.9258100      51.38
   1167.17603    0.9243800      51.30
   1167.17749    0.9197000      51.04
   1167.17908    0.9179000      50.94
   1167.18066    0.9254700      51.36
   1167.18225    0.9413700      52.25
   1167.18384    0.9578300      53.16
   1167.18542    0.9686700      53.76
   1167.18701    0.9742800      54.07
   1167.18860    0.9783400      54.30
   1167.19019    0.9823200      54.52
   1167.19165    0.9851400      54.67
   1167.19324    0.9863200      54.74
   1167.19482    0.9870300      54.78
   1167.19641    0.9880200      54.83
   1167.19800    0.9887900      54.88
   1167.19958    0.9888800      54.88
   1167.20117    0.9885900      54.86
   1167.20276    0.9880200      54.83
   1167.20435    0.9867100      54.76
   1167.20581    0.9849000      54.66
   1167.20740    0.9839800      54.61
   1167.20898    0.9848400      54.66
   1167.21057    0.9866300      54.75
   1167.21216    0.9878900      54.82
   1167.21375    0.9883600      54.85
   1167.21533    0.9888400      54.88
   1167.21692    0.9896600      54.92
   1167.21851    0.9903400      54.96
   1167.21997    0.9905300      54.97
   1167.22156    0.9904700      54.97
   1167.22314    0.9904400      54.96
   1167.22473    0.9903700      54.96
   1167.22632    0.9901600      54.95
   1167.22791    0.9899100      54.93
   1167.22949    0.9895600      54.92
   1167.23108    0.9888900      54.88
   1167.23254    0.9880400      54.83
   1167.23413    0.9875100      54.80
   1167.23572    0.9875000      54.80
   1167.23730    0.9875800      54.80
   1167.23889    0.9873400      54.79
   1167.24048    0.9869000      54.77
   1167.24207    0.9866200      54.75
   1167.24365    0.9864300      54.74
   1167.24524    0.9859500      54.71
   1167.24670    0.9850800      54.66
   1167.24829    0.9840400      54.61
   1167.24988    0.9829100      54.54
   1167.25146    0.9815600      54.47
   1167.25305    0.9799400      54.38
   1167.25464    0.9782200      54.28
   1167.25623    0.9763300      54.18
   1167.25781    0.9739100      54.04
   1167.25940    0.9706100      53.86
   1167.26086    0.9664500      53.63
   1167.26245    0.9615000      53.35
   1167.26404    0.9555300      53.02
   1167.26562    0.9482800      52.62
   1167.26721    0.9398400      52.15
   1167.26880    0.9305300      51.64
   1167.27039    0.9203800      51.07
   1167.27197    0.9091400      50.45
   1167.27356    0.8971600      49.78
   1167.27502    0.8861700      49.17
   1167.27661    0.8788700      48.77
   1167.27820    0.8774800      48.69
   1167.27979    0.8824000      48.96
   1167.28137    0.8920800      49.50
   1167.28296    0.9041400      50.17
   1167.28455    0.9164900      50.86
   1167.28613    0.9279000      51.49
   1167.28772    0.9377500      52.03
   1167.28918    0.9458000      52.48
   1167.29077    0.9520800      52.83
   1167.29236    0.9569000      53.10
   1167.29395    0.9606400      53.30
   1167.29553    0.9634500      53.46
   1167.29712    0.9652800      53.56
   1167.29871    0.9662400      53.61
   1167.30029    0.9668500      53.65
   1167.30188    0.9678000      53.70
   1167.30334    0.9694200      53.79
   1167.30493    0.9715200      53.91
   1167.30652    0.9736700      54.03
   1167.30811    0.9755800      54.13
   1167.30969    0.9771900      54.22
   1167.31128    0.9784500      54.29
   1167.31287    0.9793200      54.34
   1167.31445    0.9798100      54.37
   1167.31604    0.9801000      54.38
   1167.31750    0.9803200      54.39
   1167.31909    0.9804700      54.40
   1167.32068    0.9804700      54.40
   1167.32227    0.9803300      54.39
   1167.32385    0.9801900      54.39
   1167.32544    0.9800600      54.38
   1167.32703    0.9797600      54.36
   1167.32861    0.9791200      54.33
   1167.33008    0.9781700      54.27
   1167.33167    0.9771600      54.22
   1167.33325    0.9761500      54.16
   1167.33484    0.9749400      54.09
   1167.33643    0.9732900      54.00
   1167.33801    0.9712100      53.89
   1167.33960    0.9687900      53.75
   1167.34119    0.9660000      53.60
   1167.34277    0.9627600      53.42
   1167.34424    0.9593200      53.23
   1167.34583    0.9563800      53.06
   1167.34741    0.9544900      52.96
   1167.34900    0.9535600      52.91
   1167.35059    0.9530600      52.88
   1167.35217    0.9526200      52.85
   1167.35376    0.9523500      52.84
   1167.35535    0.9525600      52.85
   1167.35693    0.9533100      52.89
   1167.35840    0.9543400      52.95
   1167.35999    0.9552200      53.00
   1167.36157    0.9556200      53.02
   1167.36316    0.9555200      53.01
   1167.36475    0.9551300      52.99
   1167.36633    0.9546800      52.97
   1167.36792    0.9540100      52.93
   1167.36951    0.9527100      52.86
   1167.37109    0.9503800      52.73
   1167.37268    0.9470900      52.54
   1167.37415    0.9432100      52.33
   1167.37573    0.9390900      52.10
   1167.37732    0.9348100      51.86
   1167.37891    0.9301600      51.60
   1167.38049    0.9248000      51.31
   1167.38208    0.9184600      50.96
   1167.38367    0.9110500      50.54
   1167.38525    0.9025500      50.07
   1167.38684    0.8928100      49.53
   1167.38831    0.8814400      48.90
   1167.38989    0.8680900      48.16
   1167.39148    0.8526400      47.30
   1167.39307    0.8349500      46.32
   1167.39465    0.8145000      45.19
   1167.39624    0.7903500      43.85
   1167.39783    0.7615400      42.25
   1167.39941    0.7273300      40.35
   1167.40100    0.6871500      38.12
   1167.40247    0.6406900      35.54
   1167.40405    0.5881800      32.63
   1167.40564    0.5310400      29.46
   1167.40723    0.4725800      26.22
   1167.40881    0.4186500      23.23
   1167.41040    0.3772900      20.93
   1167.41199    0.3564000      19.77
   1167.41357    0.3602400      19.98
   1167.41516    0.3871500      21.48
   1167.41663    0.4305800      23.89
   1167.41821    0.4824600      26.76
   1167.41980    0.5362300      29.75
   1167.42139    0.5877200      32.60
   1167.42297    0.6346200      35.21
   1167.42456    0.6759500      37.50
   1167.42615    0.7117700      39.49
   1167.42773    0.7427200      41.20
   1167.42932    0.7694600      42.69
   1167.43079    0.7924300      43.96
   1167.43237    0.8121300      45.05
   1167.43396    0.8291500      46.00
   1167.43555    0.8438700      46.81
   1167.43713    0.8563700      47.51
   1167.43872    0.8666900      48.08
   1167.44031    0.8750800      48.54
   1167.44189    0.8818300      48.92
   1167.44348    0.8869700      49.20
   1167.44495    0.8903500      49.39
   1167.44653    0.8919900      49.48
   1167.44812    0.8922100      49.49
   1167.44971    0.8912900      49.44
   1167.45129    0.8892400      49.33
   1167.45288    0.8859300      49.14
   1167.45447    0.8812300      48.88
   1167.45605    0.8750000      48.54
   1167.45764    0.8669300      48.09
   1167.45911    0.8565800      47.52
   1167.46069    0.8435600      46.79
   1167.46228    0.8276100      45.91
   1167.46387    0.8083900      44.84
   1167.46545    0.7855000      43.57
   1167.46704    0.7586500      42.08
   1167.46863    0.7279100      40.38
   1167.47021    0.6939700      38.49
   1167.47180    0.6588500      36.55
   1167.47327    0.6265000      34.75
   1167.47485    0.6022300      33.41
   1167.47644    0.5903200      32.74
   1167.47803    0.5915200      32.81
   1167.47961    0.6029700      33.45
   1167.48120    0.6208400      34.44
   1167.48279    0.6431400      35.67
   1167.48438    0.6699900      37.16
   1167.48596    0.7015700      38.92
   1167.48755    0.7363200      40.84
   1167.48901    0.7711500      42.77
   1167.49060    0.8030100      44.54
   1167.49219    0.8302200      46.05
   1167.49377    0.8525800      47.29
   1167.49536    0.8707800      48.30
   1167.49695    0.8856700      49.13
   1167.49854    0.8979000      49.80
   1167.50012    0.9079800      50.36
   1167.50171    0.9164600      50.83
   1167.50317    0.9237500      51.24
   1167.50476    0.9299600      51.58
   1167.50635    0.9350100      51.86
   1167.50793    0.9391400      52.09
   1167.50952    0.9430200      52.31
   1167.51111    0.9470700      52.53
   1167.51270    0.9510000      52.75
   1167.51428    0.9541800      52.92
   1167.51587    0.9565000      53.05
   1167.51733    0.9584500      53.16
   1167.51892    0.9604000      53.27
   1167.52051    0.9621000      53.36
   1167.52209    0.9630700      53.42
   1167.52368    0.9632900      53.43
   1167.52527    0.9632400      53.43
   1167.52686    0.9632200      53.42
   1167.52844    0.9631000      53.42
   1167.53003    0.9625000      53.38
   1167.53162    0.9611800      53.31
   1167.53308    0.9591700      53.20
   1167.53467    0.9567400      53.06
   1167.53625    0.9543200      52.93
   1167.53784    0.9522600      52.82
   1167.53943    0.9506100      52.72
   1167.54102    0.9492500      52.65
   1167.54260    0.9482200      52.59
   1167.54419    0.9478900      52.57
   1167.54578    0.9486600      52.62
   1167.54724    0.9506000      52.72
   1167.54883    0.9534200      52.88
   1167.55042    0.9566800      53.06
   1167.55200    0.9599800      53.24
   1167.55359    0.9630100      53.41
   1167.55518    0.9656200      53.56
   1167.55676    0.9678200      53.68
   1167.55835    0.9697100      53.78
   1167.55994    0.9713100      53.87
   1167.56140    0.9725300      53.94
   1167.56299    0.9733100      53.98
   1167.56458    0.9736600      54.00
   1167.56616    0.9735700      54.00
   1167.56775    0.9730000      53.96
   1167.56934    0.9719000      53.90
   1167.57092    0.9702200      53.81
   1167.57251    0.9677400      53.67
   1167.57410    0.9642200      53.48
   1167.57568    0.9598300      53.23
   1167.57715    0.9555600      53.00
   1167.57874    0.9528100      52.84
   1167.58032    0.9524200      52.82
   1167.58191    0.9540400      52.91
   1167.58350    0.9565600      53.05
   1167.58508    0.9590700      53.19
   1167.58667    0.9613300      53.31
   1167.58826    0.9633400      53.43
   1167.58984    0.9648200      53.51
   1167.59131    0.9653900      53.54
   1167.59290    0.9650100      53.52
   1167.59448    0.9640300      53.46
   1167.59607    0.9629100      53.40
   1167.59766    0.9618600      53.34
   1167.59924    0.9608200      53.28
   1167.60083    0.9594800      53.21
   1167.60242    0.9574200      53.10
   1167.60400    0.9543400      52.92
   1167.60559    0.9503400      52.70
   1167.60706    0.9456500      52.44
   1167.60864    0.9401600      52.14
   1167.61023    0.9333800      51.76
   1167.61182    0.9249000      51.29
   1167.61340    0.9145100      50.72
   1167.61499    0.9016200      50.00
   1167.61658    0.8851000      49.08
   1167.61816    0.8639300      47.91
   1167.61975    0.8378100      46.46
   1167.62122    0.8067300      44.74
   1167.62280    0.7708000      42.74
   1167.62439    0.7319300      40.59
   1167.62598    0.6960500      38.60
   1167.62756    0.6720900      37.27
   1167.62915    0.6671900      37.00
   1167.63074    0.6821500      37.83
   1167.63232    0.7114600      39.45
   1167.63391    0.7472200      41.44
   1167.63550    0.7828700      43.41
   1167.63696    0.8143300      45.16
   1167.63855    0.8398100      46.57
   1167.64014    0.8594100      47.66
   1167.64172    0.8740300      48.47
   1167.64331    0.8840600      49.02
   1167.64490    0.8890700      49.30
   1167.64648    0.8886600      49.28
   1167.64807    0.8827000      48.95
   1167.64966    0.8706600      48.28
   1167.65112    0.8524400      47.27
   1167.65271    0.8314400      46.11
   1167.65430    0.8159400      45.25
   1167.65588    0.8147400      45.18
   1167.65747    0.8301500      46.03
   1167.65906    0.8558300      47.46
   1167.66064    0.8822600      48.92
   1167.66223    0.9038700      50.12
   1167.66382    0.9205800      51.05
   1167.66541    0.9342000      51.80
   1167.66687    0.9453100      52.42
   1167.66846    0.9536300      52.88
   1167.67004    0.9594700      53.20
   1167.67163    0.9638500      53.45
   1167.67322    0.9674000      53.64
   1167.67480    0.9701300      53.79
   1167.67639    0.9718700      53.89
   1167.67798    0.9725700      53.93
   1167.67957    0.9725200      53.93
   1167.68103    0.9724200      53.92
   1167.68262    0.9733400      53.97
   1167.68420    0.9757600      54.10
   1167.68579    0.9790300      54.29
   1167.68738    0.9819100      54.45
   1167.68896    0.9837800      54.55
   1167.69055    0.9849400      54.61
   1167.69214    0.9858700      54.66
   1167.69373    0.9866400      54.71
   1167.69531    0.9872200      54.74
   1167.69678    0.9878100      54.77
   1167.69836    0.9885700      54.81
   1167.69995    0.9893500      54.86
   1167.70154    0.9898900      54.89
   1167.70312    0.9901700      54.90
   1167.70471    0.9904500      54.92
   1167.70630    0.9908300      54.94
   1167.70789    0.9911900      54.96
   1167.70947    0.9914900      54.97
   1167.71106    0.9918000      54.99
   1167.71252    0.9921500      55.01
   1167.71411    0.9923500      55.02
   1167.71570    0.9922300      55.02
   1167.71729    0.9918400      54.99
   1167.71887    0.9914600      54.97
   1167.72046    0.9914000      54.97
   1167.72205    0.9917200      54.99
   1167.72363    0.9922400      55.01
   1167.72522    0.9926300      55.04
   1167.72681    0.9927400      55.04
   1167.72827    0.9927400      55.04
   1167.72986    0.9928500      55.05
   1167.73145    0.9930200      55.06
   1167.73303    0.9930500      55.06
   1167.73462    0.9929200      55.05
   1167.73621    0.9928800      55.05
   1167.73779    0.9930000      55.06
   1167.73938    0.9930300      55.06
   1167.74097    0.9927800      55.04
   1167.74243    0.9925600      55.03
   1167.74402    0.9926900      55.04
   1167.74561    0.9929500      55.05
   1167.74719    0.9928400      55.05
   1167.74878    0.9923800      55.02
   1167.75037    0.9921900      55.01
   1167.75195    0.9926600      55.04
   1167.75354    0.9933200      55.07
   1167.75513    0.9934900      55.08
   1167.75671    0.9931500      55.06
   1167.75818    0.9928900      55.05
   1167.75977    0.9929600      55.05
   1167.76135    0.9930200      55.05
   1167.76294    0.9927700      55.04
   1167.76453    0.9924500      55.02
   1167.76611    0.9923900      55.02
   1167.76770    0.9923800      55.02
   1167.76929    0.9919400      54.99
   1167.77087    0.9909700      54.94
   1167.77246    0.9899700      54.88
   1167.77393    0.9895700      54.86
   1167.77551    0.9899500      54.88
   1167.77710    0.9908000      54.93
   1167.77869    0.9916600      54.98
   1167.78027    0.9921900      55.01
   1167.78186    0.9922700      55.01
   1167.78345    0.9920200      55.00
   1167.78503    0.9916400      54.98
   1167.78662    0.9912700      54.95
   1167.78821    0.9908600      54.93
   1167.78967    0.9903200      54.90
   1167.79126    0.9896700      54.87
   1167.79285    0.9889200      54.82
   1167.79443    0.9880600      54.78
   1167.79602    0.9870300      54.72
   1167.79761    0.9858800      54.65
   1167.79919    0.9848200      54.60
   1167.80078    0.9840900      54.56
   1167.80237    0.9837600      54.54
   1167.80396    0.9837600      54.54
   1167.80542    0.9838900      54.54
   1167.80701    0.9840400      54.55
   1167.80859    0.9841900      54.56
   1167.81018    0.9843300      54.57
   1167.81177    0.9843800      54.57
   1167.81335    0.9843400      54.57
   1167.81494    0.9843000      54.57
   1167.81653    0.9844200      54.57
   1167.81812    0.9846100      54.58
   1167.81958    0.9845200      54.58
   1167.82117    0.9838300      54.54
   1167.82275    0.9826300      54.47
   1167.82434    0.9814100      54.40
   1167.82593    0.9807000      54.37
   1167.82751    0.9807200      54.37
   1167.82910    0.9813100      54.40
   1167.83069    0.9822500      54.45
   1167.83228    0.9834800      54.52
   1167.83386    0.9850000      54.60
   1167.83533    0.9866900      54.70
   1167.83691    0.9882800      54.78
   1167.83850    0.9895400      54.85
   1167.84009    0.9905100      54.91
   1167.84167    0.9914000      54.96
   1167.84326    0.9923500      55.01
   1167.84485    0.9931900      55.06
   1167.84644    0.9936800      55.08
   1167.84802    0.9938000      55.09
   1167.84961    0.9937700      55.09
   1167.85107    0.9937600      55.09
   1167.85266    0.9937400      55.09
   1167.85425    0.9936600      55.08
   1167.85583    0.9936200      55.08
   1167.85742    0.9937200      55.08
   1167.85901    0.9939200      55.09
   1167.86060    0.9940600      55.10
   1167.86218    0.9940600      55.10
   1167.86377    0.9939700      55.10
   1167.86536    0.9939100      55.09
   1167.86682    0.9938900      55.09
   1167.86841    0.9938900      55.09
   1167.87000    0.9939200      55.09
   1167.87158    0.9939000      55.09
   1167.87317    0.9937300      55.08
   1167.87476    0.9934000      55.06
   1167.87634    0.9930200      55.04
   1167.87793    0.9926700      55.02
   1167.87952    0.9923000      55.00
   1167.88110    0.9917900      54.97
   1167.88257    0.9911800      54.94
   1167.88416    0.9905600      54.91
   1167.88574    0.9899200      54.87
   1167.88733    0.9891400      54.83
   1167.88892    0.9881400      54.77
   1167.89050    0.9871700      54.72
   1167.89209    0.9865300      54.68
   1167.89368    0.9863900      54.67
   1167.89526    0.9866400      54.69
   1167.89685    0.9870800      54.71
   1167.89844    0.9875900      54.74
   1167.89990    0.9880300      54.76
   1167.90149    0.9883300      54.78
   1167.90308    0.9885300      54.79
   1167.90466    0.9887100      54.80
   1167.90625    0.9888500      54.81
   1167.90784    0.9887400      54.80
   1167.90942    0.9882600      54.78
   1167.91101    0.9874900      54.73
   1167.91260    0.9866000      54.68
   1167.91418    0.9857400      54.64
   1167.91565    0.9850900      54.60
   1167.91724    0.9849300      54.59
   1167.91882    0.9853000      54.61
   1167.92041    0.9857900      54.64
   1167.92200    0.9859600      54.65
   1167.92358    0.9858700      54.64
   1167.92517    0.9859000      54.64
   1167.92676    0.9859800      54.65
   1167.92834    0.9855200      54.62
   1167.92993    0.9843100      54.55
   1167.93140    0.9829200      54.48
   1167.93298    0.9818200      54.42
   1167.93457    0.9804000      54.34
   1167.93616    0.9776000      54.18
   1167.93774    0.9732700      53.94
   1167.93933    0.9682700      53.67
   1167.94092    0.9632300      53.39
   1167.94250    0.9577100      53.08
   1167.94409    0.9506200      52.69
   1167.94568    0.9406000      52.13
   1167.94714    0.9262000      51.33
   1167.94873    0.9070200      50.27
   1167.95032    0.8861400      49.11
   1167.95190    0.8704800      48.24
   1167.95349    0.8669300      48.05
   1167.95508    0.8769200      48.60
   1167.95667    0.8953200      49.62
   1167.95825    0.9148500      50.70
   1167.95984    0.9311600      51.61
   1167.96143    0.9437300      52.30
   1167.96289    0.9534800      52.84
   1167.96448    0.9608100      53.25
   1167.96606    0.9659100      53.53
   1167.96765    0.9693400      53.72
   1167.96924    0.9718100      53.86
   1167.97083    0.9736000      53.96
   1167.97241    0.9748000      54.02
   1167.97400    0.9756600      54.07
   1167.97559    0.9764200      54.11
   1167.97717    0.9770600      54.15
   1167.97876    0.9773500      54.16
   1167.98022    0.9773200      54.16
   1167.98181    0.9771700      54.15
   1167.98340    0.9770500      54.15
   1167.98499    0.9768300      54.14
   1167.98657    0.9763100      54.11
   1167.98816    0.9754500      54.06
   1167.98975    0.9743000      53.99
   1167.99133    0.9729500      53.92
   1167.99292    0.9713000      53.83
   1167.99451    0.9692900      53.72
   1167.99597    0.9670300      53.59
   1167.99756    0.9648100      53.47
   1167.99915    0.9627200      53.35
   1168.00073    0.9604900      53.23
   1168.00232    0.9577800      53.08
   1168.00391    0.9546900      52.91
   1168.00549    0.9514300      52.73
   1168.00708    0.9477900      52.52
   1168.00867    0.9430900      52.26
   1168.01025    0.9368800      51.92
   1168.01172    0.9289300      51.48
   1168.01331    0.9187200      50.91
   1168.01489    0.9052200      50.16
   1168.01648    0.8874900      49.18
   1168.01807    0.8642900      47.90
   1168.01965    0.8329900      46.16
   1168.02124    0.7911500      43.84
   1168.02283    0.7421300      41.13
   1168.02441    0.6988000      38.72
   1168.02600    0.6778400      37.56
   1168.02759    0.6868300      38.06
   1168.02905    0.7172800      39.75
   1168.03064    0.7516000      41.65
   1168.03223    0.7766600      43.04
   1168.03381    0.7892400      43.74
   1168.03540    0.7906600      43.81
   1168.03699    0.7805800      43.25
   1168.03857    0.7575000      41.98
   1168.04016    0.7214000      39.98
   1168.04175    0.6722800      37.25
   1168.04333    0.6084200      33.71
   1168.04480    0.5317000      29.46
   1168.04639    0.4561600      25.28
   1168.04797    0.4065300      22.53
   1168.04956    0.4030500      22.33
   1168.05115    0.4463000      24.73
   1168.05273    0.5175900      28.68
   1168.05432    0.5935700      32.89
   1168.05591    0.6596100      36.55
   1168.05750    0.7117900      39.44
   1168.05908    0.7511400      41.62
   1168.06067    0.7793700      43.19
   1168.06213    0.7983100      44.24
   1168.06372    0.8101200      44.89
   1168.06531    0.8163300      45.23
   1168.06689    0.8173900      45.29
   1168.06848    0.8135100      45.08
   1168.07007    0.8052100      44.62
   1168.07166    0.7928000      43.93
   1168.07324    0.7759000      42.99
   1168.07483    0.7537300      41.76
   1168.07642    0.7255500      40.20
   1168.07788    0.6906100      38.27
   1168.07947    0.6479400      35.90
   1168.08105    0.5967100      33.06
   1168.08264    0.5369100      29.75
   1168.08423    0.4698400      26.03
   1168.08582    0.3988200      22.10
   1168.08740    0.3300100      18.29
   1168.08899    0.2722100      15.08
   1168.09058    0.2347500      13.01
   1168.09216    0.2241500      12.42
   1168.09375    0.2418700      13.40
   1168.09521    0.2841100      15.74
   1168.09680    0.3435900      19.04
   1168.09839    0.4119600      22.83
   1168.09998    0.4819200      26.70
