   1192.00037    0.9793500      52.00
   1192.00195    0.9782100      51.94
   1192.00366    0.9776500      51.91
   1192.00525    0.9775500      51.90
   1192.00696    0.9774700      51.90
   1192.00854    0.9772600      51.89
   1192.01013    0.9772600      51.89
   1192.01184    0.9777600      51.91
   1192.01343    0.9786000      51.96
   1192.01514    0.9793600      52.00
   1192.01672    0.9799500      52.03
   1192.01843    0.9806500      52.07
   1192.02002    0.9818100      52.13
   1192.02161    0.9833200      52.21
   1192.02332    0.9847700      52.28
   1192.02490    0.9858500      52.34
   1192.02661    0.9866900      52.39
   1192.02820    0.9876200      52.43
   1192.02991    0.9887400      52.49
   1192.03149    0.9898200      52.55
   1192.03320    0.9906800      52.60
   1192.03479    0.9914100      52.64
   1192.03638    0.9922300      52.68
   1192.03809    0.9930700      52.72
   1192.03967    0.9937600      52.76
   1192.04138    0.9943000      52.79
   1192.04297    0.9948200      52.82
   1192.04468    0.9952300      52.84
   1192.04626    0.9953400      52.84
   1192.04785    0.9953000      52.84
   1192.04956    0.9955600      52.85
   1192.05115    0.9961900      52.89
   1192.05286    0.9966800      52.91
   1192.05444    0.9966000      52.91
   1192.05615    0.9963100      52.89
   1192.05774    0.9964200      52.90
   1192.05945    0.9968900      52.92
   1192.06104    0.9971000      52.94
   1192.06262    0.9968900      52.92
   1192.06433    0.9968100      52.92
   1192.06592    0.9972100      52.94
   1192.06763    0.9976000      52.96
   1192.06921    0.9973900      52.95
   1192.07092    0.9968100      52.92
   1192.07251    0.9965700      52.91
   1192.07422    0.9968200      52.92
   1192.07581    0.9970000      52.93
   1192.07739    0.9967900      52.92
   1192.07910    0.9965900      52.91
   1192.08069    0.9968700      52.92
   1192.08240    0.9974200      52.95
   1192.08398    0.9976400      52.96
   1192.08569    0.9974000      52.95
   1192.08728    0.9971200      52.93
   1192.08899    0.9972000      52.94
   1192.09058    0.9975300      52.96
   1192.09216    0.9977400      52.97
   1192.09387    0.9976700      52.96
   1192.09546    0.9974500      52.95
   1192.09717    0.9973500      52.94
   1192.09875    0.9974300      52.95
   1192.10046    0.9975300      52.95
   1192.10205    0.9974800      52.95
   1192.10364    0.9973100      52.94
   1192.10535    0.9972300      52.94
   1192.10693    0.9973000      52.94
   1192.10864    0.9973100      52.94
   1192.11023    0.9970100      52.93
   1192.11194    0.9964400      52.90
   1192.11353    0.9958500      52.86
   1192.11523    0.9952600      52.83
   1192.11682    0.9943100      52.78
   1192.11841    0.9926000      52.69
   1192.12012    0.9901200      52.56
   1192.12170    0.9872000      52.40
   1192.12341    0.9840400      52.24
   1192.12500    0.9804700      52.05
   1192.12671    0.9762500      51.82
   1192.12830    0.9714500      51.57
   1192.13000    0.9666200      51.31
   1192.13159    0.9623900      51.09
   1192.13318    0.9591400      50.91
   1192.13489    0.9569700      50.80
   1192.13647    0.9560200      50.75
   1192.13818    0.9565900      50.78
   1192.13977    0.9587600      50.89
   1192.14148    0.9621500      51.07
   1192.14307    0.9661300      51.28
   1192.14478    0.9703600      51.51
   1192.14636    0.9748800      51.75
   1192.14795    0.9796900      52.00
   1192.14966    0.9842700      52.25
   1192.15125    0.9879400      52.44
   1192.15295    0.9904300      52.57
   1192.15454    0.9921400      52.66
   1192.15625    0.9936000      52.74
   1192.15784    0.9949800      52.81
   1192.15955    0.9960700      52.87
   1192.16113    0.9966800      52.90
   1192.16272    0.9968800      52.91
   1192.16443    0.9969100      52.92
   1192.16602    0.9969200      52.92
   1192.16772    0.9968900      52.91
   1192.16931    0.9967600      52.91
   1192.17102    0.9966100      52.90
   1192.17261    0.9965600      52.90
   1192.17419    0.9966000      52.90
   1192.17590    0.9966300      52.90
   1192.17749    0.9966300      52.90
   1192.17920    0.9966900      52.90
   1192.18079    0.9967900      52.91
   1192.18250    0.9967500      52.91
   1192.18408    0.9964700      52.89
   1192.18579    0.9961500      52.87
   1192.18738    0.9960000      52.86
   1192.18896    0.9959700      52.86
   1192.19067    0.9957900      52.85
   1192.19226    0.9954200      52.83
   1192.19397    0.9950900      52.82
   1192.19556    0.9948600      52.80
   1192.19727    0.9945800      52.79
   1192.19885    0.9941300      52.76
   1192.20056    0.9937200      52.74
   1192.20215    0.9934800      52.73
   1192.20374    0.9931500      52.71
   1192.20544    0.9924100      52.67
   1192.20703    0.9914000      52.62
   1192.20874    0.9905000      52.57
   1192.21033    0.9897100      52.53
   1192.21204    0.9885200      52.47
   1192.21362    0.9866400      52.37
   1192.21533    0.9843600      52.24
   1192.21692    0.9819400      52.12
   1192.21851    0.9790800      51.96
   1192.22021    0.9751700      51.76
   1192.22180    0.9697800      51.47
   1192.22351    0.9625700      51.09
   1192.22510    0.9530100      50.58
   1192.22681    0.9412700      49.96
   1192.22839    0.9295600      49.33
   1192.23010    0.9218900      48.93
   1192.23169    0.9215600      48.91
   1192.23328    0.9285300      49.28
   1192.23499    0.9394000      49.86
   1192.23657    0.9500100      50.42
   1192.23828    0.9580700      50.85
   1192.23987    0.9636400      51.14
   1192.24158    0.9677600      51.36
   1192.24316    0.9710300      51.53
   1192.24487    0.9733800      51.66
   1192.24646    0.9745200      51.72
   1192.24805    0.9744500      51.72
   1192.24976    0.9734200      51.66
   1192.25134    0.9716600      51.57
   1192.25305    0.9692200      51.44
   1192.25464    0.9661400      51.27
   1192.25635    0.9624400      51.08
   1192.25793    0.9579200      50.84
   1192.25964    0.9521400      50.53
   1192.26123    0.9446500      50.13
   1192.26282    0.9354100      49.64
   1192.26453    0.9247200      49.07
   1192.26611    0.9127400      48.44
   1192.26782    0.8995400      47.74
   1192.26941    0.8859500      47.02
   1192.27112    0.8743600      46.40
   1192.27271    0.8680400      46.07
   1192.27441    0.8691300      46.12
   1192.27600    0.8771100      46.55
   1192.27759    0.8892800      47.19
   1192.27930    0.9027300      47.91
   1192.28088    0.9157600      48.60
   1192.28259    0.9277400      49.23
   1192.28418    0.9382900      49.79
   1192.28589    0.9470300      50.26
   1192.28748    0.9539800      50.63
   1192.28918    0.9595300      50.92
   1192.29077    0.9639800      51.16
   1192.29236    0.9673300      51.33
   1192.29407    0.9695000      51.45
   1192.29565    0.9707000      51.51
   1192.29736    0.9711000      51.53
   1192.29895    0.9704900      51.50
   1192.30066    0.9684900      51.39
   1192.30225    0.9650300      51.21
   1192.30396    0.9603200      50.96
   1192.30554    0.9542200      50.64
   1192.30713    0.9461900      50.21
   1192.30884    0.9360400      49.67
   1192.31042    0.9245000      49.06
   1192.31213    0.9126200      48.43
   1192.31372    0.9009700      47.81
   1192.31543    0.8897500      47.21
   1192.31702    0.8797800      46.69
   1192.31873    0.8726500      46.31
   1192.32031    0.8697400      46.15
   1192.32190    0.8711900      46.23
   1192.32361    0.8763200      46.50
   1192.32520    0.8845600      46.94
   1192.32690    0.8955500      47.52
   1192.32849    0.9084500      48.21
   1192.33020    0.9217800      48.91
   1192.33179    0.9342000      49.57
   1192.33350    0.9452500      50.16
   1192.33508    0.9550300      50.68
   1192.33679    0.9635400      51.13
   1192.33838    0.9705200      51.50
   1192.33997    0.9759200      51.79
   1192.34167    0.9800400      52.00
   1192.34326    0.9832500      52.17
   1192.34497    0.9857500      52.31
   1192.34656    0.9876300      52.41
   1192.34827    0.9890800      52.48
   1192.34985    0.9901900      52.54
   1192.35156    0.9909300      52.58
   1192.35315    0.9912700      52.60
   1192.35474    0.9913100      52.60
   1192.35645    0.9910900      52.59
   1192.35803    0.9905100      52.56
   1192.35974    0.9895400      52.51
   1192.36133    0.9884600      52.45
   1192.36304    0.9876600      52.41
   1192.36462    0.9872700      52.39
   1192.36633    0.9870800      52.37
   1192.36792    0.9869000      52.37
   1192.36951    0.9868300      52.36
   1192.37122    0.9870100      52.37
   1192.37280    0.9873400      52.39
   1192.37451    0.9875900      52.40
   1192.37610    0.9877500      52.41
   1192.37781    0.9881200      52.43
   1192.37939    0.9889800      52.47
   1192.38110    0.9900700      52.53
   1192.38269    0.9908300      52.57
   1192.38428    0.9909700      52.58
   1192.38599    0.9908600      52.57
   1192.38757    0.9910700      52.58
   1192.38928    0.9916800      52.62
   1192.39087    0.9922200      52.65
   1192.39258    0.9923200      52.65
   1192.39417    0.9921100      52.64
   1192.39587    0.9919900      52.63
   1192.39746    0.9920500      52.64
   1192.39917    0.9921000      52.64
   1192.40076    0.9920400      52.63
   1192.40234    0.9919600      52.63
   1192.40405    0.9919400      52.63
   1192.40564    0.9918300      52.62
   1192.40735    0.9915700      52.61
   1192.40894    0.9912400      52.59
   1192.41064    0.9909100      52.57
   1192.41223    0.9905000      52.55
   1192.41394    0.9899800      52.52
   1192.41553    0.9895400      52.50
   1192.41711    0.9893100      52.49
   1192.41882    0.9890100      52.47
   1192.42041    0.9882300      52.43
   1192.42212    0.9870200      52.37
   1192.42371    0.9858300      52.30
   1192.42542    0.9849000      52.25
   1192.42700    0.9839100      52.20
   1192.42871    0.9824100      52.12
   1192.43030    0.9803800      52.01
   1192.43188    0.9781800      51.90
   1192.43359    0.9760300      51.78
   1192.43518    0.9737800      51.66
   1192.43689    0.9711800      51.52
   1192.43848    0.9681300      51.36
   1192.44019    0.9646600      51.18
   1192.44177    0.9608200      50.97
   1192.44348    0.9566500      50.75
   1192.44507    0.9521400      50.51
   1192.44678    0.9472600      50.25
   1192.44836    0.9419200      49.97
   1192.44995    0.9360000      49.66
   1192.45166    0.9292500      49.30
   1192.45325    0.9212900      48.88
   1192.45496    0.9116400      48.36
   1192.45654    0.8999300      47.74
   1192.45825    0.8858900      47.00
   1192.45984    0.8691700      46.11
   1192.46155    0.8492200      45.05
   1192.46313    0.8256900      43.80
   1192.46472    0.7993800      42.41
   1192.46643    0.7732800      41.02
   1192.46802    0.7524900      39.92
   1192.46973    0.7423800      39.38
   1192.47131    0.7457900      39.56
   1192.47302    0.7614000      40.39
   1192.47461    0.7847200      41.63
   1192.47632    0.8107400      43.01
   1192.47791    0.8360700      44.35
   1192.47961    0.8590400      45.57
   1192.48120    0.8790100      46.63
   1192.48279    0.8958500      47.52
   1192.48450    0.9098800      48.27
   1192.48608    0.9215700      48.89
   1192.48779    0.9311900      49.40
   1192.48938    0.9389200      49.81
   1192.49109    0.9452100      50.14
   1192.49268    0.9507200      50.43
   1192.49438    0.9557100      50.70
   1192.49597    0.9598300      50.92
   1192.49756    0.9628100      51.08
   1192.49927    0.9650200      51.19
   1192.50085    0.9671900      51.31
   1192.50256    0.9695100      51.43
   1192.50415    0.9716900      51.55
   1192.50586    0.9736100      51.65
   1192.50745    0.9755800      51.75
   1192.50916    0.9778400      51.87
   1192.51074    0.9800500      51.99
   1192.51245    0.9817100      52.08
   1192.51404    0.9827500      52.13
   1192.51562    0.9835500      52.17
   1192.51733    0.9844300      52.22
   1192.51892    0.9854200      52.27
   1192.52063    0.9864500      52.33
   1192.52222    0.9874200      52.38
   1192.52393    0.9882000      52.42
   1192.52551    0.9886300      52.44
   1192.52722    0.9888300      52.45
   1192.52881    0.9891200      52.47
   1192.53040    0.9896100      52.49
   1192.53210    0.9900200      52.52
   1192.53369    0.9901100      52.52
   1192.53540    0.9899800      52.51
   1192.53699    0.9899800      52.51
   1192.53870    0.9901300      52.52
   1192.54028    0.9902400      52.53
   1192.54199    0.9902400      52.53
   1192.54358    0.9903000      52.53
   1192.54529    0.9904700      52.54
   1192.54688    0.9905600      52.54
   1192.54846    0.9904600      52.54
   1192.55017    0.9903800      52.53
   1192.55176    0.9906200      52.55
   1192.55347    0.9911300      52.57
   1192.55505    0.9916800      52.60
   1192.55676    0.9921000      52.62
   1192.55835    0.9923500      52.64
   1192.56006    0.9924500      52.64
   1192.56165    0.9923800      52.64
   1192.56323    0.9922800      52.63
   1192.56494    0.9922700      52.63
   1192.56653    0.9921900      52.63
   1192.56824    0.9917700      52.60
   1192.56982    0.9909500      52.56
   1192.57153    0.9900200      52.51
   1192.57312    0.9891800      52.47
   1192.57483    0.9883200      52.42
   1192.57642    0.9872500      52.36
   1192.57812    0.9861600      52.31
   1192.57971    0.9855600      52.27
   1192.58130    0.9857400      52.28
   1192.58301    0.9865400      52.33
   1192.58459    0.9875900      52.38
   1192.58630    0.9886100      52.44
   1192.58789    0.9894700      52.48
   1192.58960    0.9901000      52.51
   1192.59119    0.9904700      52.53
   1192.59290    0.9906000      52.54
   1192.59448    0.9904900      52.53
   1192.59619    0.9900300      52.51
   1192.59778    0.9890400      52.46
   1192.59937    0.9873300      52.37
   1192.60107    0.9847600      52.23
   1192.60266    0.9812800      52.05
   1192.60437    0.9769400      51.82
   1192.60596    0.9718500      51.54
   1192.60767    0.9661000      51.24
   1192.60925    0.9598400      50.91
   1192.61096    0.9535900      50.58
   1192.61255    0.9480800      50.28
   1192.61426    0.9439700      50.07
   1192.61584    0.9414000      49.93
   1192.61743    0.9403300      49.87
   1192.61914    0.9408500      49.90
   1192.62073    0.9432000      50.02
   1192.62244    0.9472400      50.24
   1192.62402    0.9523000      50.51
   1192.62573    0.9575300      50.78
   1192.62732    0.9625000      51.05
   1192.62903    0.9671300      51.29
   1192.63062    0.9713400      51.52
   1192.63232    0.9748500      51.70
   1192.63391    0.9775000      51.84
   1192.63550    0.9793300      51.94
   1192.63721    0.9805300      52.00
   1192.63879    0.9813200      52.04
   1192.64050    0.9819400      52.08
   1192.64209    0.9827700      52.12
   1192.64380    0.9840000      52.19
   1192.64539    0.9855000      52.27
   1192.64709    0.9869100      52.34
   1192.64868    0.9880600      52.40
   1192.65027    0.9891000      52.46
   1192.65198    0.9902200      52.51
   1192.65356    0.9913300      52.57
   1192.65527    0.9922000      52.62
   1192.65686    0.9927900      52.65
   1192.65857    0.9933200      52.68
   1192.66016    0.9939300      52.71
   1192.66187    0.9945300      52.74
   1192.66345    0.9949000      52.76
   1192.66516    0.9950200      52.77
   1192.66675    0.9949500      52.76
   1192.66833    0.9946800      52.75
   1192.67004    0.9941100      52.72
   1192.67163    0.9933600      52.68
   1192.67334    0.9927000      52.64
   1192.67493    0.9923300      52.62
   1192.67664    0.9921400      52.61
   1192.67822    0.9919900      52.61
   1192.67993    0.9919100      52.60
   1192.68152    0.9920100      52.61
   1192.68323    0.9922000      52.62
   1192.68481    0.9922300      52.62
   1192.68640    0.9920100      52.61
   1192.68811    0.9917900      52.59
   1192.68970    0.9918200      52.60
   1192.69141    0.9921100      52.61
   1192.69299    0.9924800      52.63
   1192.69470    0.9928600      52.65
   1192.69629    0.9932900      52.67
   1192.69800    0.9936900      52.69
   1192.69958    0.9938600      52.70
   1192.70129    0.9936900      52.69
   1192.70288    0.9933400      52.68
   1192.70447    0.9931700      52.67
   1192.70618    0.9932900      52.67
   1192.70776    0.9934700      52.68
   1192.70947    0.9932800      52.67
   1192.71106    0.9925900      52.64
   1192.71277    0.9917700      52.59
   1192.71436    0.9913200      52.57
   1192.71606    0.9913500      52.57
   1192.71765    0.9914700      52.58
   1192.71936    0.9913100      52.57
   1192.72095    0.9909900      52.55
   1192.72253    0.9909800      52.55
   1192.72424    0.9914200      52.57
   1192.72583    0.9918800      52.60
   1192.72754    0.9920100      52.60
   1192.72913    0.9919700      52.60
   1192.73083    0.9921800      52.61
   1192.73242    0.9926100      52.63
   1192.73413    0.9928800      52.65
   1192.73572    0.9929200      52.65
   1192.73743    0.9931700      52.66
   1192.73901    0.9938900      52.70
   1192.74072    0.9946900      52.74
   1192.74231    0.9949900      52.76
   1192.74390    0.9948200      52.75
   1192.74561    0.9947800      52.75
   1192.74719    0.9951500      52.77
   1192.74890    0.9955800      52.79
   1192.75049    0.9956200      52.79
   1192.75220    0.9954000      52.78
   1192.75378    0.9953800      52.78
   1192.75549    0.9956600      52.79
   1192.75708    0.9958900      52.81
   1192.75879    0.9958000      52.80
   1192.76038    0.9955700      52.79
   1192.76196    0.9954800      52.78
   1192.76367    0.9954900      52.78
   1192.76526    0.9953700      52.78
   1192.76697    0.9949700      52.76
   1192.76855    0.9943600      52.72
   1192.77026    0.9936400      52.69
   1192.77185    0.9928500      52.64
   1192.77356    0.9920400      52.60
   1192.77515    0.9912200      52.56
   1192.77686    0.9903200      52.51
   1192.77844    0.9892500      52.45
   1192.78003    0.9880900      52.39
   1192.78174    0.9870600      52.34
   1192.78333    0.9862300      52.29
   1192.78503    0.9855700      52.26
   1192.78662    0.9850600      52.23
   1192.78833    0.9848600      52.22
   1192.78992    0.9851100      52.23
   1192.79163    0.9857200      52.26
   1192.79321    0.9864800      52.30
   1192.79492    0.9872200      52.34
   1192.79651    0.9878400      52.38
   1192.79810    0.9882700      52.40
   1192.79980    0.9886400      52.42
   1192.80139    0.9891700      52.45
   1192.80310    0.9899400      52.49
   1192.80469    0.9906900      52.53
   1192.80640    0.9910500      52.54
   1192.80798    0.9910200      52.54
   1192.80969    0.9908700      52.53
   1192.81128    0.9908200      52.53
   1192.81299    0.9908200      52.53
   1192.81458    0.9907800      52.53
   1192.81616    0.9907200      52.53
   1192.81787    0.9906400      52.52
   1192.81946    0.9903700      52.51
   1192.82117    0.9898800      52.48
   1192.82275    0.9893700      52.45
   1192.82446    0.9890000      52.43
   1192.82605    0.9885400      52.41
   1192.82776    0.9876900      52.36
   1192.82935    0.9865400      52.30
   1192.83105    0.9855700      52.25
   1192.83264    0.9849700      52.22
   1192.83435    0.9844500      52.19
   1192.83594    0.9837400      52.15
   1192.83752    0.9830500      52.12
   1192.83923    0.9827300      52.10
   1192.84082    0.9827300      52.10
   1192.84253    0.9826800      52.10
   1192.84412    0.9823900      52.08
   1192.84583    0.9821300      52.07
   1192.84741    0.9821700      52.07
   1192.84912    0.9823900      52.08
   1192.85071    0.9823500      52.08
   1192.85242    0.9818100      52.05
   1192.85400    0.9809200      52.00
   1192.85559    0.9800900      51.96
   1192.85730    0.9795200      51.93
   1192.85889    0.9789900      51.90
   1192.86060    0.9780300      51.85
   1192.86218    0.9764000      51.76
   1192.86389    0.9741800      51.64
   1192.86548    0.9715000      51.50
   1192.86719    0.9682300      51.33
   1192.86877    0.9640800      51.11
   1192.87048    0.9588000      50.83
   1192.87207    0.9523000      50.48
   1192.87378    0.9443500      50.06
   1192.87537    0.9344800      49.54
   1192.87695    0.9223100      48.89
   1192.87866    0.9077900      48.12
   1192.88025    0.8914900      47.26
   1192.88196    0.8750200      46.39
   1192.88354    0.8613700      45.66
   1192.88525    0.8542300      45.28
   1192.88684    0.8559500      45.38
   1192.88855    0.8657700      45.90
   1192.89014    0.8802400      46.66
   1192.89185    0.8955500      47.47
   1192.89343    0.9096000      48.22
   1192.89514    0.9218800      48.87
   1192.89673    0.9322200      49.42
   1192.89832    0.9401800      49.84
   1192.90002    0.9457100      50.13
   1192.90161    0.9494800      50.33
   1192.90332    0.9522000      50.48
   1192.90491    0.9537500      50.56
   1192.90662    0.9535200      50.55
   1192.90820    0.9512800      50.43
   1192.90991    0.9475500      50.23
   1192.91150    0.9430700      49.99
   1192.91321    0.9386300      49.76
   1192.91479    0.9353700      49.58
   1192.91638    0.9347900      49.55
   1192.91809    0.9376800      49.71
   1192.91968    0.9431800      50.00
   1192.92139    0.9494000      50.33
   1192.92297    0.9549800      50.62
   1192.92468    0.9597700      50.88
   1192.92627    0.9640000      51.10
   1192.92798    0.9674500      51.28
   1192.92957    0.9697800      51.41
   1192.93127    0.9712900      51.49
   1192.93286    0.9726800      51.56
   1192.93457    0.9742700      51.64
   1192.93616    0.9757800      51.72
   1192.93774    0.9770400      51.79
   1192.93945    0.9783100      51.86
   1192.94104    0.9797100      51.93
   1192.94275    0.9809200      52.00
   1192.94434    0.9817000      52.04
   1192.94604    0.9823600      52.07
   1192.94763    0.9833500      52.12
   1192.94934    0.9845600      52.19
   1192.95093    0.9854700      52.24
   1192.95264    0.9859400      52.26
   1192.95422    0.9863600      52.28
   1192.95593    0.9869900      52.32
   1192.95752    0.9876300      52.35
   1192.95911    0.9879900      52.37
   1192.96082    0.9881200      52.37
   1192.96240    0.9882600      52.38
   1192.96411    0.9884900      52.39
   1192.96570    0.9887200      52.41
   1192.96741    0.9889900      52.42
   1192.96899    0.9892700      52.44
   1192.97070    0.9893600      52.44
   1192.97229    0.9891400      52.43
   1192.97400    0.9888800      52.41
   1192.97559    0.9889300      52.42
   1192.97729    0.9892700      52.43
   1192.97888    0.9895200      52.45
   1192.98047    0.9895100      52.45
   1192.98218    0.9894300      52.44
   1192.98376    0.9894400      52.44
   1192.98547    0.9894000      52.44
   1192.98706    0.9892000      52.43
   1192.98877    0.9889400      52.42
   1192.99036    0.9887500      52.41
   1192.99207    0.9884900      52.39
   1192.99365    0.9880000      52.37
   1192.99536    0.9874900      52.34
   1192.99695    0.9872300      52.32
   1192.99854    0.9871700      52.32
   1193.00024    0.9870200      52.31
   1193.00183    0.9867900      52.30
   1193.00354    0.9867600      52.30
   1193.00513    0.9869500      52.31
   1193.00684    0.9870000      52.31
   1193.00842    0.9866400      52.29
   1193.01013    0.9860900      52.26
   1193.01172    0.9857700      52.25
   1193.01343    0.9857100      52.24
   1193.01501    0.9855500      52.23
   1193.01672    0.9850300      52.21
   1193.01831    0.9842500      52.16
   1193.02002    0.9834100      52.12
   1193.02161    0.9826800      52.08
   1193.02319    0.9822100      52.06
   1193.02490    0.9820500      52.05
   1193.02649    0.9819800      52.04
   1193.02820    0.9816000      52.02
   1193.02979    0.9807000      51.98
   1193.03149    0.9794800      51.91
   1193.03308    0.9782500      51.85
   1193.03479    0.9770100      51.78
   1193.03638    0.9754400      51.70
   1193.03809    0.9733600      51.59
   1193.03967    0.9708400      51.45
   1193.04138    0.9681100      51.31
   1193.04297    0.9653100      51.16
   1193.04456    0.9626100      51.02
   1193.04626    0.9602100      50.89
   1193.04785    0.9582300      50.78
   1193.04956    0.9566200      50.70
   1193.05115    0.9553700      50.63
   1193.05286    0.9546200      50.59
   1193.05444    0.9545200      50.59
   1193.05615    0.9549200      50.61
   1193.05774    0.9553500      50.63
   1193.05945    0.9555500      50.64
   1193.06104    0.9557000      50.65
   1193.06274    0.9561800      50.67
   1193.06433    0.9570600      50.72
   1193.06592    0.9580000      50.77
   1193.06763    0.9586000      50.80
   1193.06921    0.9587700      50.81
   1193.07092    0.9586700      50.80
   1193.07251    0.9584100      50.79
   1193.07422    0.9578600      50.76
   1193.07581    0.9568000      50.70
   1193.07751    0.9551000      50.61
   1193.07910    0.9528500      50.49
   1193.08081    0.9502800      50.36
   1193.08240    0.9474300      50.21
   1193.08411    0.9441800      50.04
   1193.08569    0.9404700      49.84
   1193.08728    0.9367200      49.64
   1193.08899    0.9336800      49.48
   1193.09058    0.9317400      49.38
   1193.09229    0.9306400      49.32
   1193.09387    0.9296700      49.27
   1193.09558    0.9283100      49.19
   1193.09717    0.9263400      49.09
   1193.09888    0.9236900      48.95
   1193.10046    0.9203700      48.77
   1193.10217    0.9166000      48.57
   1193.10376    0.9126000      48.36
   1193.10547    0.9082500      48.13
   1193.10706    0.9031700      47.86
   1193.10876    0.8973000      47.55
   1193.11035    0.8910800      47.22
   1193.11194    0.8848900      46.89
   1193.11365    0.8785500      46.55
   1193.11523    0.8716900      46.19
   1193.11694    0.8642300      45.80
   1193.11853    0.8562200      45.37
   1193.12024    0.8473000      44.90
   1193.12183    0.8369400      44.35
   1193.12354    0.8251200      43.72
   1193.12512    0.8123100      43.04
   1193.12683    0.7985600      42.32
   1193.12842    0.7831400      41.50
   1193.13013    0.7653200      40.55
   1193.13171    0.7450800      39.48
   1193.13330    0.7226200      38.29
   1193.13501    0.6975500      36.96
   1193.13660    0.6689800      35.45
   1193.13831    0.6364900      33.73
   1193.13989    0.6002600      31.81
   1193.14160    0.5602700      29.69
   1193.14319    0.5159800      27.34
   1193.14490    0.4670400      24.75
   1193.14648    0.4141000      21.94
   1193.14819    0.3585300      19.00
   1193.14978    0.3019900      16.00
   1193.15149    0.2465800      13.07
   1193.15308    0.1951500      10.34
   1193.15479    0.1507800       7.99
   1193.15637    0.1158000       6.14
   1193.15796    0.0915900       4.85
   1193.15967    0.0791400       4.19
   1193.16125    0.0791400       4.19
   1193.16296    0.0913600       4.84
   1193.16455    0.1146400       6.07
   1193.16626    0.1477400       7.83
   1193.16785    0.1898300      10.06
   1193.16956    0.2396500      12.70
   1193.17114    0.2945700      15.61
   1193.17285    0.3510600      18.60
   1193.17444    0.4063100      21.53
   1193.17615    0.4589300      24.32
   1193.17773    0.5081900      26.93
   1193.17932    0.5533800      29.32
   1193.18103    0.5940700      31.48
   1193.18262    0.6305600      33.41
   1193.18433    0.6635000      35.15
   1193.18591    0.6931700      36.73
   1193.18762    0.7195200      38.12
   1193.18921    0.7427900      39.36
   1193.19092    0.7635700      40.46
   1193.19250    0.7822400      41.45
   1193.19421    0.7987600      42.32
   1193.19580    0.8132300      43.09
   1193.19751    0.8261800      43.77
   1193.19910    0.8381100      44.41
   1193.20081    0.8490400      44.98
   1193.20239    0.8587400      45.50
   1193.20398    0.8673100      45.95
   1193.20569    0.8752000      46.37
   1193.20728    0.8826700      46.77
   1193.20898    0.8896200      47.13
   1193.21057    0.8958700      47.46
   1193.21228    0.9014300      47.76
   1193.21387    0.9064700      48.03
   1193.21558    0.9111400      48.27
   1193.21716    0.9156300      48.51
   1193.21887    0.9199900      48.74
   1193.22046    0.9240100      48.95
   1193.22217    0.9274400      49.14
   1193.22375    0.9303800      49.29
   1193.22546    0.9333300      49.45
   1193.22705    0.9365500      49.62
   1193.22864    0.9396700      49.78
   1193.23035    0.9421600      49.92
   1193.23193    0.9440500      50.02
   1193.23364    0.9458300      50.11
   1193.23523    0.9478500      50.22
   1193.23694    0.9499100      50.33
   1193.23853    0.9517700      50.42
   1193.24023    0.9535200      50.52
   1193.24182    0.9553100      50.61
   1193.24353    0.9570400      50.70
   1193.24512    0.9585000      50.78
   1193.24683    0.9597400      50.85
   1193.24841    0.9610000      50.91
   1193.25012    0.9623300      50.98
   1193.25171    0.9635500      51.05
   1193.25330    0.9645300      51.10
   1193.25500    0.9654100      51.14
   1193.25659    0.9663300      51.19
   1193.25830    0.9672300      51.24
   1193.25989    0.9680000      51.28
   1193.26160    0.9686600      51.32
   1193.26318    0.9693100      51.35
   1193.26489    0.9699600      51.38
   1193.26648    0.9705300      51.41
   1193.26819    0.9709600      51.44
   1193.26978    0.9712500      51.45
   1193.27148    0.9713800      51.46
   1193.27307    0.9713800      51.46
   1193.27478    0.9713000      51.45
   1193.27637    0.9711500      51.45
   1193.27795    0.9707900      51.43
   1193.27966    0.9701900      51.40
   1193.28125    0.9696200      51.37
   1193.28296    0.9695600      51.36
   1193.28455    0.9701500      51.39
   1193.28625    0.9710800      51.44
   1193.28784    0.9719300      51.49
   1193.28955    0.9726500      51.53
   1193.29114    0.9734500      51.57
   1193.29285    0.9742900      51.61
   1193.29443    0.9748800      51.64
   1193.29614    0.9750300      51.65
   1193.29773    0.9749400      51.65
   1193.29944    0.9748600      51.64
   1193.30103    0.9747200      51.63
   1193.30273    0.9743000      51.61
   1193.30432    0.9735600      51.57
   1193.30591    0.9728100      51.53
   1193.30762    0.9722600      51.50
   1193.30920    0.9717800      51.48
   1193.31091    0.9710700      51.44
   1193.31250    0.9699500      51.38
   1193.31421    0.9684800      51.30
   1193.31580    0.9668400      51.21
   1193.31750    0.9651500      51.13
   1193.31909    0.9633900      51.03
   1193.32080    0.9613900      50.93
   1193.32239    0.9589300      50.80
   1193.32410    0.9558800      50.63
   1193.32568    0.9523100      50.44
   1193.32739    0.9483600      50.23
   1193.32898    0.9440200      50.00
   1193.33057    0.9390200      49.74
   1193.33228    0.9329700      49.42
   1193.33386    0.9255200      49.02
   1193.33557    0.9164500      48.54
   1193.33716    0.9055300      47.97
   1193.33887    0.8923400      47.27
   1193.34045    0.8762400      46.41
   1193.34216    0.8568400      45.39
   1193.34375    0.8342600      44.19
   1193.34546    0.8091000      42.86
   1193.34705    0.7823200      41.44
   1193.34875    0.7557500      40.03
   1193.35034    0.7329200      38.82
   1193.35205    0.7186900      38.07
   1193.35364    0.7170600      37.98
   1193.35535    0.7285900      38.59
   1193.35693    0.7499600      39.72
   1193.35852    0.7761800      41.11
   1193.36023    0.8031600      42.54
   1193.36182    0.8287200      43.89
   1193.36353    0.8518800      45.12
   1193.36511    0.8720400      46.19
   1193.36682    0.8889700      47.09
   1193.36841    0.9029000      47.82
   1193.37012    0.9144000      48.43
   1193.37170    0.9240400      48.94
   1193.37341    0.9322500      49.38
   1193.37500    0.9393300      49.75
   1193.37671    0.9454900      50.08
   1193.37830    0.9508200      50.36
   1193.38000    0.9554000      50.60
   1193.38159    0.9593100      50.81
   1193.38330    0.9626200      50.99
   1193.38489    0.9653800      51.13
   1193.38647    0.9677500      51.26
   1193.38818    0.9700000      51.38
   1193.38977    0.9722300      51.49
   1193.39148    0.9742600      51.60
   1193.39307    0.9758600      51.69
   1193.39478    0.9770700      51.75
   1193.39636    0.9780800      51.80
   1193.39807    0.9790100      51.85
   1193.39966    0.9798200      51.89
   1193.40137    0.9805200      51.93
   1193.40295    0.9812200      51.97
   1193.40466    0.9819600      52.01
   1193.40625    0.9826000      52.04
   1193.40796    0.9830600      52.07
   1193.40955    0.9834100      52.08
   1193.41125    0.9837100      52.10
   1193.41284    0.9838700      52.11
   1193.41443    0.9838200      52.11
   1193.41614    0.9836600      52.10
   1193.41772    0.9835800      52.09
   1193.41943    0.9835000      52.09
   1193.42102    0.9832700      52.08
   1193.42273    0.9829800      52.06
   1193.42432    0.9829400      52.06
   1193.42603    0.9832900      52.08
   1193.42761    0.9837500      52.10
   1193.42932    0.9840100      52.11
   1193.43091    0.9841800      52.12
   1193.43262    0.9846000      52.14
   1193.43420    0.9853300      52.18
   1193.43591    0.9861300      52.23
   1193.43750    0.9868200      52.26
   1193.43921    0.9874900      52.30
   1193.44080    0.9881800      52.33
   1193.44238    0.9887400      52.36
   1193.44409    0.9890500      52.38
   1193.44568    0.9893200      52.39
   1193.44739    0.9898300      52.42
   1193.44897    0.9905200      52.46
   1193.45068    0.9910400      52.48
   1193.45227    0.9912400      52.49
   1193.45398    0.9913300      52.50
   1193.45557    0.9915600      52.51
   1193.45728    0.9919200      52.53
   1193.45886    0.9921600      52.54
   1193.46057    0.9920500      52.54
   1193.46216    0.9915700      52.51
   1193.46387    0.9910600      52.48
   1193.46545    0.9909600      52.48
   1193.46716    0.9913300      52.50
   1193.46875    0.9916600      52.52
   1193.47034    0.9914000      52.50
   1193.47205    0.9907400      52.47
   1193.47363    0.9904800      52.45
   1193.47534    0.9909600      52.48
   1193.47693    0.9915900      52.51
   1193.47864    0.9916600      52.51
   1193.48022    0.9912500      52.49
   1193.48193    0.9909700      52.48
   1193.48352    0.9909300      52.48
   1193.48523    0.9906700      52.46
   1193.48682    0.9900900      52.43
   1193.48853    0.9897100      52.41
   1193.49011    0.9898200      52.42
   1193.49182    0.9899100      52.42
   1193.49341    0.9895100      52.40
   1193.49512    0.9889900      52.37
   1193.49670    0.9890800      52.38
   1193.49841    0.9896400      52.41
   1193.50000    0.9898900      52.42
   1193.50159    0.9896600      52.41
   1193.50330    0.9897000      52.41
   1193.50488    0.9905500      52.45
   1193.50659    0.9916600      52.51
   1193.50818    0.9921600      52.54
   1193.50989    0.9921500      52.54
   1193.51147    0.9923500      52.55
   1193.51318    0.9929400      52.58
   1193.51477    0.9932800      52.60
   1193.51648    0.9930300      52.58
   1193.51807    0.9927400      52.57
   1193.51978    0.9930700      52.59
   1193.52136    0.9938800      52.63
   1193.52307    0.9944600      52.66
   1193.52466    0.9946200      52.67
   1193.52637    0.9947700      52.67
   1193.52795    0.9952300      52.70
   1193.52966    0.9957100      52.72
   1193.53125    0.9957800      52.73
   1193.53284    0.9954000      52.71
   1193.53455    0.9948700      52.68
   1193.53613    0.9944000      52.65
   1193.53784    0.9939400      52.63
   1193.53943    0.9935100      52.61
   1193.54114    0.9932100      52.59
   1193.54272    0.9931000      52.58
   1193.54443    0.9931400      52.59
   1193.54602    0.9932600      52.59
   1193.54773    0.9935100      52.61
   1193.54932    0.9938900      52.63
   1193.55103    0.9942900      52.65
   1193.55261    0.9946700      52.67
   1193.55432    0.9952300      52.70
   1193.55591    0.9960600      52.74
   1193.55762    0.9968700      52.78
   1193.55920    0.9971700      52.80
   1193.56091    0.9968200      52.78
   1193.56250    0.9962300      52.75
   1193.56409    0.9958800      52.73
   1193.56580    0.9958600      52.73
   1193.56738    0.9960400      52.74
   1193.56909    0.9964000      52.76
   1193.57068    0.9969500      52.79
   1193.57239    0.9973900      52.81
   1193.57397    0.9973200      52.81
   1193.57568    0.9968000      52.78
   1193.57727    0.9963100      52.75
   1193.57898    0.9961800      52.74
   1193.58057    0.9961300      52.74
   1193.58228    0.9958300      52.73
   1193.58386    0.9954400      52.70
   1193.58557    0.9952900      52.70
   1193.58716    0.9952000      52.69
   1193.58887    0.9947500      52.67
   1193.59045    0.9940100      52.63
   1193.59216    0.9936100      52.61
   1193.59375    0.9938100      52.62
   1193.59534    0.9941100      52.63
   1193.59705    0.9939700      52.63
   1193.59863    0.9935800      52.61
   1193.60034    0.9934600      52.60
   1193.60193    0.9937600      52.61
   1193.60364    0.9941500      52.63
   1193.60522    0.9945100      52.65
   1193.60693    0.9950300      52.68
   1193.60852    0.9957300      52.72
   1193.61023    0.9962000      52.74
   1193.61182    0.9961400      52.74
   1193.61353    0.9958000      52.72
   1193.61511    0.9956700      52.71
   1193.61682    0.9959100      52.73
   1193.61841    0.9963000      52.75
   1193.62012    0.9965800      52.76
   1193.62170    0.9967300      52.77
   1193.62341    0.9968200      52.77
   1193.62500    0.9969900      52.78
   1193.62671    0.9973100      52.80
   1193.62830    0.9976400      52.82
   1193.62988    0.9977500      52.82
   1193.63159    0.9976000      52.81
   1193.63318    0.9974100      52.80
   1193.63489    0.9973300      52.80
   1193.63647    0.9972200      52.79
   1193.63818    0.9968900      52.78
   1193.63977    0.9964100      52.75
   1193.64148    0.9960200      52.73
   1193.64307    0.9956900      52.71
   1193.64478    0.9952500      52.69
   1193.64636    0.9947400      52.66
   1193.64807    0.9944200      52.64
   1193.64966    0.9944000      52.64
   1193.65137    0.9944800      52.65
   1193.65295    0.9946100      52.65
   1193.65466    0.9950500      52.68
   1193.65625    0.9959000      52.72
   1193.65796    0.9968000      52.77
   1193.65955    0.9973000      52.80
   1193.66125    0.9974100      52.80
   1193.66284    0.9975400      52.81
   1193.66443    0.9978400      52.82
   1193.66614    0.9980500      52.84
   1193.66772    0.9979800      52.83
   1193.66943    0.9977600      52.82
   1193.67102    0.9976700      52.81
   1193.67273    0.9977300      52.82
   1193.67432    0.9977500      52.82
   1193.67603    0.9976100      52.81
   1193.67761    0.9973400      52.80
   1193.67932    0.9971000      52.78
   1193.68091    0.9969500      52.78
   1193.68262    0.9968000      52.77
   1193.68420    0.9965600      52.75
   1193.68591    0.9962500      52.74
   1193.68750    0.9960200      52.73
   1193.68921    0.9958600      52.72
   1193.69080    0.9954300      52.69
   1193.69250    0.9943600      52.64
   1193.69409    0.9926600      52.55
   1193.69580    0.9906100      52.44
   1193.69739    0.9882100      52.31
   1193.69897    0.9849900      52.14
   1193.70068    0.9805000      51.90
   1193.70227    0.9748000      51.60
   1193.70398    0.9682900      51.26
   1193.70557    0.9613000      50.89
   1193.70728    0.9541600      50.51
   1193.70886    0.9475000      50.16
   1193.71057    0.9420800      49.87
   1193.71216    0.9383300      49.67
   1193.71387    0.9362600      49.56
   1193.71545    0.9358300      49.54
   1193.71716    0.9372800      49.61
   1193.71875    0.9406500      49.79
   1193.72046    0.9453700      50.04
   1193.72205    0.9504800      50.31
   1193.72375    0.9552800      50.57
   1193.72534    0.9595700      50.79
   1193.72705    0.9633400      50.99
   1193.72864    0.9666100      51.17
   1193.73035    0.9695800      51.32
   1193.73193    0.9726400      51.48
   1193.73364    0.9760000      51.66
   1193.73523    0.9793400      51.84
   1193.73682    0.9821700      51.99
   1193.73853    0.9843100      52.10
   1193.74011    0.9861100      52.20
   1193.74182    0.9879100      52.29
   1193.74341    0.9897100      52.39
   1193.74512    0.9912600      52.47
   1193.74670    0.9924600      52.53
   1193.74841    0.9934700      52.59
   1193.75000    0.9943400      52.63
   1193.75171    0.9949700      52.66
   1193.75330    0.9953600      52.68
   1193.75500    0.9956600      52.70
   1193.75659    0.9960700      52.72
   1193.75830    0.9965100      52.75
   1193.75989    0.9967500      52.76
   1193.76160    0.9966700      52.75
   1193.76318    0.9963800      52.74
   1193.76489    0.9960600      52.72
   1193.76648    0.9958400      52.71
   1193.76819    0.9958000      52.71
   1193.76978    0.9959400      52.71
   1193.77148    0.9961400      52.72
   1193.77307    0.9962500      52.73
   1193.77466    0.9962200      52.73
   1193.77637    0.9962000      52.73
   1193.77795    0.9962600      52.73
   1193.77966    0.9962800      52.73
   1193.78125    0.9961700      52.73
   1193.78296    0.9960200      52.72
   1193.78455    0.9959000      52.71
   1193.78625    0.9956900      52.70
   1193.78784    0.9951400      52.67
   1193.78955    0.9943100      52.63
   1193.79114    0.9935200      52.58
   1193.79285    0.9929000      52.55
   1193.79443    0.9922100      52.51
   1193.79614    0.9911600      52.46
   1193.79773    0.9898500      52.39
   1193.79944    0.9885800      52.32
   1193.80103    0.9872700      52.25
   1193.80273    0.9855500      52.16
   1193.80432    0.9831500      52.03
   1193.80603    0.9801600      51.88
   1193.80762    0.9767200      51.69
   1193.80933    0.9726100      51.48
   1193.81091    0.9675300      51.21
   1193.81250    0.9615600      50.89
   1193.81421    0.9553300      50.56
   1193.81580    0.9497900      50.27
   1193.81750    0.9459600      50.06
   1193.81909    0.9448000      50.00
   1193.82080    0.9468000      50.11
   1193.82239    0.9515100      50.36
   1193.82410    0.9576100      50.68
   1193.82568    0.9637600      51.01
   1193.82739    0.9693500      51.30
   1193.82898    0.9743600      51.57
   1193.83069    0.9786600      51.79
   1193.83228    0.9818800      51.96
   1193.83398    0.9839300      52.07
   1193.83557    0.9852600      52.14
   1193.83728    0.9864200      52.20
   1193.83887    0.9876400      52.27
   1193.84058    0.9888800      52.33
   1193.84216    0.9901100      52.40
   1193.84387    0.9913100      52.46
   1193.84546    0.9922400      52.51
   1193.84717    0.9927300      52.54
   1193.84875    0.9929900      52.55
   1193.85046    0.9933900      52.57
   1193.85205    0.9940100      52.60
   1193.85376    0.9945400      52.63
   1193.85535    0.9948700      52.65
   1193.85693    0.9952100      52.67
   1193.85864    0.9957300      52.69
   1193.86023    0.9961500      52.72
   1193.86194    0.9962300      52.72
   1193.86353    0.9961600      52.72
   1193.86523    0.9963300      52.73
   1193.86682    0.9967700      52.75
   1193.86853    0.9971500      52.77
   1193.87012    0.9973600      52.78
   1193.87183    0.9975800      52.79
   1193.87341    0.9978900      52.81
   1193.87512    0.9980500      52.82
   1193.87671    0.9979400      52.81
   1193.87842    0.9976700      52.80
   1193.88000    0.9973900      52.78
   1193.88171    0.9970300      52.76
   1193.88330    0.9966600      52.74
   1193.88501    0.9965900      52.74
   1193.88660    0.9969400      52.76
   1193.88831    0.9972800      52.77
   1193.88989    0.9971400      52.77
   1193.89160    0.9967100      52.74
   1193.89319    0.9966500      52.74
   1193.89490    0.9971300      52.77
   1193.89648    0.9975800      52.79
   1193.89819    0.9974900      52.78
   1193.89978    0.9971100      52.76
   1193.90137    0.9969700      52.76
   1193.90308    0.9970900      52.76
   1193.90466    0.9969800      52.76
   1193.90637    0.9963700      52.72
   1193.90796    0.9956200      52.68
   1193.90967    0.9952200      52.66
   1193.91125    0.9953000      52.67
   1193.91296    0.9956500      52.69
   1193.91455    0.9960600      52.71
   1193.91626    0.9964800      52.73
   1193.91785    0.9968300      52.75
   1193.91956    0.9970600      52.76
   1193.92114    0.9971500      52.76
   1193.92285    0.9971300      52.76
   1193.92444    0.9970200      52.76
   1193.92615    0.9968700      52.75
   1193.92773    0.9968000      52.74
   1193.92944    0.9969700      52.75
   1193.93103    0.9972600      52.77
   1193.93274    0.9973600      52.77
   1193.93433    0.9970200      52.76
   1193.93604    0.9964700      52.73
   1193.93762    0.9962500      52.71
   1193.93933    0.9966200      52.73
   1193.94092    0.9971900      52.76
   1193.94263    0.9973400      52.77
   1193.94421    0.9969500      52.75
   1193.94580    0.9965300      52.73
   1193.94751    0.9965600      52.73
   1193.94910    0.9968900      52.75
   1193.95081    0.9970000      52.75
   1193.95239    0.9967200      52.74
   1193.95410    0.9964000      52.72
   1193.95569    0.9963600      52.72
   1193.95740    0.9964000      52.72
   1193.95898    0.9961200      52.71
   1193.96069    0.9955000      52.67
   1193.96228    0.9949400      52.64
   1193.96399    0.9945900      52.62
   1193.96558    0.9941200      52.60
   1193.96729    0.9932500      52.55
   1193.96887    0.9921500      52.50
   1193.97058    0.9912900      52.45
   1193.97217    0.9908300      52.42
   1193.97388    0.9904200      52.40
   1193.97546    0.9895700      52.36
   1193.97717    0.9881800      52.28
   1193.97876    0.9865700      52.20
   1193.98047    0.9851200      52.12
   1193.98206    0.9838600      52.06
   1193.98376    0.9825800      51.99
   1193.98535    0.9811200      51.91
   1193.98706    0.9797300      51.84
   1193.98865    0.9789300      51.79
   1193.99036    0.9790200      51.80
   1193.99194    0.9798200      51.84
   1193.99365    0.9808500      51.89
   1193.99524    0.9819500      51.95
   1193.99683    0.9832800      52.02
   1193.99854    0.9849200      52.11
   1194.00012    0.9865900      52.20
   1194.00183    0.9879500      52.27
   1194.00342    0.9890300      52.33
   1194.00513    0.9901600      52.39
   1194.00671    0.9913900      52.45
   1194.00842    0.9924300      52.51
   1194.01001    0.9930000      52.54
   1194.01172    0.9932700      52.55
   1194.01331    0.9935900      52.57
   1194.01501    0.9941100      52.59
   1194.01660    0.9947000      52.63
   1194.01831    0.9952000      52.65
   1194.01990    0.9955100      52.67
   1194.02161    0.9955700      52.67
   1194.02319    0.9953400      52.66
   1194.02490    0.9950100      52.64
   1194.02649    0.9948600      52.63
   1194.02820    0.9949300      52.64
   1194.02979    0.9949900      52.64
   1194.03149    0.9948900      52.63
   1194.03308    0.9947700      52.63
   1194.03479    0.9948000      52.63
   1194.03638    0.9948100      52.63
   1194.03809    0.9945500      52.62
   1194.03967    0.9940600      52.59
   1194.04138    0.9937100      52.57
   1194.04297    0.9937000      52.57
   1194.04468    0.9938000      52.58
   1194.04626    0.9937200      52.57
   1194.04797    0.9935000      52.56
   1194.04956    0.9933500      52.55
   1194.05115    0.9932900      52.55
   1194.05286    0.9931600      52.54
   1194.05444    0.9928900      52.53
   1194.05615    0.9925700      52.51
   1194.05774    0.9922500      52.49
   1194.05945    0.9918500      52.47
   1194.06104    0.9913300      52.44
   1194.06274    0.9908100      52.42
   1194.06433    0.9903700      52.39
   1194.06604    0.9899400      52.37
   1194.06763    0.9894400      52.34
   1194.06934    0.9889100      52.31
   1194.07092    0.9884200      52.29
   1194.07263    0.9878900      52.26
   1194.07422    0.9872200      52.22
   1194.07593    0.9864600      52.18
   1194.07751    0.9857000      52.14
   1194.07922    0.9849000      52.10
   1194.08081    0.9838400      52.05
   1194.08252    0.9824800      51.97
   1194.08411    0.9810500      51.90
   1194.08582    0.9797300      51.83
   1194.08740    0.9783800      51.76
   1194.08911    0.9766800      51.67
   1194.09070    0.9745300      51.55
   1194.09241    0.9720600      51.42
   1194.09399    0.9693300      51.28
   1194.09570    0.9661600      51.11
   1194.09729    0.9623600      50.91
   1194.09900    0.9578800      50.67
   1194.10059    0.9526800      50.39
   1194.10229    0.9464300      50.06
   1194.10388    0.9386300      49.65
   1194.10559    0.9290100      49.14
   1194.10718    0.9174100      48.53
   1194.10876    0.9032900      47.78
   1194.11047    0.8856400      46.85
   1194.11206    0.8635600      45.68
   1194.11377    0.8366900      44.26
   1194.11536    0.8048900      42.58
   1194.11707    0.7683300      40.64
   1194.11865    0.7289700      38.56
   1194.12036    0.6924500      36.63
   1194.12195    0.6674200      35.30
   1194.12366    0.6611300      34.97
   1194.12524    0.6746700      35.69
   1194.12695    0.7024300      37.16
   1194.12854    0.7360200      38.93
   1194.13025    0.7689000      40.67
   1194.13184    0.7979800      42.21
   1194.13354    0.8223900      43.50
   1194.13513    0.8423100      44.55
   1194.13684    0.8587000      45.42
   1194.13843    0.8729600      46.17
   1194.14014    0.8860900      46.87
   1194.14172    0.8982500      47.51
   1194.14343    0.9093200      48.10
   1194.14502    0.9195500      48.64
   1194.14673    0.9293300      49.16
   1194.14832    0.9385900      49.65
   1194.15002    0.9467800      50.08
   1194.15161    0.9536100      50.44
   1194.15332    0.9593400      50.74
   1194.15491    0.9643500      51.01
   1194.15662    0.9687200      51.24
   1194.15820    0.9723000      51.43
   1194.15991    0.9750500      51.57
   1194.16150    0.9771100      51.68
   1194.16321    0.9787100      51.77
   1194.16479    0.9800800      51.84
   1194.16650    0.9813900      51.91
   1194.16809    0.9826200      51.97
   1194.16980    0.9835900      52.02
   1194.17139    0.9841600      52.05
   1194.17297    0.9844300      52.07
   1194.17468    0.9846400      52.08
   1194.17627    0.9848300      52.09
   1194.17798    0.9849100      52.09
   1194.17957    0.9849400      52.09
   1194.18127    0.9851000      52.10
   1194.18286    0.9854400      52.12
   1194.18457    0.9856500      52.13
   1194.18616    0.9854300      52.12
   1194.18787    0.9849500      52.09
   1194.18945    0.9846100      52.08
   1194.19116    0.9845000      52.07
   1194.19275    0.9842600      52.06
   1194.19446    0.9836000      52.02
   1194.19604    0.9827500      51.98
   1194.19775    0.9820700      51.94
   1194.19934    0.9815300      51.91
   1194.20105    0.9808100      51.87
   1194.20264    0.9798300      51.82
   1194.20435    0.9789000      51.77
   1194.20593    0.9781100      51.73
   1194.20764    0.9771400      51.68
   1194.20923    0.9757400      51.60
   1194.21094    0.9741700      51.52
   1194.21252    0.9727800      51.45
   1194.21423    0.9713600      51.37
   1194.21582    0.9693600      51.27
   1194.21753    0.9665500      51.12
   1194.21912    0.9631300      50.94
   1194.22083    0.9590700      50.72
   1194.22241    0.9538700      50.45
   1194.22412    0.9470300      50.09
   1194.22571    0.9383500      49.63
   1194.22742    0.9273400      49.04
   1194.22900    0.9128100      48.27
   1194.23071    0.8934900      47.25
   1194.23230    0.8685500      45.93
   1194.23401    0.8373200      44.28
   1194.23560    0.7994300      42.28
   1194.23730    0.7571600      40.04
   1194.23889    0.7181700      37.98
   1194.24060    0.6939900      36.70
   1194.24219    0.6934300      36.67
   1194.24390    0.7162900      37.88
   1194.24548    0.7537000      39.86
   1194.24707    0.7945400      42.02
   1194.24878    0.8315500      43.98
   1194.25037    0.8624800      45.61
   1194.25208    0.8875500      46.94
   1194.25366    0.9073900      47.99
   1194.25537    0.9228600      48.80
   1194.25696    0.9350500      49.45
   1194.25867    0.9447900      49.96
   1194.26025    0.9523700      50.36
   1194.26196    0.9580900      50.67
   1194.26355    0.9627000      50.91
   1194.26526    0.9669500      51.13
   1194.26685    0.9709700      51.35
   1194.26855    0.9743500      51.53
   1194.27014    0.9768600      51.66
   1194.27185    0.9787900      51.76
   1194.27344    0.9805700      51.85
   1194.27515    0.9823100      51.95
   1194.27673    0.9838700      52.03
   1194.27844    0.9851300      52.10
   1194.28003    0.9861300      52.15
   1194.28174    0.9869400      52.19
   1194.28333    0.9875400      52.22
   1194.28503    0.9879400      52.24
   1194.28662    0.9883400      52.26
   1194.28833    0.9889900      52.30
   1194.28992    0.9898900      52.35
   1194.29163    0.9907200      52.39
   1194.29321    0.9911400      52.41
   1194.29492    0.9911600      52.41
   1194.29651    0.9911500      52.41
   1194.29822    0.9913700      52.42
   1194.29980    0.9917400      52.44
   1194.30151    0.9919500      52.45
   1194.30310    0.9918000      52.45
   1194.30481    0.9913700      52.42
   1194.30640    0.9909600      52.40
   1194.30811    0.9909100      52.40
   1194.30969    0.9912100      52.41
   1194.31140    0.9914700      52.43
   1194.31299    0.9911800      52.41
   1194.31470    0.9903100      52.37
   1194.31628    0.9893100      52.31
   1194.31799    0.9884900      52.27
   1194.31958    0.9875100      52.22
   1194.32129    0.9859100      52.13
   1194.32288    0.9837100      52.02
   1194.32458    0.9812400      51.89
   1194.32617    0.9784500      51.74
   1194.32788    0.9748700      51.55
   1194.32947    0.9704100      51.31
   1194.33118    0.9656900      51.06
   1194.33276    0.9614200      50.84
   1194.33435    0.9577500      50.64
   1194.33606    0.9546000      50.48
   1194.33765    0.9522800      50.35
   1194.33936    0.9512900      50.30
   1194.34094    0.9517000      50.32
   1194.34265    0.9530500      50.39
   1194.34424    0.9549900      50.50
   1194.34595    0.9574700      50.63
   1194.34753    0.9603000      50.78
   1194.34924    0.9629400      50.92
   1194.35083    0.9649400      51.02
   1194.35254    0.9663000      51.09
   1194.35413    0.9671900      51.14
   1194.35583    0.9674100      51.15
   1194.35742    0.9665600      51.11
   1194.35913    0.9643200      50.99
   1194.36072    0.9605200      50.79
   1194.36243    0.9549100      50.49
   1194.36401    0.9470000      50.07
   1194.36572    0.9362600      49.50
   1194.36731    0.9226100      48.78
   1194.36902    0.9074800      47.98
   1194.37061    0.8944100      47.29
   1194.37231    0.8878700      46.94
   1194.37390    0.8904300      47.08
   1194.37561    0.9007800      47.63
   1194.37720    0.9149100      48.37
   1194.37891    0.9291500      49.13
   1194.38049    0.9419000      49.80
   1194.38220    0.9528300      50.38
   1194.38379    0.9616600      50.84
   1194.38550    0.9683100      51.20
   1194.38708    0.9733000      51.46
   1194.38879    0.9773000      51.67
   1194.39038    0.9804000      51.83
   1194.39209    0.9825300      51.95
   1194.39368    0.9841100      52.03
   1194.39539    0.9857800      52.12
   1194.39697    0.9874500      52.21
   1194.39868    0.9884900      52.26
   1194.40027    0.9888900      52.28
   1194.40198    0.9894600      52.31
   1194.40356    0.9907100      52.38
   1194.40527    0.9920400      52.45
   1194.40686    0.9926600      52.48
   1194.40857    0.9927400      52.49
   1194.41016    0.9930400      52.50
   1194.41187    0.9937500      52.54
   1194.41345    0.9943500      52.57
   1194.41516    0.9945000      52.58
   1194.41675    0.9944100      52.57
   1194.41846    0.9942900      52.57
   1194.42004    0.9939800      52.55
   1194.42175    0.9934500      52.52
   1194.42334    0.9931200      52.50
   1194.42505    0.9932900      52.51
   1194.42664    0.9936300      52.53
   1194.42834    0.9935800      52.53
   1194.42993    0.9931300      52.50
   1194.43164    0.9927800      52.49
   1194.43323    0.9928900      52.49
   1194.43494    0.9933500      52.52
   1194.43652    0.9938900      52.54
   1194.43823    0.9943200      52.57
   1194.43982    0.9944900      52.58
   1194.44153    0.9944400      52.57
   1194.44312    0.9944300      52.57
   1194.44482    0.9948100      52.59
   1194.44641    0.9955100      52.63
   1194.44812    0.9960800      52.66
   1194.44971    0.9963000      52.67
   1194.45142    0.9963700      52.67
   1194.45300    0.9964500      52.68
   1194.45459    0.9964000      52.67
   1194.45630    0.9961100      52.66
   1194.45789    0.9959400      52.65
   1194.45959    0.9962300      52.67
   1194.46118    0.9967400      52.69
   1194.46289    0.9968800      52.70
   1194.46448    0.9966600      52.69
   1194.46619    0.9967000      52.69
   1194.46777    0.9972200      52.72
   1194.46948    0.9975900      52.74
   1194.47107    0.9972900      52.72
   1194.47278    0.9967400      52.69
   1194.47437    0.9967900      52.69
   1194.47607    0.9973800      52.72
   1194.47766    0.9975700      52.73
   1194.47937    0.9969100      52.70
   1194.48096    0.9960900      52.66
   1194.48267    0.9959800      52.65
   1194.48425    0.9964600      52.68
   1194.48596    0.9967600      52.69
   1194.48755    0.9965900      52.68
   1194.48926    0.9964400      52.67
   1194.49084    0.9966300      52.68
   1194.49255    0.9968100      52.69
   1194.49414    0.9965400      52.68
   1194.49585    0.9959800      52.65
   1194.49744    0.9955600      52.63
   1194.49915    0.9953000      52.61
   1194.50073    0.9948900      52.59
   1194.50244    0.9942600      52.56
   1194.50403    0.9936900      52.53
   1194.50574    0.9933100      52.51
   1194.50732    0.9928900      52.48
   1194.50903    0.9922500      52.45
   1194.51062    0.9915800      52.41
   1194.51233    0.9910200      52.38
   1194.51392    0.9902600      52.34
   1194.51562    0.9888200      52.27
   1194.51721    0.9866200      52.15
   1194.51892    0.9840100      52.01
   1194.52051    0.9812200      51.87
   1194.52222    0.9783000      51.71
   1194.52380    0.9756100      51.57
   1194.52551    0.9739700      51.48
   1194.52710    0.9740400      51.49
   1194.52881    0.9756800      51.57
   1194.53040    0.9781500      51.70
   1194.53210    0.9808300      51.84
   1194.53369    0.9834600      51.98
   1194.53540    0.9858800      52.11
   1194.53699    0.9878500      52.22
   1194.53870    0.9893300      52.29
   1194.54028    0.9905300      52.36
   1194.54199    0.9916000      52.41
   1194.54358    0.9924500      52.46
   1194.54529    0.9929900      52.49
   1194.54688    0.9934000      52.51
   1194.54858    0.9938900      52.53
   1194.55017    0.9943800      52.56
   1194.55188    0.9945700      52.57
   1194.55347    0.9944800      52.56
   1194.55518    0.9944100      52.56
   1194.55676    0.9945600      52.57
   1194.55847    0.9948300      52.58
   1194.56006    0.9950200      52.59
   1194.56177    0.9950900      52.60
   1194.56335    0.9951400      52.60
   1194.56506    0.9952500      52.60
   1194.56665    0.9954200      52.61
   1194.56836    0.9956400      52.62
   1194.56995    0.9958600      52.64
   1194.57166    0.9959300      52.64
   1194.57324    0.9957900      52.63
   1194.57495    0.9955500      52.62
   1194.57654    0.9953600      52.61
   1194.57825    0.9951600      52.60
   1194.57983    0.9948300      52.58
   1194.58154    0.9944600      52.56
   1194.58313    0.9942600      52.55
   1194.58484    0.9942400      52.55
   1194.58643    0.9941800      52.55
   1194.58813    0.9939600      52.53
   1194.58972    0.9938000      52.52
   1194.59143    0.9939600      52.53
   1194.59302    0.9943200      52.55
   1194.59473    0.9945100      52.56
   1194.59631    0.9943300      52.55
   1194.59802    0.9939800      52.53
   1194.59961    0.9937100      52.52
   1194.60132    0.9935700      52.51
   1194.60291    0.9934600      52.51
   1194.60461    0.9933400      52.50
   1194.60620    0.9933000      52.50
   1194.60791    0.9934000      52.50
   1194.60950    0.9936000      52.51
   1194.61121    0.9937900      52.52
   1194.61279    0.9937700      52.52
   1194.61450    0.9934600      52.50
   1194.61609    0.9930400      52.48
   1194.61780    0.9927700      52.47
   1194.61938    0.9927100      52.46
   1194.62109    0.9925900      52.46
   1194.62268    0.9921700      52.44
   1194.62439    0.9916500      52.41
   1194.62598    0.9914900      52.40
   1194.62769    0.9918100      52.42
   1194.62927    0.9922300      52.44
   1194.63098    0.9923500      52.44
   1194.63257    0.9921700      52.43
   1194.63428    0.9919800      52.42
   1194.63586    0.9919700      52.42
   1194.63757    0.9920600      52.43
   1194.63916    0.9921400      52.43
   1194.64087    0.9920900      52.43
   1194.64246    0.9917500      52.41
   1194.64417    0.9910700      52.38
   1194.64575    0.9903300      52.34
   1194.64746    0.9899400      52.32
   1194.64905    0.9900500      52.32
   1194.65076    0.9903300      52.34
   1194.65234    0.9904200      52.34
   1194.65405    0.9902600      52.33
   1194.65564    0.9900100      52.32
   1194.65735    0.9897500      52.30
   1194.65894    0.9893700      52.28
   1194.66064    0.9888300      52.26
   1194.66223    0.9882300      52.22
   1194.66394    0.9875900      52.19
   1194.66553    0.9868100      52.15
   1194.66724    0.9858900      52.10
   1194.66882    0.9849900      52.05
   1194.67053    0.9843300      52.02
   1194.67212    0.9839400      52.00
   1194.67383    0.9836700      51.98
   1194.67542    0.9833800      51.97
   1194.67712    0.9830200      51.95
   1194.67871    0.9827100      51.93
   1194.68042    0.9826000      51.92
   1194.68201    0.9826700      51.93
   1194.68372    0.9826300      51.93
   1194.68530    0.9821700      51.90
   1194.68701    0.9813500      51.86
   1194.68860    0.9805900      51.82
   1194.69031    0.9801800      51.80
   1194.69189    0.9799000      51.78
   1194.69360    0.9793600      51.75
   1194.69519    0.9786000      51.71
   1194.69690    0.9780200      51.68
   1194.69849    0.9778300      51.67
   1194.70020    0.9776200      51.66
   1194.70178    0.9769300      51.62
   1194.70349    0.9758100      51.56
   1194.70508    0.9747300      51.51
   1194.70679    0.9738500      51.46
   1194.70837    0.9728200      51.41
   1194.71008    0.9712600      51.32
   1194.71167    0.9693000      51.22
   1194.71338    0.9674100      51.12
   1194.71497    0.9656800      51.03
   1194.71667    0.9637200      50.92
   1194.71826    0.9611400      50.79
   1194.71997    0.9580400      50.62
   1194.72156    0.9548200      50.45
   1194.72327    0.9516100      50.28
   1194.72485    0.9480400      50.09
   1194.72656    0.9436600      49.86
   1194.72815    0.9383400      49.58
   1194.72986    0.9321800      49.26
   1194.73145    0.9252400      48.89
   1194.73315    0.9173800      48.47
   1194.73474    0.9083900      48.00
   1194.73645    0.8978800      47.44
   1194.73804    0.8853500      46.78
   1194.73975    0.8702700      45.98
   1194.74133    0.8522500      45.03
   1194.74304    0.8308700      43.90
   1194.74463    0.8054000      42.56
   1194.74634    0.7749100      40.94
   1194.74792    0.7390400      39.05
   1194.74963    0.6986200      36.91
   1194.75122    0.6556200      34.64
   1194.75293    0.6133500      32.41
   1194.75452    0.5768900      30.48
   1194.75623    0.5529200      29.21
   1194.75781    0.5472700      28.92
   1194.75952    0.5613400      29.66
   1194.76111    0.5908200      31.22
   1194.76282    0.6282000      33.19
   1194.76440    0.6668900      35.24
   1194.76611    0.7032200      37.16
   1194.76770    0.7355600      38.86
   1194.76941    0.7630800      40.32
   1194.77100    0.7856000      41.51
   1194.77271    0.8038700      42.47
   1194.77429    0.8188800      43.27
   1194.77600    0.8310000      43.91
   1194.77759    0.8400600      44.38
   1194.77930    0.8461000      44.70
   1194.78088    0.8495400      44.89
   1194.78259    0.8505500      44.94
   1194.78418    0.8488000      44.85
   1194.78589    0.8439800      44.59
   1194.78748    0.8359900      44.17
   1194.78918    0.8245800      43.57
   1194.79077    0.8090800      42.75
   1194.79248    0.7890800      41.69
   1194.79407    0.7649400      40.41
   1194.79578    0.7373800      38.96
   1194.79736    0.7070700      37.36
   1194.79907    0.6755400      35.69
   1194.80066    0.6467800      34.17
   1194.80237    0.6269300      33.12
   1194.80396    0.6212800      32.82
   1194.80566    0.6312100      33.35
   1194.80725    0.6538400      34.54
   1194.80896    0.6842700      36.15
   1194.81055    0.7179700      37.93
   1194.81226    0.7515800      39.71
   1194.81384    0.7828200      41.36
   1194.81555    0.8104200      42.82
   1194.81714    0.8341800      44.07
   1194.81885    0.8545500      45.15
   1194.82043    0.8719800      46.07
   1194.82214    0.8867000      46.85
   1194.82373    0.8989300      47.49
   1194.82544    0.9091800      48.03
   1194.82703    0.9180000      48.50
   1194.82874    0.9257000      48.90
   1194.83032    0.9323600      49.26
   1194.83203    0.9380600      49.56
   1194.83362    0.9429400      49.82
   1194.83533    0.9472100      50.04
   1194.83691    0.9510000      50.24
   1194.83862    0.9544300      50.42
   1194.84021    0.9576100      50.59
   1194.84192    0.9605200      50.74
   1194.84351    0.9630000      50.87
   1194.84521    0.9649400      50.98
   1194.84680    0.9664900      51.06
   1194.84851    0.9679000      51.13
   1194.85010    0.9693200      51.21
   1194.85181    0.9707000      51.28
   1194.85339    0.9720000      51.35
   1194.85510    0.9732900      51.42
   1194.85669    0.9745600      51.48
   1194.85840    0.9755700      51.54
   1194.85999    0.9760700      51.56
   1194.86169    0.9761800      51.57
   1194.86328    0.9763100      51.58
   1194.86499    0.9767100      51.60
   1194.86658    0.9772000      51.62
   1194.86829    0.9775300      51.64
   1194.86987    0.9777700      51.65
   1194.87158    0.9781300      51.67
   1194.87317    0.9785600      51.69
   1194.87488    0.9788600      51.71
   1194.87646    0.9790500      51.72
   1194.87817    0.9794400      51.74
   1194.87976    0.9801100      51.77
   1194.88147    0.9806100      51.80
   1194.88306    0.9805700      51.80
   1194.88477    0.9802200      51.78
   1194.88635    0.9801300      51.78
   1194.88806    0.9803800      51.79
   1194.88965    0.9804200      51.79
   1194.89136    0.9798500      51.76
   1194.89294    0.9788700      51.71
   1194.89465    0.9778800      51.66
   1194.89624    0.9768800      51.60
   1194.89795    0.9756400      51.54
   1194.89954    0.9742400      51.46
   1194.90125    0.9730600      51.40
   1194.90283    0.9721700      51.35
   1194.90454    0.9712800      51.31
   1194.90613    0.9701600      51.25
   1194.90784    0.9690400      51.19
   1194.90942    0.9681400      51.14
   1194.91113    0.9673300      51.10
   1194.91272    0.9663100      51.04
   1194.91443    0.9651800      50.98
   1194.91602    0.9643700      50.94
   1194.91772    0.9640000      50.92
   1194.91931    0.9637300      50.91
   1194.92102    0.9630200      50.87
   1194.92261    0.9616000      50.79
   1194.92432    0.9595400      50.68
   1194.92590    0.9569600      50.55
   1194.92761    0.9539200      50.39
   1194.92920    0.9502800      50.19
   1194.93091    0.9457200      49.95
   1194.93250    0.9401200      49.66
   1194.93420    0.9339300      49.33
   1194.93579    0.9281700      49.03
   1194.93750    0.9237500      48.79
   1194.93909    0.9209000      48.64
   1194.94080    0.9191400      48.55
   1194.94238    0.9175800      48.47
   1194.94409    0.9152200      48.34
   1194.94568    0.9111700      48.13
   1194.94739    0.9050600      47.80
   1194.94897    0.8971500      47.39
   1194.95068    0.8879300      46.90
   1194.95239    0.8775200      46.35
   1194.95398    0.8656800      45.72
   1194.95569    0.8524300      45.02
   1194.95728    0.8381700      44.27
   1194.95898    0.8231000      43.47
   1194.96057    0.8067500      42.61
   1194.96228    0.7884800      41.65
   1194.96387    0.7680600      40.57
   1194.96558    0.7458400      39.39
   1194.96716    0.7222800      38.15
   1194.96887    0.6979200      36.86
   1194.97046    0.6737600      35.59
   1194.97217    0.6514800      34.41
   1194.97375    0.6330000      33.43
   1194.97546    0.6199400      32.74
   1194.97705    0.6136100      32.41
   1194.97876    0.6150200      32.48
   1194.98035    0.6245800      32.99
   1194.98206    0.6415800      33.89
   1194.98364    0.6643700      35.09
   1194.98535    0.6910200      36.50
   1194.98694    0.7199400      38.02
   1194.98865    0.7497800      39.60
   1194.99023    0.7791500      41.15
   1194.99194    0.8066600      42.60
   1194.99353    0.8313000      43.90
   1194.99524    0.8527100      45.04
   1194.99683    0.8711700      46.01
   1194.99854    0.8873300      46.86
   1195.00012    0.9016600      47.62
   1195.00183    0.9142500      48.29
   1195.00342    0.9248100      48.84
   1195.00513    0.9332600      49.29
   1195.00671    0.9400800      49.65
   1195.00842    0.9460800      49.97
   1195.01001    0.9517000      50.26
   1195.01172    0.9567500      50.53
   1195.01331    0.9609000      50.75
   1195.01501    0.9642600      50.93
   1195.01660    0.9672100      51.08
   1195.01831    0.9698700      51.22
   1195.01990    0.9719800      51.33
   1195.02161    0.9734200      51.41
   1195.02319    0.9745400      51.47
   1195.02490    0.9758400      51.54
   1195.02649    0.9774000      51.62
   1195.02820    0.9788400      51.69
   1195.02979    0.9798600      51.75
   1195.03149    0.9806200      51.79
   1195.03308    0.9813700      51.83
   1195.03479    0.9821600      51.87
   1195.03638    0.9827900      51.90
   1195.03809    0.9832200      51.92
   1195.03967    0.9836200      51.95
   1195.04138    0.9840900      51.97
   1195.04297    0.9844800      51.99
   1195.04468    0.9847000      52.00
   1195.04626    0.9849700      52.02
   1195.04797    0.9856600      52.05
   1195.04956    0.9867100      52.11
   1195.05127    0.9876000      52.15
   1195.05286    0.9878600      52.17
   1195.05457    0.9876800      52.16
   1195.05615    0.9877000      52.16
   1195.05786    0.9881900      52.19
   1195.05945    0.9887500      52.21
   1195.06116    0.9888800      52.22
   1195.06274    0.9886200      52.21
   1195.06445    0.9884800      52.20
   1195.06604    0.9886800      52.21
   1195.06775    0.9889800      52.23
   1195.06934    0.9891100      52.23
   1195.07104    0.9892700      52.24
   1195.07275    0.9897300      52.27
   1195.07434    0.9903600      52.30
   1195.07605    0.9907100      52.32
   1195.07764    0.9906100      52.31
   1195.07935    0.9903000      52.29
   1195.08093    0.9901100      52.28
   1195.08264    0.9900300      52.28
   1195.08423    0.9898900      52.27
   1195.08594    0.9896100      52.26
   1195.08752    0.9892500      52.24
   1195.08923    0.9889200      52.22
   1195.09082    0.9887500      52.21
   1195.09253    0.9888200      52.22
   1195.09412    0.9890600      52.23
   1195.09583    0.9891600      52.23
   1195.09741    0.9889100      52.22
   1195.09912    0.9884400      52.19
   1195.10071    0.9881000      52.18
   1195.10242    0.9880200      52.17
   1195.10400    0.9880100      52.17
   1195.10571    0.9878600      52.16
   1195.10730    0.9875800      52.15
   1195.10901    0.9873000      52.13
   1195.11060    0.9869700      52.12
   1195.11230    0.9863900      52.09
   1195.11389    0.9855700      52.04
   1195.11560    0.9847000      52.00
   1195.11719    0.9839900      51.96
   1195.11890    0.9833400      51.92
   1195.12048    0.9825000      51.88
   1195.12219    0.9813000      51.82
   1195.12378    0.9799000      51.74
   1195.12549    0.9785700      51.67
   1195.12708    0.9774600      51.61
   1195.12878    0.9763400      51.55
   1195.13037    0.9748300      51.47
   1195.13208    0.9728400      51.37
   1195.13367    0.9706300      51.25
   1195.13538    0.9684400      51.14
   1195.13696    0.9661600      51.01
   1195.13867    0.9634700      50.87
   1195.14026    0.9602800      50.70
   1195.14197    0.9566700      50.51
   1195.14355    0.9525600      50.30
   1195.14526    0.9475300      50.03
   1195.14685    0.9411900      49.70
   1195.14856    0.9334000      49.28
   1195.15015    0.9239600      48.79
   1195.15186    0.9122000      48.16
   1195.15344    0.8973200      47.38
   1195.15515    0.8789600      46.41
   1195.15674    0.8572500      45.26
   1195.15845    0.8325700      43.96
   1195.16016    0.8061500      42.56
   1195.16174    0.7814000      41.26
   1195.16345    0.7639600      40.34
   1195.16504    0.7590600      40.08
   1195.16675    0.7680900      40.55
   1195.16833    0.7877600      41.59
   1195.17004    0.8125800      42.90
   1195.17163    0.8380000      44.24
   1195.17334    0.8615300      45.49
   1195.17493    0.8820300      46.57
   1195.17664    0.8990300      47.47
   1195.17822    0.9127300      48.19
   1195.17993    0.9238600      48.78
   1195.18152    0.9330800      49.26
   1195.18323    0.9406100      49.66
   1195.18481    0.9465300      49.97
   1195.18652    0.9512200      50.22
   1195.18811    0.9551300      50.43
   1195.18982    0.9584000      50.60
   1195.19141    0.9609600      50.74
   1195.19312    0.9628600      50.84
   1195.19470    0.9643300      50.91
   1195.19641    0.9654800      50.97
   1195.19800    0.9663500      51.02
   1195.19971    0.9670900      51.06
   1195.20129    0.9679500      51.10
   1195.20300    0.9689000      51.15
   1195.20459    0.9695800      51.19
   1195.20630    0.9697300      51.20
   1195.20789    0.9695000      51.18
   1195.20959    0.9692400      51.17
   1195.21118    0.9690400      51.16
   1195.21289    0.9687800      51.15
   1195.21448    0.9683900      51.13
   1195.21619    0.9679900      51.10
   1195.21777    0.9676200      51.08
   1195.21948    0.9671600      51.06
   1195.22107    0.9665100      51.03
   1195.22278    0.9657100      50.98
   1195.22437    0.9648200      50.94
   1195.22607    0.9637900      50.88
   1195.22766    0.9625100      50.81
   1195.22937    0.9609200      50.73
   1195.23096    0.9590000      50.63
   1195.23267    0.9567100      50.51
   1195.23438    0.9539100      50.36
   1195.23596    0.9505200      50.18
   1195.23767    0.9465900      49.97
   1195.23926    0.9422100      49.74
   1195.24097    0.9373800      49.49
   1195.24255    0.9318200      49.19
   1195.24426    0.9252300      48.84
   1195.24585    0.9174500      48.43
   1195.24756    0.9085000      47.96
   1195.24915    0.8982200      47.42
   1195.25085    0.8859800      46.77
   1195.25244    0.8709400      45.98
   1195.25415    0.8523300      44.99
   1195.25574    0.8295200      43.79
   1195.25745    0.8016700      42.32
   1195.25903    0.7677500      40.53
   1195.26074    0.7269900      38.38
   1195.26233    0.6790500      35.85
   1195.26404    0.6239500      32.94
   1195.26562    0.5627800      29.71
   1195.26733    0.4997700      26.38
   1195.26892    0.4436200      23.42
   1195.27063    0.4055900      21.41
   1195.27222    0.3944700      20.82
   1195.27393    0.4123000      21.76
   1195.27551    0.4540000      23.97
   1195.27722    0.5105200      26.95
   1195.27881    0.5725000      30.22
   1195.28052    0.6326400      33.40
   1195.28210    0.6866500      36.25
   1195.28381    0.7330800      38.70
   1195.28540    0.7722900      40.77
   1195.28711    0.8049700      42.49
   1195.28870    0.8316500      43.90
   1195.29041    0.8531800      45.04
   1195.29199    0.8709000      45.97
   1195.29370    0.8860300      46.77
   1195.29529    0.8989400      47.45
   1195.29700    0.9096300      48.02
   1195.29871    0.9185200      48.49
   1195.30029    0.9264200      48.90
   1195.30200    0.9336400      49.28
   1195.30359    0.9398800      49.61
   1195.30530    0.9448500      49.87
   1195.30688    0.9489400      50.09
   1195.30859    0.9527300      50.29
   1195.31018    0.9564300      50.49
   1195.31189    0.9597500      50.66
   1195.31348    0.9624700      50.80
   1195.31519    0.9646600      50.92
   1195.31677    0.9665700      51.02
   1195.31848    0.9684400      51.12
   1195.32007    0.9703800      51.22
   1195.32178    0.9722200      51.32
   1195.32336    0.9737200      51.40
   1195.32507    0.9748400      51.46
   1195.32666    0.9758400      51.51
   1195.32837    0.9770100      51.57
   1195.32996    0.9782700      51.64
   1195.33167    0.9794100      51.70
   1195.33325    0.9803400      51.75
   1195.33496    0.9811500      51.79
   1195.33655    0.9818100      51.82
   1195.33826    0.9822800      51.85
   1195.33984    0.9827500      51.87
   1195.34155    0.9834700      51.91
   1195.34314    0.9843100      51.95
   1195.34485    0.9848000      51.98
   1195.34644    0.9847900      51.98
   1195.34814    0.9846100      51.97
   1195.34973    0.9846400      51.97
   1195.35144    0.9849000      51.98
   1195.35303    0.9852400      52.00
   1195.35474    0.9856900      52.03
   1195.35645    0.9862700      52.06
   1195.35803    0.9866600      52.08
   1195.35974    0.9865600      52.07
   1195.36133    0.9862200      52.05
   1195.36304    0.9861500      52.05
   1195.36462    0.9863700      52.06
   1195.36633    0.9864800      52.07
   1195.36792    0.9863500      52.06
   1195.36963    0.9863200      52.06
   1195.37122    0.9866100      52.07
   1195.37292    0.9868500      52.09
   1195.37451    0.9866900      52.08
   1195.37622    0.9863200      52.06
   1195.37781    0.9861700      52.05
   1195.37952    0.9861400      52.05
   1195.38110    0.9858200      52.03
   1195.38281    0.9852000      52.00
   1195.38440    0.9847800      51.98
   1195.38611    0.9848200      51.98
   1195.38770    0.9848700      51.98
   1195.38940    0.9844700      51.96
   1195.39099    0.9837900      51.92
   1195.39270    0.9834100      51.90
   1195.39429    0.9834600      51.90
   1195.39600    0.9835200      51.91
   1195.39758    0.9831500      51.89
   1195.39929    0.9824400      51.85
   1195.40088    0.9817200      51.81
   1195.40259    0.9811700      51.78
   1195.40417    0.9806400      51.75
   1195.40588    0.9798300      51.71
   1195.40747    0.9785200      51.64
   1195.40918    0.9766900      51.55
   1195.41089    0.9745500      51.43
   1195.41248    0.9724500      51.32
   1195.41418    0.9705500      51.22
   1195.41577    0.9686800      51.12
   1195.41748    0.9664100      51.00
   1195.41907    0.9633900      50.84
   1195.42078    0.9594500      50.63
   1195.42236    0.9545600      50.38
   1195.42407    0.9486600      50.07
   1195.42566    0.9416200      49.69
   1195.42737    0.9331200      49.24
   1195.42896    0.9225700      48.69
   1195.43066    0.9091300      47.98
   1195.43225    0.8920900      47.08
   1195.43396    0.8712000      45.98
   1195.43555    0.8464500      44.67
   1195.43726    0.8177800      43.16
   1195.43884    0.7857800      41.47
   1195.44055    0.7533900      39.76
   1195.44214    0.7265400      38.34
   1195.44385    0.7121300      37.58
   1195.44543    0.7139600      37.68
   1195.44714    0.7304700      38.55
   1195.44873    0.7561300      39.90
   1195.45044    0.7850100      41.43
   1195.45203    0.8131600      42.91
   1195.45374    0.8385900      44.25
   1195.45532    0.8602900      45.40
   1195.45703    0.8778800      46.33
   1195.45862    0.8916000      47.05
   1195.46033    0.9019100      47.59
   1195.46204    0.9090400      47.97
   1195.46362    0.9131500      48.19
   1195.46533    0.9146700      48.27
   1195.46692    0.9141700      48.24
   1195.46863    0.9120700      48.13
   1195.47021    0.9087900      47.96
   1195.47192    0.9054800      47.78
   1195.47351    0.9039200      47.70
   1195.47522    0.9054300      47.78
   1195.47681    0.9099200      48.02
   1195.47852    0.9162300      48.35
   1195.48010    0.9232100      48.72
   1195.48181    0.9301400      49.08
   1195.48340    0.9365800      49.42
   1195.48511    0.9421000      49.71
   1195.48669    0.9465000      49.95
   1195.48840    0.9499400      50.13
   1195.48999    0.9526100      50.27
   1195.49170    0.9544000      50.36
   1195.49329    0.9552100      50.40
   1195.49500    0.9552400      50.41
   1195.49658    0.9549500      50.39
   1195.49829    0.9545400      50.37
   1195.49988    0.9536700      50.32
   1195.50159    0.9518400      50.23
   1195.50317    0.9489600      50.07
   1195.50488    0.9453400      49.88
   1195.50659    0.9413000      49.67
   1195.50818    0.9365700      49.42
   1195.50989    0.9305200      49.10
   1195.51147    0.9226900      48.69
   1195.51318    0.9130100      48.18
   1195.51477    0.9014000      47.56
   1195.51648    0.8872700      46.82
   1195.51807    0.8697000      45.89
   1195.51978    0.8481900      44.76
   1195.52136    0.8229800      43.43
   1195.52307    0.7948600      41.94
   1195.52466    0.7653400      40.38
   1195.52637    0.7375500      38.92
   1195.52795    0.7167100      37.82
   1195.52966    0.7083800      37.38
   1195.53125    0.7152300      37.74
   1195.53296    0.7352000      38.79
   1195.53455    0.7628000      40.25
   1195.53625    0.7924100      41.81
   1195.53784    0.8204900      43.29
   1195.53955    0.8456300      44.62
   1195.54114    0.8674200      45.77
   1195.54285    0.8858300      46.74
   1195.54443    0.9011400      47.55
   1195.54614    0.9138200      48.22
   1195.54773    0.9242700      48.77
   1195.54944    0.9327900      49.22
   1195.55115    0.9397000      49.58
   1195.55273    0.9454600      49.89
   1195.55444    0.9504400      50.15
   1195.55603    0.9548100      50.38
   1195.55774    0.9585600      50.58
   1195.55933    0.9616700      50.74
   1195.56104    0.9642100      50.87
   1195.56262    0.9662000      50.98
   1195.56433    0.9676700      51.06
   1195.56592    0.9686900      51.11
   1195.56763    0.9693800      51.15
   1195.56921    0.9697600      51.17
   1195.57092    0.9697900      51.17
   1195.57251    0.9693800      51.15
   1195.57422    0.9684300      51.10
   1195.57581    0.9667300      51.01
   1195.57751    0.9640800      50.87
   1195.57910    0.9604200      50.67
   1195.58081    0.9559400      50.44
   1195.58240    0.9508000      50.16
   1195.58411    0.9449000      49.85
   1195.58569    0.9379400      49.49
   1195.58740    0.9299400      49.06
   1195.58899    0.9216600      48.63
   1195.59070    0.9141700      48.23
   1195.59229    0.9081200      47.91
   1195.59399    0.9036100      47.67
   1195.59570    0.9007800      47.52
   1195.59729    0.9002600      47.50
   1195.59900    0.9025600      47.62
   1195.60059    0.9073900      47.87
   1195.60229    0.9137600      48.21
   1195.60388    0.9209500      48.59
   1195.60559    0.9288600      49.00
   1195.60718    0.9373400      49.45
   1195.60889    0.9456900      49.89
   1195.61047    0.9531100      50.28
   1195.61218    0.9595200      50.62
   1195.61377    0.9653500      50.93
   1195.61548    0.9706700      51.21
   1195.61707    0.9750100      51.44
   1195.61877    0.9781100      51.60
   1195.62036    0.9804200      51.72
   1195.62207    0.9826400      51.84
   1195.62366    0.9848200      51.96
   1195.62537    0.9864600      52.04
   1195.62695    0.9873200      52.09
   1195.62866    0.9878000      52.11
   1195.63025    0.9885100      52.15
   1195.63196    0.9895000      52.20
   1195.63367    0.9902800      52.24
   1195.63525    0.9904000      52.25
   1195.63696    0.9899200      52.22
   1195.63855    0.9892900      52.19
   1195.64026    0.9889000      52.17
   1195.64185    0.9886800      52.16
   1195.64355    0.9884100      52.14
   1195.64514    0.9880200      52.12
   1195.64685    0.9876900      52.10
   1195.64844    0.9875600      52.10
   1195.65015    0.9875600      52.10
   1195.65173    0.9876200      52.10
   1195.65344    0.9878600      52.11
   1195.65503    0.9882900      52.14
   1195.65674    0.9886400      52.15
   1195.65833    0.9885700      52.15
   1195.66003    0.9881900      52.13
   1195.66162    0.9879300      52.12
   1195.66333    0.9879300      52.12
   1195.66492    0.9878500      52.11
   1195.66663    0.9874200      52.09
   1195.66821    0.9868700      52.06
   1195.66992    0.9866200      52.05
   1195.67163    0.9867300      52.05
   1195.67322    0.9870200      52.07
   1195.67493    0.9875200      52.09
   1195.67651    0.9883800      52.14
   1195.67822    0.9893900      52.19
   1195.67981    0.9900100      52.22
   1195.68152    0.9900800      52.23
   1195.68311    0.9900800      52.23
   1195.68481    0.9905400      52.25
   1195.68640    0.9913200      52.29
   1195.68811    0.9918000      52.32
   1195.68970    0.9917400      52.31
   1195.69141    0.9915100      52.30
   1195.69299    0.9915900      52.31
   1195.69470    0.9920400      52.33
   1195.69629    0.9925900      52.36
   1195.69800    0.9930600      52.38
   1195.69958    0.9934900      52.41
   1195.70129    0.9939300      52.43
   1195.70288    0.9942900      52.45
   1195.70459    0.9944700      52.46
   1195.70618    0.9944900      52.46
   1195.70789    0.9944500      52.46
   1195.70959    0.9943600      52.45
   1195.71118    0.9941600      52.44
   1195.71289    0.9938800      52.43
   1195.71448    0.9936700      52.41
   1195.71619    0.9936000      52.41
   1195.71777    0.9935000      52.40
   1195.71948    0.9931400      52.39
   1195.72107    0.9924600      52.35
   1195.72278    0.9916400      52.31
   1195.72437    0.9907300      52.26
   1195.72607    0.9894500      52.19
   1195.72766    0.9875400      52.09
   1195.72937    0.9850400      51.96
   1195.73096    0.9824100      51.82
   1195.73267    0.9801900      51.70
   1195.73425    0.9788900      51.63
   1195.73596    0.9789400      51.63
   1195.73755    0.9804800      51.72
   1195.73926    0.9829900      51.85
   1195.74084    0.9855200      51.98
   1195.74255    0.9874100      52.08
   1195.74426    0.9887200      52.15
   1195.74585    0.9898600      52.21
   1195.74756    0.9909200      52.27
   1195.74915    0.9915600      52.30
   1195.75085    0.9915400      52.30
   1195.75244    0.9911100      52.28
   1195.75415    0.9907300      52.26
   1195.75574    0.9906700      52.25
   1195.75745    0.9907900      52.26
   1195.75903    0.9907700      52.26
   1195.76074    0.9903700      52.24
   1195.76233    0.9896400      52.20
   1195.76404    0.9889300      52.16
   1195.76562    0.9884900      52.14
   1195.76733    0.9882200      52.12
   1195.76892    0.9876800      52.09
   1195.77063    0.9865900      52.04
   1195.77222    0.9850800      51.96
   1195.77393    0.9833100      51.86
   1195.77551    0.9812000      51.75
   1195.77722    0.9784400      51.60
   1195.77893    0.9748900      51.42
   1195.78052    0.9705400      51.19
   1195.78223    0.9652800      50.91
   1195.78381    0.9588800      50.57
   1195.78552    0.9513200      50.17
   1195.78711    0.9433100      49.75
   1195.78882    0.9362100      49.38
   1195.79041    0.9315900      49.13
   1195.79211    0.9306900      49.09
   1195.79370    0.9337500      49.25
   1195.79541    0.9399100      49.57
   1195.79700    0.9474500      49.97
   1195.79871    0.9547100      50.35
   1195.80029    0.9608300      50.67
   1195.80200    0.9658700      50.94
   1195.80359    0.9702500      51.17
   1195.80530    0.9741800      51.38
   1195.80688    0.9775800      51.56
   1195.80859    0.9803300      51.70
   1195.81018    0.9825500      51.82
   1195.81189    0.9844700      51.92
   1195.81360    0.9861700      52.01
   1195.81519    0.9875600      52.08
   1195.81689    0.9885800      52.14
   1195.81848    0.9893700      52.18
   1195.82019    0.9900900      52.22
   1195.82178    0.9907100      52.25
   1195.82349    0.9911300      52.27
   1195.82507    0.9913700      52.28
   1195.82678    0.9916700      52.30
   1195.82837    0.9920900      52.32
   1195.83008    0.9924400      52.34
   1195.83167    0.9925200      52.34
   1195.83337    0.9923900      52.34
   1195.83496    0.9923100      52.33
   1195.83667    0.9924500      52.34
   1195.83826    0.9927000      52.35
   1195.83997    0.9928900      52.36
   1195.84155    0.9929300      52.36
   1195.84326    0.9927900      52.36
   1195.84497    0.9925700      52.34
   1195.84656    0.9924300      52.34
   1195.84827    0.9924600      52.34
   1195.84985    0.9924800      52.34
   1195.85156    0.9922600      52.33
   1195.85315    0.9918000      52.30
   1195.85486    0.9913000      52.28
   1195.85645    0.9908100      52.25
   1195.85815    0.9900800      52.21
   1195.85974    0.9888500      52.15
   1195.86145    0.9871800      52.06
   1195.86304    0.9854000      51.96
   1195.86475    0.9839300      51.89
   1195.86633    0.9832400      51.85
   1195.86804    0.9836600      51.87
   1195.86963    0.9851200      51.95
   1195.87134    0.9870100      52.05
   1195.87292    0.9886900      52.14
   1195.87463    0.9900100      52.21
   1195.87634    0.9911400      52.27
   1195.87793    0.9921100      52.32
   1195.87964    0.9927000      52.35
   1195.88123    0.9929000      52.36
   1195.88293    0.9930500      52.37
   1195.88452    0.9934000      52.38
   1195.88623    0.9937400      52.40
   1195.88782    0.9937900      52.40
   1195.88953    0.9936500      52.40
   1195.89111    0.9935800      52.39
   1195.89282    0.9935900      52.39
   1195.89441    0.9934500      52.39
   1195.89612    0.9931700      52.37
   1195.89771    0.9929800      52.36
   1195.89941    0.9928800      52.36
   1195.90100    0.9927300      52.35
   1195.90271    0.9925300      52.34
   1195.90430    0.9925600      52.34
   1195.90601    0.9927900      52.35
   1195.90771    0.9928300      52.35
   1195.90930    0.9923900      52.33
   1195.91101    0.9918100      52.30
   1195.91260    0.9915700      52.28
   1195.91431    0.9915900      52.29
   1195.91589    0.9913100      52.27
   1195.91760    0.9904900      52.23
   1195.91919    0.9893800      52.17
   1195.92090    0.9882100      52.11
   1195.92249    0.9867900      52.03
   1195.92419    0.9848200      51.93
   1195.92578    0.9822300      51.79
   1195.92749    0.9790800      51.62
   1195.92908    0.9752300      51.42
   1195.93079    0.9704600      51.17
   1195.93237    0.9647200      50.87
   1195.93408    0.9583400      50.53
   1195.93567    0.9517500      50.18
   1195.93738    0.9454200      49.85
   1195.93909    0.9398400      49.55
   1195.94067    0.9355200      49.33
   1195.94238    0.9327900      49.18
   1195.94397    0.9318400      49.13
   1195.94568    0.9327300      49.18
   1195.94727    0.9353200      49.32
   1195.94897    0.9391900      49.52
   1195.95056    0.9438600      49.77
   1195.95227    0.9490100      50.04
   1195.95386    0.9543400      50.32
   1195.95557    0.9593500      50.58
   1195.95715    0.9634200      50.80
   1195.95886    0.9663700      50.95
   1195.96045    0.9685700      51.07
   1195.96216    0.9704600      51.17
   1195.96375    0.9719700      51.25
   1195.96545    0.9727600      51.29
   1195.96716    0.9727600      51.29
   1195.96875    0.9723100      51.26
   1195.97046    0.9717200      51.23
   1195.97205    0.9709200      51.19
   1195.97375    0.9697600      51.13
   1195.97534    0.9682400      51.05
   1195.97705    0.9665400      50.96
   1195.97864    0.9646200      50.86
   1195.98035    0.9622800      50.73
   1195.98193    0.9594800      50.59
   1195.98364    0.9563900      50.42
   1195.98523    0.9530600      50.25
   1195.98694    0.9492400      50.05
   1195.98853    0.9445800      49.80
   1195.99023    0.9390700      49.51
   1195.99182    0.9330700      49.19
   1195.99353    0.9267600      48.86
   1195.99524    0.9197700      48.49
   1195.99683    0.9115000      48.06
   1195.99854    0.9016200      47.53
   1196.00012    0.8900800      46.93
   1196.00183    0.8766200      46.22
   1196.00342    0.8605900      45.37
   1196.00513    0.8413700      44.36
   1196.00671    0.8185400      43.15
   1196.00842    0.7916400      41.74
   1196.01001    0.7599400      40.06
   1196.01172    0.7228500      38.11
   1196.01331    0.6806400      35.88
   1196.01501    0.6344600      33.45
   1196.01660    0.5862500      30.91
   1196.01831    0.5394500      28.44
   1196.01990    0.5000300      26.36
   1196.02161    0.4756300      25.07
   1196.02332    0.4721800      24.89
   1196.02490    0.4904800      25.86
   1196.02661    0.5258100      27.72
   1196.02820    0.5709100      30.10
   1196.02991    0.6193100      32.65
   1196.03149    0.6666300      35.14
   1196.03320    0.7101900      37.44
   1196.03479    0.7486200      39.47
   1196.03650    0.7816900      41.21
   1196.03809    0.8099400      42.70
   1196.03979    0.8339900      43.97
   1196.04138    0.8542500      45.03
   1196.04309    0.8711200      45.92
   1196.04468    0.8851800      46.66
   1196.04639    0.8970300      47.29
   1196.04797    0.9071600      47.82
   1196.04968    0.9159800      48.29
   1196.05139    0.9238400      48.70
   1196.05298    0.9308700      49.07
   1196.05469    0.9368700      49.39
   1196.05627    0.9417500      49.65
   1196.05798    0.9458100      49.86
   1196.05957    0.9494800      50.05
   1196.06128    0.9528600      50.23
   1196.06287    0.9557200      50.38
   1196.06458    0.9580500      50.50
   1196.06616    0.9602100      50.62
   1196.06787    0.9625500      50.74
   1196.06946    0.9650100      50.87
   1196.07117    0.9672400      50.99
   1196.07275    0.9690900      51.08
   1196.07446    0.9707100      51.17
   1196.07617    0.9722400      51.25
   1196.07776    0.9735800      51.32
   1196.07947    0.9746500      51.38
   1196.08105    0.9755000      51.42
   1196.08276    0.9762600      51.46
   1196.08435    0.9769400      51.50
   1196.08606    0.9775100      51.53
   1196.08765    0.9780300      51.55
   1196.08936    0.9786600      51.59
   1196.09094    0.9793900      51.63
   1196.09265    0.9800700      51.66
   1196.09424    0.9805800      51.69
   1196.09595    0.9809900      51.71
   1196.09753    0.9813100      51.73
   1196.09924    0.9814400      51.73
