   1172.00098    0.8796400      48.40
   1172.00256    0.8718800      47.97
   1172.00415    0.8630600      47.49
   1172.00574    0.8530900      46.94
   1172.00732    0.8416900      46.31
   1172.00891    0.8284000      45.58
   1172.01050    0.8129400      44.73
   1172.01208    0.7952100      43.75
   1172.01367    0.7750300      42.64
   1172.01526    0.7519500      41.37
   1172.01685    0.7253400      39.91
   1172.01843    0.6945500      38.21
   1172.02002    0.6588200      36.25
   1172.02161    0.6173400      33.97
   1172.02319    0.5696000      31.34
   1172.02478    0.5154200      28.36
   1172.02637    0.4549100      25.03
   1172.02795    0.3886500      21.38
   1172.02954    0.3186400      17.53
   1172.03113    0.2489200      13.69
   1172.03271    0.1850200      10.18
   1172.03430    0.1321900       7.27
   1172.03589    0.0940500       5.17
   1172.03748    0.0722300       3.97
   1172.03906    0.0669700       3.68
   1172.04065    0.0779600       4.29
   1172.04224    0.1048800       5.77
   1172.04382    0.1471500       8.10
   1172.04541    0.2029600      11.17
   1172.04700    0.2683200      14.76
   1172.04858    0.3376900      18.58
   1172.05017    0.4059900      22.34
   1172.05176    0.4701200      25.86
   1172.05334    0.5288600      29.10
   1172.05493    0.5816000      32.00
   1172.05652    0.6278800      34.54
   1172.05811    0.6677500      36.74
   1172.05969    0.7020400      38.62
   1172.06128    0.7318400      40.26
   1172.06287    0.7579200      41.70
   1172.06445    0.7807700      42.95
   1172.06604    0.8009300      44.06
   1172.06763    0.8188500      45.05
   1172.06921    0.8346500      45.92
   1172.07080    0.8483500      46.67
   1172.07239    0.8602700      47.33
   1172.07397    0.8710700      47.92
   1172.07556    0.8811600      48.48
   1172.07715    0.8903700      48.98
   1172.07874    0.8983900      49.42
   1172.08032    0.9052900      49.80
   1172.08191    0.9115000      50.14
   1172.08350    0.9172700      50.46
   1172.08508    0.9225100      50.75
   1172.08667    0.9271400      51.00
   1172.08826    0.9313400      51.23
   1172.08984    0.9353000      51.45
   1172.09143    0.9389300      51.65
   1172.09302    0.9419800      51.82
   1172.09460    0.9444300      51.95
   1172.09619    0.9465400      52.07
   1172.09778    0.9485600      52.18
   1172.09937    0.9504900      52.29
   1172.10095    0.9523000      52.39
   1172.10254    0.9541000      52.49
   1172.10413    0.9560100      52.59
   1172.10571    0.9579400      52.70
   1172.10730    0.9595900      52.79
   1172.10889    0.9608400      52.86
   1172.11047    0.9618800      52.91
   1172.11206    0.9630100      52.97
   1172.11365    0.9643400      53.05
   1172.11523    0.9657400      53.12
   1172.11682    0.9669900      53.19
   1172.11841    0.9680000      53.25
   1172.12000    0.9688300      53.29
   1172.12158    0.9697000      53.34
   1172.12317    0.9707500      53.40
   1172.12476    0.9719900      53.47
   1172.12634    0.9732600      53.54
   1172.12793    0.9744800      53.60
   1172.12952    0.9756400      53.67
   1172.13110    0.9766900      53.73
   1172.13269    0.9774900      53.77
   1172.13428    0.9779800      53.80
   1172.13586    0.9783000      53.81
   1172.13745    0.9786600      53.83
   1172.13904    0.9791600      53.86
   1172.14062    0.9797100      53.89
   1172.14221    0.9802700      53.92
   1172.14380    0.9809100      53.96
   1172.14539    0.9816500      54.00
   1172.14697    0.9823400      54.03
   1172.14856    0.9827400      54.06
   1172.15015    0.9827600      54.06
   1172.15173    0.9825000      54.04
   1172.15332    0.9821400      54.02
   1172.15491    0.9818600      54.01
   1172.15649    0.9817500      54.00
   1172.15808    0.9817200      54.00
   1172.15967    0.9815400      53.99
   1172.16125    0.9811700      53.97
   1172.16284    0.9809700      53.96
   1172.16443    0.9813400      53.98
   1172.16602    0.9822000      54.03
   1172.16760    0.9830400      54.07
   1172.16919    0.9835400      54.10
   1172.17078    0.9840300      54.13
   1172.17236    0.9848900      54.17
   1172.17395    0.9859600      54.23
   1172.17554    0.9867100      54.27
   1172.17712    0.9869700      54.29
   1172.17871    0.9872000      54.30
   1172.18030    0.9877900      54.33
   1172.18188    0.9884700      54.37
   1172.18347    0.9887800      54.39
   1172.18506    0.9887000      54.38
   1172.18665    0.9887900      54.39
   1172.18823    0.9893800      54.42
   1172.18982    0.9902000      54.46
   1172.19141    0.9907100      54.49
   1172.19287    0.9907100      54.49
   1172.19446    0.9904800      54.48
   1172.19604    0.9904000      54.47
   1172.19763    0.9905600      54.48
   1172.19922    0.9907600      54.49
   1172.20081    0.9907600      54.49
   1172.20239    0.9905100      54.48
   1172.20398    0.9901500      54.46
   1172.20557    0.9899200      54.45
   1172.20715    0.9899700      54.45
   1172.20874    0.9904000      54.47
   1172.21033    0.9912000      54.52
   1172.21191    0.9921800      54.57
   1172.21350    0.9929000      54.61
   1172.21509    0.9930600      54.62
   1172.21667    0.9928100      54.60
   1172.21826    0.9925800      54.59
   1172.21985    0.9925100      54.59
   1172.22144    0.9923300      54.58
   1172.22302    0.9918700      54.55
   1172.22461    0.9914000      54.53
   1172.22620    0.9912900      54.52
   1172.22778    0.9914700      54.53
   1172.22937    0.9916100      54.54
   1172.23096    0.9916400      54.54
   1172.23254    0.9918500      54.55
   1172.23413    0.9923300      54.58
   1172.23572    0.9927900      54.60
   1172.23730    0.9929200      54.61
   1172.23889    0.9928300      54.60
   1172.24048    0.9927300      54.60
   1172.24207    0.9925800      54.59
   1172.24365    0.9922000      54.57
   1172.24524    0.9917200      54.54
   1172.24683    0.9914500      54.53
   1172.24841    0.9914600      54.53
   1172.25000    0.9913700      54.52
   1172.25159    0.9907000      54.48
   1172.25317    0.9892800      54.41
   1172.25476    0.9872600      54.29
   1172.25635    0.9848100      54.16
   1172.25793    0.9817200      53.99
   1172.25952    0.9772200      53.74
   1172.26111    0.9704800      53.37
   1172.26270    0.9617000      52.89
   1172.26428    0.9528500      52.40
   1172.26587    0.9466900      52.06
   1172.26746    0.9446800      51.95
   1172.26904    0.9455700      52.00
   1172.27063    0.9464900      52.05
   1172.27222    0.9453100      51.99
   1172.27380    0.9421500      51.81
   1172.27539    0.9386100      51.62
   1172.27698    0.9362000      51.48
   1172.27856    0.9354000      51.44
   1172.28015    0.9359800      51.47
   1172.28174    0.9376900      51.57
   1172.28333    0.9405600      51.72
   1172.28491    0.9447500      51.95
   1172.28650    0.9501500      52.25
   1172.28809    0.9562400      52.59
   1172.28967    0.9623000      52.92
   1172.29126    0.9678200      53.22
   1172.29285    0.9727000      53.49
   1172.29443    0.9769700      53.73
   1172.29602    0.9805400      53.92
   1172.29761    0.9832400      54.07
   1172.29919    0.9851800      54.18
   1172.30078    0.9867100      54.26
   1172.30237    0.9880900      54.34
   1172.30396    0.9892000      54.40
   1172.30554    0.9898000      54.43
   1172.30713    0.9898600      54.43
   1172.30872    0.9895600      54.42
   1172.31030    0.9890300      54.39
   1172.31189    0.9882600      54.34
   1172.31348    0.9872800      54.29
   1172.31506    0.9863300      54.24
   1172.31665    0.9856600      54.20
   1172.31824    0.9853800      54.19
   1172.31982    0.9855000      54.19
   1172.32141    0.9860800      54.22
   1172.32300    0.9870800      54.28
   1172.32458    0.9882200      54.34
   1172.32617    0.9891300      54.39
   1172.32776    0.9896600      54.42
   1172.32935    0.9899100      54.43
   1172.33093    0.9899900      54.44
   1172.33252    0.9899300      54.43
   1172.33411    0.9897800      54.43
   1172.33569    0.9896300      54.42
   1172.33728    0.9894300      54.41
   1172.33887    0.9889500      54.38
   1172.34045    0.9880200      54.33
   1172.34204    0.9866900      54.25
   1172.34363    0.9851300      54.17
   1172.34521    0.9834700      54.08
   1172.34680    0.9817700      53.98
   1172.34839    0.9800800      53.89
   1172.34998    0.9781500      53.78
   1172.35156    0.9753300      53.63
   1172.35315    0.9711000      53.40
   1172.35474    0.9655100      53.09
   1172.35632    0.9589400      52.73
   1172.35791    0.9514900      52.32
   1172.35950    0.9429500      51.85
   1172.36108    0.9334900      51.33
   1172.36267    0.9240200      50.81
   1172.36426    0.9155800      50.34
   1172.36584    0.9087200      49.97
   1172.36743    0.9036500      49.69
   1172.36902    0.9006700      49.52
   1172.37061    0.9000900      49.49
   1172.37219    0.9017700      49.58
   1172.37378    0.9051500      49.77
   1172.37537    0.9097700      50.02
   1172.37695    0.9153100      50.33
   1172.37854    0.9212600      50.65
   1172.38013    0.9267200      50.95
   1172.38171    0.9310100      51.19
   1172.38330    0.9340000      51.35
   1172.38489    0.9358800      51.46
   1172.38647    0.9366700      51.50
   1172.38806    0.9363600      51.48
   1172.38965    0.9352400      51.42
   1172.39124    0.9336900      51.34
   1172.39282    0.9318800      51.24
   1172.39441    0.9295600      51.11
   1172.39600    0.9261200      50.92
   1172.39758    0.9204600      50.61
   1172.39917    0.9114900      50.11
   1172.40076    0.8996600      49.46
   1172.40234    0.8883300      48.84
   1172.40393    0.8823800      48.51
   1172.40552    0.8845000      48.63
   1172.40710    0.8927400      49.08
   1172.40869    0.9022800      49.61
   1172.41028    0.9098500      50.02
   1172.41187    0.9158800      50.36
   1172.41345    0.9226600      50.73
   1172.41504    0.9311300      51.19
   1172.41663    0.9401900      51.69
   1172.41821    0.9483600      52.14
   1172.41980    0.9551000      52.51
   1172.42139    0.9603000      52.80
   1172.42297    0.9635200      52.97
   1172.42456    0.9645300      53.03
   1172.42615    0.9644200      53.02
   1172.42773    0.9651900      53.06
   1172.42932    0.9679900      53.22
   1172.43091    0.9720600      53.44
   1172.43250    0.9756200      53.64
   1172.43408    0.9777400      53.75
   1172.43567    0.9788600      53.82
   1172.43726    0.9798500      53.87
   1172.43884    0.9809700      53.93
   1172.44043    0.9818200      53.98
   1172.44202    0.9819500      53.98
   1172.44360    0.9813100      53.95
   1172.44519    0.9801800      53.89
   1172.44678    0.9790900      53.83
   1172.44836    0.9785700      53.80
   1172.44995    0.9789400      53.82
   1172.45154    0.9799900      53.88
   1172.45312    0.9811000      53.94
   1172.45471    0.9818200      53.98
   1172.45630    0.9821600      53.99
   1172.45789    0.9825000      54.01
   1172.45947    0.9830800      54.05
   1172.46106    0.9838600      54.09
   1172.46265    0.9846200      54.13
   1172.46423    0.9852800      54.17
   1172.46582    0.9859500      54.20
   1172.46741    0.9867900      54.25
   1172.46899    0.9877000      54.30
   1172.47058    0.9883700      54.33
   1172.47217    0.9886200      54.35
   1172.47375    0.9886400      54.35
   1172.47534    0.9888300      54.36
   1172.47693    0.9892800      54.38
   1172.47852    0.9896500      54.40
   1172.48010    0.9896400      54.40
   1172.48169    0.9893900      54.39
   1172.48328    0.9892700      54.38
   1172.48486    0.9894000      54.39
   1172.48645    0.9895400      54.40
   1172.48804    0.9895400      54.40
   1172.48962    0.9895200      54.40
   1172.49121    0.9895200      54.40
   1172.49280    0.9893400      54.39
   1172.49438    0.9887800      54.36
   1172.49597    0.9880300      54.31
   1172.49756    0.9874600      54.28
   1172.49915    0.9871700      54.27
   1172.50073    0.9868300      54.25
   1172.50232    0.9862200      54.21
   1172.50391    0.9854900      54.17
   1172.50549    0.9849600      54.14
   1172.50708    0.9845800      54.12
   1172.50867    0.9840200      54.09
   1172.51025    0.9830400      54.04
   1172.51184    0.9817300      53.97
   1172.51343    0.9803400      53.89
   1172.51501    0.9789300      53.81
   1172.51660    0.9772700      53.72
   1172.51819    0.9751400      53.60
   1172.51978    0.9724800      53.46
   1172.52136    0.9694900      53.29
   1172.52295    0.9664100      53.12
   1172.52454    0.9633900      52.96
   1172.52612    0.9602000      52.78
   1172.52771    0.9561200      52.56
   1172.52930    0.9501500      52.23
   1172.53088    0.9415400      51.75
   1172.53247    0.9302500      51.13
   1172.53406    0.9169000      50.40
   1172.53564    0.9024400      49.61
   1172.53723    0.8882400      48.82
   1172.53882    0.8766700      48.19
   1172.54041    0.8707800      47.86
   1172.54199    0.8725200      47.96
   1172.54358    0.8806600      48.41
   1172.54517    0.8910100      48.98
   1172.54688    0.8991300      49.42
   1172.54846    0.9031200      49.64
   1172.55005    0.9036700      49.67
   1172.55164    0.9019400      49.58
   1172.55322    0.8982300      49.37
   1172.55481    0.8924800      49.06
   1172.55640    0.8851800      48.65
   1172.55798    0.8769900      48.20
   1172.55957    0.8678600      47.70
   1172.56116    0.8570200      47.11
   1172.56274    0.8438900      46.38
   1172.56433    0.8282400      45.52
   1172.56592    0.8096200      44.50
   1172.56750    0.7871600      43.27
   1172.56909    0.7603200      41.79
   1172.57068    0.7299200      40.12
   1172.57227    0.6980200      38.37
   1172.57385    0.6669400      36.66
   1172.57544    0.6378700      35.06
   1172.57703    0.6099400      33.52
   1172.57861    0.5808500      31.93
   1172.58020    0.5495000      30.20
   1172.58179    0.5191800      28.54
   1172.58337    0.4979200      27.37
   1172.58496    0.4945700      27.18
   1172.58655    0.5131000      28.20
   1172.58813    0.5502900      30.25
   1172.58972    0.5982500      32.88
   1172.59131    0.6491300      35.68
   1172.59290    0.6976900      38.35
   1172.59448    0.7412700      40.74
   1172.59607    0.7787200      42.80
   1172.59766    0.8099700      44.52
   1172.59924    0.8357600      45.93
   1172.60083    0.8571300      47.11
   1172.60242    0.8749200      48.09
   1172.60400    0.8898100      48.90
   1172.60559    0.9024100      49.60
   1172.60718    0.9132300      50.19
   1172.60876    0.9224500      50.70
   1172.61035    0.9301400      51.12
   1172.61194    0.9364900      51.47
   1172.61353    0.9418200      51.76
   1172.61511    0.9464300      52.02
   1172.61670    0.9504800      52.24
   1172.61829    0.9540900      52.44
   1172.61987    0.9573100      52.61
   1172.62146    0.9601400      52.77
   1172.62305    0.9625200      52.90
   1172.62463    0.9645300      53.01
   1172.62622    0.9663400      53.11
   1172.62781    0.9680600      53.20
   1172.62939    0.9696300      53.29
   1172.63098    0.9710000      53.36
   1172.63257    0.9722600      53.43
   1172.63416    0.9734800      53.50
   1172.63574    0.9745700      53.56
   1172.63733    0.9753900      53.61
   1172.63892    0.9759100      53.63
   1172.64050    0.9762400      53.65
   1172.64209    0.9764500      53.66
   1172.64368    0.9765200      53.67
   1172.64526    0.9763400      53.66
   1172.64685    0.9758100      53.63
   1172.64844    0.9749000      53.58
   1172.65002    0.9738400      53.52
   1172.65161    0.9730900      53.48
   1172.65320    0.9729800      53.47
   1172.65479    0.9733700      53.49
   1172.65637    0.9738500      53.52
   1172.65796    0.9743400      53.55
   1172.65955    0.9752600      53.60
   1172.66113    0.9769300      53.69
   1172.66272    0.9789900      53.80
   1172.66431    0.9806400      53.89
   1172.66589    0.9815500      53.94
   1172.66748    0.9820500      53.97
   1172.66907    0.9825900      54.00
   1172.67065    0.9831900      54.03
   1172.67224    0.9836300      54.05
   1172.67383    0.9838300      54.07
   1172.67542    0.9839400      54.07
   1172.67700    0.9839500      54.07
   1172.67859    0.9836100      54.05
   1172.68018    0.9828300      54.01
   1172.68176    0.9818500      53.96
   1172.68335    0.9809200      53.90
   1172.68494    0.9799200      53.85
   1172.68652    0.9784900      53.77
   1172.68811    0.9764500      53.66
   1172.68970    0.9738000      53.51
   1172.69128    0.9704700      53.33
   1172.69287    0.9659800      53.08
   1172.69446    0.9598400      52.75
   1172.69604    0.9521300      52.32
   1172.69763    0.9440100      51.88
   1172.69922    0.9374100      51.51
   1172.70081    0.9343100      51.34
   1172.70239    0.9357400      51.42
   1172.70398    0.9412400      51.72
   1172.70557    0.9490600      52.15
   1172.70715    0.9570400      52.59
   1172.70874    0.9636500      52.95
   1172.71033    0.9684800      53.22
   1172.71191    0.9718900      53.41
   1172.71350    0.9743800      53.54
   1172.71509    0.9762000      53.64
   1172.71667    0.9774000      53.71
   1172.71826    0.9780500      53.74
   1172.71985    0.9782800      53.76
   1172.72144    0.9782000      53.75
   1172.72302    0.9778300      53.73
   1172.72461    0.9772100      53.70
   1172.72620    0.9765200      53.66
   1172.72778    0.9759800      53.63
   1172.72937    0.9756400      53.61
   1172.73096    0.9755000      53.60
   1172.73254    0.9755100      53.60
   1172.73413    0.9756200      53.61
   1172.73572    0.9756900      53.61
   1172.73730    0.9755400      53.60
   1172.73889    0.9751800      53.58
   1172.74048    0.9747300      53.56
   1172.74207    0.9741300      53.53
   1172.74365    0.9731600      53.47
   1172.74524    0.9716900      53.39
   1172.74683    0.9698500      53.29
   1172.74841    0.9677100      53.17
   1172.75000    0.9649800      53.02
   1172.75159    0.9612200      52.82
   1172.75317    0.9563200      52.55
   1172.75476    0.9503600      52.22
   1172.75635    0.9431000      51.82
   1172.75793    0.9338800      51.31
   1172.75952    0.9221700      50.67
   1172.76111    0.9079300      49.89
   1172.76270    0.8911700      48.97
   1172.76428    0.8716200      47.89
   1172.76587    0.8494900      46.68
   1172.76746    0.8270400      45.44
   1172.76904    0.8089200      44.45
   1172.77063    0.8001900      43.97
   1172.77222    0.8035100      44.15
   1172.77380    0.8174700      44.92
   1172.77539    0.8377700      46.03
   1172.77698    0.8597600      47.24
   1172.77856    0.8804200      48.37
   1172.78015    0.8985700      49.37
   1172.78174    0.9140100      50.22
   1172.78333    0.9268200      50.92
   1172.78491    0.9372000      51.49
   1172.78650    0.9454400      51.95
   1172.78821    0.9519200      52.30
   1172.78979    0.9571000      52.59
   1172.79138    0.9615100      52.83
   1172.79297    0.9654400      53.04
   1172.79456    0.9687300      53.22
   1172.79614    0.9710700      53.35
   1172.79773    0.9726600      53.44
   1172.79932    0.9741400      53.52
   1172.80090    0.9758400      53.61
   1172.80249    0.9773500      53.70
   1172.80408    0.9781900      53.74
   1172.80566    0.9784700      53.76
   1172.80725    0.9787800      53.78
   1172.80884    0.9794900      53.81
   1172.81042    0.9804800      53.87
   1172.81201    0.9814500      53.92
   1172.81360    0.9822300      53.96
   1172.81519    0.9828400      54.00
   1172.81677    0.9833400      54.02
   1172.81836    0.9837700      54.05
   1172.81995    0.9839500      54.06
   1172.82153    0.9836400      54.04
   1172.82312    0.9829500      54.00
   1172.82471    0.9821900      53.96
   1172.82629    0.9812300      53.91
   1172.82788    0.9793800      53.81
   1172.82947    0.9763600      53.64
   1172.83105    0.9726700      53.44
   1172.83264    0.9688400      53.23
   1172.83423    0.9646000      52.99
   1172.83582    0.9596700      52.72
   1172.83740    0.9547700      52.45
   1172.83899    0.9510400      52.25
   1172.84058    0.9489100      52.13
   1172.84216    0.9483000      52.10
   1172.84375    0.9494500      52.16
   1172.84534    0.9523700      52.32
   1172.84692    0.9559600      52.52
   1172.84851    0.9590100      52.69
   1172.85010    0.9619300      52.85
   1172.85168    0.9657100      53.05
   1172.85327    0.9695200      53.26
   1172.85486    0.9715400      53.37
   1172.85645    0.9722600      53.41
   1172.85803    0.9741400      53.52
   1172.85962    0.9774400      53.70
   1172.86121    0.9792800      53.80
   1172.86279    0.9785100      53.75
   1172.86438    0.9779500      53.72
   1172.86597    0.9795200      53.81
   1172.86755    0.9804400      53.86
   1172.86914    0.9779900      53.73
   1172.87073    0.9749300      53.56
   1172.87231    0.9749900      53.56
   1172.87390    0.9757000      53.60
   1172.87549    0.9719200      53.39
   1172.87708    0.9652200      53.02
   1172.87866    0.9617700      52.83
   1172.88025    0.9607500      52.78
   1172.88184    0.9537700      52.39
   1172.88342    0.9384500      51.55
   1172.88501    0.9216900      50.63
   1172.88660    0.9031900      49.62
   1172.88818    0.8655800      47.55
   1172.88977    0.7925200      43.54
   1172.89136    0.6904100      37.93
   1172.89294    0.5798100      31.85
   1172.89453    0.4714800      25.90
   1172.89612    0.3699900      20.32
   1172.89771    0.3012700      16.55
   1172.89929    0.3111400      17.09
   1172.90088    0.4183800      22.98
   1172.90247    0.5805200      31.89
   1172.90405    0.7253600      39.85
   1172.90564    0.8143800      44.73
   1172.90723    0.8619400      47.35
   1172.90881    0.8968700      49.27
   1172.91040    0.9263900      50.89
   1172.91199    0.9432400      51.81
   1172.91357    0.9491700      52.14
   1172.91516    0.9548700      52.45
   1172.91675    0.9636200      52.93
   1172.91833    0.9694200      53.25
   1172.91992    0.9700000      53.28
   1172.92151    0.9708000      53.33
   1172.92310    0.9751200      53.56
   1172.92468    0.9793000      53.79
   1172.92627    0.9801000      53.84
   1172.92786    0.9800300      53.83
   1172.92944    0.9820200      53.94
   1172.93103    0.9843900      54.07
   1172.93262    0.9845000      54.08
   1172.93433    0.9837700      54.04
   1172.93591    0.9848200      54.09
   1172.93750    0.9868700      54.21
   1172.93909    0.9873300      54.23
   1172.94067    0.9864300      54.18
   1172.94226    0.9864000      54.18
   1172.94385    0.9874300      54.24
   1172.94543    0.9876900      54.25
   1172.94702    0.9868800      54.21
   1172.94861    0.9867000      54.20
   1172.95020    0.9876900      54.25
   1172.95178    0.9883200      54.29
   1172.95337    0.9876000      54.25
   1172.95496    0.9865600      54.19
   1172.95654    0.9862300      54.17
   1172.95813    0.9861700      54.17
   1172.95972    0.9858000      54.15
   1172.96130    0.9856600      54.14
   1172.96289    0.9862800      54.17
   1172.96448    0.9870700      54.22
   1172.96606    0.9873500      54.23
   1172.96765    0.9875400      54.24
   1172.96924    0.9884600      54.29
   1172.97083    0.9898900      54.37
   1172.97241    0.9909500      54.43
   1172.97400    0.9914800      54.46
   1172.97559    0.9920200      54.49
   1172.97717    0.9927000      54.52
   1172.97876    0.9930800      54.54
   1172.98035    0.9930200      54.54
   1172.98193    0.9929500      54.54
   1172.98352    0.9931300      54.55
   1172.98511    0.9932800      54.55
   1172.98669    0.9930400      54.54
   1172.98828    0.9923900      54.51
   1172.98987    0.9916300      54.46
   1172.99146    0.9911400      54.44
   1172.99304    0.9912200      54.44
   1172.99463    0.9919300      54.48
   1172.99622    0.9928100      54.53
   1172.99780    0.9932400      54.55
   1172.99939    0.9931900      54.55
   1173.00098    0.9932000      54.55
   1173.00256    0.9937200      54.58
   1173.00415    0.9944400      54.62
   1173.00574    0.9947100      54.63
   1173.00732    0.9943300      54.61
   1173.00891    0.9937200      54.58
   1173.01050    0.9934700      54.56
   1173.01208    0.9937000      54.57
   1173.01367    0.9940100      54.59
   1173.01526    0.9939200      54.59
   1173.01685    0.9934100      54.56
   1173.01843    0.9929000      54.53
   1173.02002    0.9928600      54.53
   1173.02161    0.9933300      54.55
   1173.02319    0.9939100      54.59
   1173.02478    0.9942100      54.60
   1173.02637    0.9941300      54.60
   1173.02795    0.9938700      54.58
   1173.02954    0.9936500      54.57
   1173.03113    0.9935600      54.57
   1173.03271    0.9934800      54.56
   1173.03430    0.9931900      54.54
   1173.03589    0.9927300      54.52
   1173.03748    0.9925100      54.51
   1173.03906    0.9928400      54.52
   1173.04065    0.9935000      54.56
   1173.04224    0.9939300      54.58
   1173.04382    0.9939200      54.58
   1173.04541    0.9938400      54.58
   1173.04700    0.9940700      54.59
   1173.04858    0.9944600      54.61
   1173.05029    0.9946100      54.62
   1173.05188    0.9945100      54.62
   1173.05347    0.9944400      54.61
   1173.05505    0.9944800      54.61
   1173.05664    0.9943500      54.61
   1173.05823    0.9938900      54.58
   1173.05981    0.9933400      54.55
   1173.06140    0.9929500      54.53
   1173.06299    0.9926800      54.51
   1173.06458    0.9924100      54.50
   1173.06616    0.9922100      54.49
   1173.06775    0.9921800      54.49
   1173.06934    0.9921400      54.48
   1173.07092    0.9918400      54.47
   1173.07251    0.9913000      54.44
   1173.07410    0.9907700      54.41
   1173.07568    0.9903200      54.38
   1173.07727    0.9898300      54.36
   1173.07886    0.9893200      54.33
   1173.08044    0.9890700      54.31
   1173.08203    0.9893200      54.33
   1173.08362    0.9898900      54.36
   1173.08521    0.9904500      54.39
   1173.08679    0.9908400      54.41
   1173.08838    0.9910600      54.42
   1173.08997    0.9910000      54.42
   1173.09155    0.9905600      54.39
   1173.09314    0.9898700      54.36
   1173.09473    0.9892100      54.32
   1173.09631    0.9886800      54.29
   1173.09790    0.9880600      54.26
   1173.09949    0.9872000      54.21
   1173.10107    0.9862800      54.16
   1173.10266    0.9857400      54.13
   1173.10425    0.9858500      54.13
   1173.10583    0.9865400      54.17
   1173.10742    0.9875400      54.23
   1173.10901    0.9885400      54.28
   1173.11060    0.9894000      54.33
   1173.11218    0.9901300      54.37
   1173.11377    0.9907800      54.40
   1173.11536    0.9912800      54.43
   1173.11694    0.9914700      54.44
   1173.11853    0.9912700      54.43
   1173.12012    0.9908000      54.40
   1173.12170    0.9901700      54.37
   1173.12329    0.9893900      54.33
   1173.12488    0.9884200      54.27
   1173.12646    0.9872800      54.21
   1173.12805    0.9860700      54.14
   1173.12964    0.9848900      54.08
   1173.13123    0.9837800      54.02
   1173.13281    0.9826300      53.96
   1173.13440    0.9812800      53.88
   1173.13599    0.9796900      53.79
   1173.13757    0.9781200      53.71
   1173.13916    0.9767800      53.63
   1173.14075    0.9754600      53.56
   1173.14233    0.9735700      53.46
   1173.14392    0.9707200      53.30
   1173.14551    0.9670600      53.10
   1173.14722    0.9630200      52.88
   1173.14880    0.9589900      52.66
   1173.15039    0.9554700      52.46
   1173.15198    0.9534200      52.35
   1173.15356    0.9539000      52.38
   1173.15515    0.9570800      52.55
   1173.15674    0.9619600      52.82
   1173.15833    0.9670500      53.10
   1173.15991    0.9714400      53.34
   1173.16150    0.9749400      53.53
   1173.16309    0.9776600      53.68
   1173.16467    0.9797200      53.79
   1173.16626    0.9811900      53.87
   1173.16785    0.9822100      53.93
   1173.16943    0.9829400      53.97
   1173.17102    0.9834600      54.00
   1173.17261    0.9838200      54.02
   1173.17419    0.9840700      54.03
   1173.17578    0.9843700      54.05
   1173.17737    0.9849000      54.08
   1173.17896    0.9856200      54.11
   1173.18054    0.9861200      54.14
   1173.18213    0.9858700      54.13
   1173.18372    0.9849100      54.08
   1173.18530    0.9839000      54.02
   1173.18689    0.9834000      53.99
   1173.18848    0.9832200      53.98
   1173.19006    0.9828100      53.96
   1173.19165    0.9820700      53.92
   1173.19324    0.9813600      53.88
   1173.19482    0.9807800      53.85
   1173.19641    0.9799200      53.80
   1173.19800    0.9785100      53.72
   1173.19958    0.9766900      53.62
   1173.20117    0.9746900      53.51
   1173.20276    0.9724000      53.39
   1173.20435    0.9696300      53.23
   1173.20593    0.9664700      53.06
   1173.20752    0.9630000      52.87
   1173.20911    0.9588800      52.64
   1173.21069    0.9537100      52.36
   1173.21228    0.9475700      52.02
   1173.21387    0.9408200      51.65
   1173.21545    0.9332600      51.24
   1173.21704    0.9241300      50.74
   1173.21863    0.9129800      50.12
   1173.22021    0.9003000      49.43
   1173.22180    0.8873400      48.72
   1173.22339    0.8757300      48.08
   1173.22498    0.8672000      47.61
   1173.22656    0.8630800      47.38
   1173.22815    0.8635100      47.41
   1173.22974    0.8673200      47.62
   1173.23132    0.8730800      47.93
   1173.23291    0.8801600      48.32
   1173.23462    0.8886900      48.79
   1173.23621    0.8985700      49.33
   1173.23779    0.9090900      49.91
   1173.23938    0.9192900      50.47
   1173.24097    0.9284600      50.97
   1173.24255    0.9362400      51.40
   1173.24414    0.9425200      51.74
   1173.24573    0.9474200      52.01
   1173.24731    0.9511700      52.22
   1173.24890    0.9540300      52.37
   1173.25049    0.9561900      52.49
   1173.25208    0.9578000      52.58
   1173.25366    0.9587600      52.63
   1173.25525    0.9588600      52.64
   1173.25684    0.9581300      52.60
   1173.25842    0.9570000      52.54
   1173.26001    0.9557200      52.47
   1173.26160    0.9540300      52.37
   1173.26318    0.9516800      52.24
   1173.26477    0.9489200      52.09
   1173.26636    0.9458700      51.92
   1173.26794    0.9417100      51.70
   1173.26953    0.9354800      51.35
   1173.27112    0.9271800      50.90
   1173.27271    0.9170500      50.34
   1173.27429    0.9038200      49.62
   1173.27588    0.8850600      48.59
   1173.27747    0.8592100      47.17
   1173.27905    0.8251300      45.30
   1173.28064    0.7793700      42.78
   1173.28223    0.7180400      39.42
   1173.28381    0.6460200      35.46
   1173.28540    0.5834200      32.03
   1173.28699    0.5564500      30.55
   1173.28857    0.5774900      31.70
   1173.29016    0.6344300      34.83
   1173.29175    0.7012200      38.49
   1173.29333    0.7577300      41.59
   1173.29492    0.7988200      43.85
   1173.29651    0.8280000      45.45
   1173.29810    0.8482500      46.56
   1173.29968    0.8602700      47.22
   1173.30127    0.8652600      47.50
   1173.30286    0.8653200      47.50
   1173.30444    0.8614500      47.29
   1173.30603    0.8531900      46.83
   1173.30762    0.8399500      46.11
   1173.30920    0.8211100      45.07
   1173.31079    0.7950800      43.64
   1173.31238    0.7593500      41.68
   1173.31409    0.7114100      39.05
   1173.31567    0.6485700      35.60
   1173.31726    0.5676800      31.16
   1173.31885    0.4682200      25.70
   1173.32043    0.3583900      19.67
   1173.32202    0.2579500      14.16
   1173.32361    0.1924200      10.56
   1173.32520    0.1809900       9.93
   1173.32678    0.2264700      12.43
   1173.32837    0.3143900      17.26
   1173.32996    0.4211800      23.12
   1173.33154    0.5255100      28.84
   1173.33313    0.6152300      33.77
   1173.33472    0.6873200      37.73
   1173.33630    0.7434400      40.81
   1173.33789    0.7862500      43.16
   1173.33948    0.8185800      44.93
   1173.34106    0.8433500      46.29
   1173.34265    0.8629900      47.37
   1173.34424    0.8787800      48.23
   1173.34583    0.8913400      48.92
   1173.34741    0.9013800      49.47
   1173.34900    0.9097600      49.93
   1173.35059    0.9169300      50.33
   1173.35217    0.9230300      50.66
   1173.35376    0.9282500      50.95
   1173.35535    0.9328400      51.20
   1173.35693    0.9369100      51.42
   1173.35852    0.9404300      51.62
   1173.36011    0.9434400      51.78
   1173.36169    0.9456900      51.91
   1173.36328    0.9466500      51.96
   1173.36487    0.9461600      51.93
   1173.36646    0.9447400      51.85
   1173.36804    0.9428800      51.75
   1173.36963    0.9402400      51.61
   1173.37122    0.9365100      51.40
   1173.37280    0.9328200      51.20
   1173.37439    0.9312500      51.11
   1173.37598    0.9328200      51.20
   1173.37756    0.9368800      51.42
   1173.37915    0.9423200      51.72
   1173.38074    0.9482500      52.04
   1173.38232    0.9533100      52.32
   1173.38391    0.9559200      52.46
   1173.38550    0.9559700      52.47
   1173.38721    0.9546600      52.40
   1173.38879    0.9511800      52.20
   1173.39038    0.9416100      51.68
   1173.39197    0.9242600      50.73
   1173.39355    0.9057600      49.71
   1173.39514    0.8980500      49.29
   1173.39673    0.9072600      49.79
   1173.39832    0.9272100      50.89
   1173.39990    0.9458600      51.91
   1173.40149    0.9567000      52.51
   1173.40308    0.9618500      52.79
   1173.40466    0.9656800      53.00
   1173.40625    0.9691000      53.19
   1173.40784    0.9707600      53.28
   1173.40942    0.9707100      53.27
   1173.41101    0.9705500      53.27
   1173.41260    0.9710000      53.29
   1173.41418    0.9715600      53.32
   1173.41577    0.9721100      53.35
   1173.41736    0.9731800      53.41
   1173.41895    0.9747500      53.49
   1173.42053    0.9759500      53.56
   1173.42212    0.9763600      53.58
   1173.42371    0.9766500      53.60
   1173.42529    0.9774100      53.64
   1173.42688    0.9783100      53.69
   1173.42847    0.9787200      53.71
   1173.43005    0.9786400      53.71
   1173.43164    0.9783900      53.69
   1173.43323    0.9779700      53.67
   1173.43481    0.9772400      53.63
   1173.43640    0.9766200      53.60
   1173.43799    0.9767200      53.60
   1173.43958    0.9775200      53.65
   1173.44116    0.9782400      53.68
   1173.44275    0.9783700      53.69
   1173.44434    0.9781900      53.68
   1173.44592    0.9782200      53.68
   1173.44751    0.9784600      53.70
   1173.44910    0.9785200      53.70
   1173.45068    0.9782700      53.69
   1173.45227    0.9780600      53.67
   1173.45386    0.9782500      53.68
   1173.45557    0.9787400      53.71
   1173.45715    0.9790300      53.73
   1173.45874    0.9788000      53.71
   1173.46033    0.9782600      53.68
   1173.46191    0.9778600      53.66
   1173.46350    0.9778000      53.66
   1173.46509    0.9777600      53.66
   1173.46667    0.9773900      53.64
   1173.46826    0.9767300      53.60
   1173.46985    0.9761100      53.56
   1173.47144    0.9756800      53.54
   1173.47302    0.9752200      53.52
   1173.47461    0.9745300      53.48
   1173.47620    0.9737900      53.44
   1173.47778    0.9732800      53.41
   1173.47937    0.9730500      53.40
   1173.48096    0.9727800      53.38
   1173.48254    0.9721700      53.35
   1173.48413    0.9712100      53.29
   1173.48572    0.9700200      53.23
   1173.48730    0.9687100      53.16
   1173.48889    0.9672800      53.08
   1173.49048    0.9657400      52.99
   1173.49207    0.9641000      52.90
   1173.49365    0.9623500      52.81
   1173.49524    0.9603500      52.70
   1173.49683    0.9579400      52.57
   1173.49841    0.9550600      52.41
   1173.50000    0.9517600      52.23
   1173.50159    0.9480200      52.02
   1173.50317    0.9436400      51.78
   1173.50476    0.9383900      51.49
   1173.50635    0.9322300      51.15
   1173.50793    0.9251700      50.77
   1173.50952    0.9169000      50.31
   1173.51111    0.9069500      49.77
   1173.51270    0.8954100      49.13
   1173.51428    0.8834300      48.47
   1173.51587    0.8726400      47.88
   1173.51746    0.8639200      47.40
   1173.51917    0.8568100      47.01
   1173.52075    0.8498500      46.63
   1173.52234    0.8414200      46.17
   1173.52393    0.8304800      45.57
   1173.52551    0.8174100      44.85
   1173.52710    0.8047100      44.15
   1173.52869    0.7965000      43.70
   1173.53027    0.7962500      43.69
   1173.53186    0.8043600      44.13
   1173.53345    0.8181300      44.89
   1173.53503    0.8338100      45.75
   1173.53662    0.8487500      46.57
   1173.53821    0.8616800      47.28
   1173.53979    0.8719400      47.84
   1173.54138    0.8793200      48.25
   1173.54297    0.8842700      48.52
   1173.54456    0.8875400      48.70
   1173.54614    0.8894600      48.80
   1173.54773    0.8898400      48.82
   1173.54932    0.8886900      48.76
   1173.55090    0.8866000      48.65
   1173.55249    0.8840300      48.50
   1173.55408    0.8807500      48.32
   1173.55566    0.8763200      48.08
   1173.55725    0.8707700      47.78
   1173.55884    0.8644200      47.43
   1173.56042    0.8573000      47.04
   1173.56201    0.8490100      46.58
   1173.56360    0.8393400      46.05
   1173.56519    0.8283900      45.45
   1173.56677    0.8161500      44.78
   1173.56836    0.8021500      44.01
   1173.56995    0.7857300      43.11
   1173.57153    0.7664000      42.05
   1173.57312    0.7437600      40.81
   1173.57471    0.7172600      39.35
   1173.57629    0.6861900      37.65
   1173.57788    0.6497700      35.65
   1173.57959    0.6071000      33.31
   1173.58118    0.5570700      30.56
   1173.58276    0.4987500      27.36
   1173.58435    0.4318400      23.69
   1173.58594    0.3572800      19.60
   1173.58752    0.2778900      15.25
   1173.58911    0.1991800      10.93
   1173.59070    0.1288500       7.07
   1173.59229    0.0742600       4.07
   1173.59387    0.0389200       2.14
   1173.59546    0.0209700       1.15
   1173.59705    0.0153000       0.84
   1173.59863    0.0173900       0.95
   1173.60022    0.0260700       1.43
   1173.60181    0.0436100       2.39
   1173.60339    0.0737500       4.05
   1173.60498    0.1189000       6.52
   1173.60657    0.1778800       9.76
   1173.60815    0.2455500      13.47
   1173.60974    0.3148300      17.27
   1173.61133    0.3799200      20.84
   1173.61292    0.4385000      24.06
   1173.61450    0.4912900      26.95
   1173.61609    0.5400000      29.63
   1173.61768    0.5854600      32.12
   1173.61926    0.6271900      34.41
   1173.62085    0.6643600      36.45
   1173.62244    0.6968400      38.23
   1173.62402    0.7252500      39.79
   1173.62561    0.7501300      41.15
   1173.62720    0.7713600      42.32
   1173.62878    0.7887400      43.27
   1173.63037    0.8029300      44.05
   1173.63196    0.8151800      44.72
   1173.63354    0.8261800      45.32
   1173.63513    0.8356000      45.84
   1173.63672    0.8430800      46.25
   1173.63843    0.8491200      46.58
   1173.64001    0.8544800      46.88
   1173.64160    0.8591300      47.13
   1173.64319    0.8624200      47.31
   1173.64478    0.8642000      47.41
   1173.64636    0.8647800      47.44
   1173.64795    0.8641000      47.40
   1173.64954    0.8614400      47.26
   1173.65112    0.8563500      46.98
   1173.65271    0.8488600      46.57
   1173.65430    0.8384500      46.00
   1173.65588    0.8235700      45.18
   1173.65747    0.8026800      44.03
   1173.65906    0.7749900      42.51
   1173.66064    0.7398600      40.59
   1173.66223    0.6971100      38.24
   1173.66382    0.6503000      35.67
   1173.66541    0.6095300      33.44
   1173.66699    0.5879200      32.25
   1173.66858    0.5930200      32.53
   1173.67017    0.6211900      34.08
   1173.67175    0.6608100      36.25
   1173.67334    0.7004000      38.42
   1173.67493    0.7336800      40.25
   1173.67651    0.7591900      41.65
   1173.67810    0.7777200      42.66
   1173.67969    0.7908700      43.38
   1173.68127    0.8003700      43.90
   1173.68286    0.8074500      44.29
   1173.68445    0.8127300      44.58
   1173.68604    0.8166600      44.80
   1173.68762    0.8196300      44.96
   1173.68921    0.8216100      45.07
   1173.69080    0.8222500      45.10
   1173.69250    0.8214500      45.06
   1173.69409    0.8191000      44.93
   1173.69568    0.8143000      44.67
   1173.69727    0.8056600      44.19
   1173.69885    0.7924400      43.47
   1173.70044    0.7744900      42.48
   1173.70203    0.7508000      41.18
   1173.70361    0.7194400      39.46
   1173.70520    0.6791100      37.25
   1173.70679    0.6295700      34.53
   1173.70837    0.5699200      31.26
   1173.70996    0.4987700      27.36
   1173.71155    0.4186400      22.96
   1173.71313    0.3390500      18.60
   1173.71472    0.2724300      14.94
   1173.71631    0.2269900      12.45
   1173.71790    0.2059700      11.30
   1173.71948    0.2130500      11.69
   1173.72107    0.2531200      13.88
   1173.72266    0.3242200      17.78
   1173.72424    0.4114500      22.57
   1173.72583    0.4939900      27.10
   1173.72742    0.5588200      30.65
   1173.72900    0.6053600      33.20
   1173.73059    0.6376600      34.98
   1173.73218    0.6564800      36.01
   1173.73376    0.6602900      36.22
   1173.73535    0.6497000      35.64
   1173.73694    0.6270400      34.39
   1173.73853    0.5938800      32.57
   1173.74011    0.5535400      30.36
   1173.74170    0.5162200      28.31
   1173.74329    0.4972300      27.27
   1173.74487    0.5070700      27.81
   1173.74658    0.5437900      29.83
   1173.74817    0.5959500      32.69
   1173.74976    0.6514800      35.73
   1173.75134    0.7032000      38.57
   1173.75293    0.7480900      41.03
   1173.75452    0.7850700      43.06
   1173.75610    0.8144700      44.67
   1173.75769    0.8378300      45.95
   1173.75928    0.8567900      46.99
   1173.76086    0.8721300      47.83
   1173.76245    0.8842900      48.50
   1173.76404    0.8940000      49.03
   1173.76562    0.9021200      49.48
   1173.76721    0.9090800      49.86
   1173.76880    0.9150000      50.18
   1173.77039    0.9200400      50.46
   1173.77197    0.9244300      50.70
   1173.77356    0.9282000      50.91
   1173.77515    0.9313200      51.08
   1173.77673    0.9339300      51.22
   1173.77832    0.9361200      51.34
   1173.77991    0.9377400      51.43
   1173.78149    0.9387500      51.49
   1173.78308    0.9395600      51.53
   1173.78467    0.9407400      51.59
   1173.78625    0.9423600      51.68
   1173.78784    0.9440300      51.77
   1173.78943    0.9454500      51.85
   1173.79102    0.9466800      51.92
   1173.79260    0.9478800      51.99
   1173.79419    0.9489400      52.04
   1173.79578    0.9497200      52.09
   1173.79749    0.9501800      52.11
   1173.79907    0.9503200      52.12
   1173.80066    0.9500900      52.11
   1173.80225    0.9495600      52.08
   1173.80383    0.9489600      52.04
   1173.80542    0.9484000      52.01
   1173.80701    0.9476800      51.97
   1173.80859    0.9465800      51.91
   1173.81018    0.9451900      51.84
   1173.81177    0.9438600      51.76
   1173.81335    0.9426100      51.69
   1173.81494    0.9412000      51.62
   1173.81653    0.9394200      51.52
   1173.81812    0.9372600      51.40
   1173.81970    0.9346600      51.26
   1173.82129    0.9314000      51.08
   1173.82288    0.9273700      50.86
   1173.82446    0.9229300      50.61
   1173.82605    0.9187700      50.39
   1173.82764    0.9154700      50.20
   1173.82922    0.9133600      50.09
   1173.83081    0.9124400      50.04
   1173.83240    0.9123400      50.03
   1173.83398    0.9124800      50.04
   1173.83557    0.9122700      50.03
   1173.83716    0.9114200      49.98
   1173.83875    0.9098800      49.90
   1173.84033    0.9076300      49.77
   1173.84192    0.9047600      49.62
   1173.84351    0.9014800      49.44
   1173.84509    0.8979000      49.24
   1173.84680    0.8937700      49.01
   1173.84839    0.8886500      48.73
   1173.84998    0.8824200      48.39
   1173.85156    0.8754200      48.01
   1173.85315    0.8680600      47.60
   1173.85474    0.8604600      47.19
   1173.85632    0.8525100      46.75
   1173.85791    0.8440500      46.29
   1173.85950    0.8348100      45.78
   1173.86108    0.8242700      45.20
   1173.86267    0.8119600      44.53
   1173.86426    0.7977900      43.75
   1173.86584    0.7818700      42.88
   1173.86743    0.7640200      41.90
   1173.86902    0.7436300      40.78
   1173.87061    0.7201500      39.49
   1173.87219    0.6933400      38.02
   1173.87378    0.6630400      36.36
   1173.87537    0.6288100      34.48
   1173.87695    0.5899600      32.35
   1173.87854    0.5459600      29.94
   1173.88013    0.4967300      27.24
   1173.88171    0.4425600      24.27
   1173.88330    0.3841900      21.07
   1173.88489    0.3230800      17.72
   1173.88647    0.2616400      14.35
   1173.88806    0.2032000      11.14
   1173.88965    0.1516200       8.31
   1173.89124    0.1104200       6.05
   1173.89282    0.0818200       4.49
   1173.89453    0.0662900       3.63
   1173.89612    0.0632100       3.47
   1173.89771    0.0720700       3.95
   1173.89929    0.0930400       5.10
   1173.90088    0.1263200       6.93
   1173.90247    0.1709500       9.37
   1173.90405    0.2242600      12.30
   1173.90564    0.2825000      15.49
   1173.90723    0.3419700      18.75
   1173.90881    0.3998200      21.92
   1173.91040    0.4540900      24.90
   1173.91199    0.5035600      27.61
   1173.91357    0.5477500      30.03
   1173.91516    0.5869800      32.19
   1173.91675    0.6219600      34.10
   1173.91833    0.6532900      35.82
   1173.91992    0.6811500      37.35
   1173.92151    0.7057000      38.69
   1173.92310    0.7273900      39.88
   1173.92468    0.7469100      40.95
   1173.92627    0.7646000      41.92
   1173.92786    0.7804800      42.79
   1173.92944    0.7946100      43.57
   1173.93103    0.8073400      44.27
   1173.93262    0.8189500      44.90
   1173.93420    0.8293300      45.47
   1173.93579    0.8381300      45.95
   1173.93738    0.8453500      46.35
   1173.93896    0.8513800      46.68
   1173.94067    0.8564700      46.96
   1173.94226    0.8604700      47.18
   1173.94385    0.8631300      47.32
   1173.94543    0.8643600      47.39
   1173.94702    0.8641500      47.38
   1173.94861    0.8622100      47.27
   1173.95020    0.8580000      47.04
   1173.95178    0.8509500      46.66
   1173.95337    0.8405600      46.09
   1173.95496    0.8265600      45.32
   1173.95654    0.8095900      44.39
   1173.95813    0.7922100      43.44
   1173.95972    0.7789000      42.71
   1173.96130    0.7741700      42.45
   1173.96289    0.7798700      42.76
   1173.96448    0.7937700      43.52
   1173.96606    0.8110100      44.47
   1173.96765    0.8271300      45.35
   1173.96924    0.8401900      46.06
   1173.97083    0.8503100      46.62
   1173.97241    0.8580100      47.04
   1173.97400    0.8631400      47.32
   1173.97559    0.8654600      47.45
   1173.97717    0.8652700      47.44
   1173.97876    0.8631500      47.32
   1173.98035    0.8592000      47.11
   1173.98193    0.8530800      46.77
   1173.98352    0.8445600      46.30
   1173.98511    0.8337600      45.71
   1173.98682    0.8206400      44.99
   1173.98840    0.8046000      44.11
   1173.98999    0.7847200      43.02
   1173.99158    0.7602400      41.68
   1173.99316    0.7306200      40.06
   1173.99475    0.6954200      38.13
   1173.99634    0.6545300      35.88
   1173.99792    0.6084800      33.36
   1173.99951    0.5585900      30.62
   1174.00110    0.5074200      27.82
   1174.00269    0.4597500      25.21
   1174.00427    0.4227600      23.18
   1174.00586    0.4041300      22.16
   1174.00745    0.4082900      22.38
   1174.00903    0.4340100      23.79
   1174.01062    0.4753900      26.06
   1174.01221    0.5251600      28.79
   1174.01379    0.5773700      31.65
   1174.01538    0.6280500      34.43
   1174.01697    0.6747300      36.99
   1174.01855    0.7160200      39.25
   1174.02014    0.7515100      41.20
   1174.02173    0.7815600      42.85
   1174.02332    0.8068700      44.23
   1174.02490    0.8282700      45.41
   1174.02649    0.8465300      46.41
   1174.02808    0.8622100      47.27
   1174.02979    0.8755600      48.00
   1174.03137    0.8867900      48.61
   1174.03296    0.8964100      49.14
   1174.03455    0.9049600      49.61
   1174.03613    0.9126100      50.03
   1174.03772    0.9191500      50.39
   1174.03931    0.9245500      50.68
   1174.04089    0.9292800      50.94
   1174.04248    0.9337200      51.19
   1174.04407    0.9375800      51.40
   1174.04565    0.9402700      51.54
   1174.04724    0.9417000      51.62
   1174.04883    0.9424300      51.66
   1174.05042    0.9428000      51.68
   1174.05200    0.9423700      51.66
   1174.05359    0.9404600      51.55
   1174.05518    0.9370000      51.36
   1174.05676    0.9324000      51.11
   1174.05835    0.9268400      50.81
   1174.05994    0.9202000      50.44
   1174.06152    0.9128000      50.04
   1174.06311    0.9058400      49.66
   1174.06470    0.9006800      49.37
   1174.06628    0.8980400      49.23
   1174.06787    0.8979900      49.23
   1174.06946    0.9004700      49.36
   1174.07104    0.9052500      49.62
   1174.07275    0.9117100      49.98
   1174.07434    0.9190000      50.38
   1174.07593    0.9266800      50.80
   1174.07751    0.9347300      51.24
   1174.07910    0.9429000      51.69
   1174.08069    0.9504500      52.10
   1174.08228    0.9566900      52.44
   1174.08386    0.9616300      52.71
   1174.08545    0.9657400      52.94
   1174.08704    0.9693500      53.13
   1174.08862    0.9724600      53.31
   1174.09021    0.9749600      53.44
   1174.09180    0.9767900      53.54
   1174.09338    0.9779500      53.61
   1174.09497    0.9786400      53.64
   1174.09656    0.9793000      53.68
   1174.09814    0.9801200      53.72
   1174.09973    0.9808200      53.76
   1174.10132    0.9810300      53.77
   1174.10291    0.9809500      53.77
   1174.10449    0.9811600      53.78
   1174.10608    0.9817800      53.81
   1174.10767    0.9823200      53.84
   1174.10925    0.9824700      53.85
   1174.11084    0.9825500      53.86
   1174.11243    0.9829000      53.88
   1174.11414    0.9832700      53.90
   1174.11572    0.9831800      53.89
   1174.11731    0.9826800      53.86
   1174.11890    0.9823000      53.84
   1174.12048    0.9822100      53.84
   1174.12207    0.9820400      53.83
   1174.12366    0.9813200      53.79
   1174.12524    0.9797300      53.70
   1174.12683    0.9770400      53.55
   1174.12842    0.9733400      53.35
   1174.13000    0.9695900      53.14
   1174.13159    0.9675200      53.03
   1174.13318    0.9683900      53.08
   1174.13477    0.9718700      53.27
   1174.13635    0.9763300      53.51
   1174.13794    0.9801300      53.72
   1174.13953    0.9826300      53.86
   1174.14111    0.9840500      53.94
   1174.14270    0.9849700      53.99
   1174.14429    0.9858000      54.03
   1174.14587    0.9865100      54.07
   1174.14746    0.9868800      54.09
   1174.14905    0.9868400      54.09
   1174.15063    0.9867300      54.08
   1174.15222    0.9869500      54.09
   1174.15381    0.9875000      54.12
   1174.15552    0.9880800      54.16
   1174.15710    0.9886200      54.18
   1174.15869    0.9892300      54.22
   1174.16028    0.9898400      54.25
   1174.16187    0.9901500      54.27
   1174.16345    0.9901300      54.27
   1174.16504    0.9902400      54.27
   1174.16663    0.9907500      54.30
   1174.16821    0.9913700      54.33
   1174.16980    0.9915800      54.35
   1174.17139    0.9913800      54.33
   1174.17297    0.9911300      54.32
   1174.17456    0.9909900      54.31
   1174.17615    0.9908500      54.30
   1174.17773    0.9907700      54.30
   1174.17932    0.9909800      54.31
   1174.18091    0.9914400      54.34
   1174.18250    0.9916900      54.35
   1174.18408    0.9915300      54.34
   1174.18567    0.9913100      54.33
   1174.18726    0.9913900      54.33
   1174.18884    0.9915600      54.34
   1174.19043    0.9914700      54.34
   1174.19202    0.9911700      54.32
   1174.19360    0.9910300      54.31
   1174.19531    0.9910400      54.31
   1174.19690    0.9908600      54.30
   1174.19849    0.9904000      54.28
   1174.20007    0.9899600      54.25
   1174.20166    0.9895800      54.23
   1174.20325    0.9888700      54.19
   1174.20483    0.9876400      54.13
   1174.20642    0.9865400      54.07
   1174.20801    0.9864700      54.06
   1174.20959    0.9874300      54.11
   1174.21118    0.9885500      54.18
   1174.21277    0.9891100      54.21
   1174.21436    0.9892500      54.21
   1174.21594    0.9895200      54.23
   1174.21753    0.9900100      54.25
   1174.21912    0.9904500      54.28
   1174.22070    0.9907200      54.29
   1174.22229    0.9910000      54.31
   1174.22388    0.9914000      54.33
   1174.22546    0.9917000      54.35
   1174.22705    0.9916500      54.34
   1174.22864    0.9913500      54.33
   1174.23022    0.9911300      54.31
   1174.23181    0.9911200      54.31
   1174.23352    0.9911500      54.32
   1174.23511    0.9909700      54.31
   1174.23669    0.9905600      54.28
   1174.23828    0.9900700      54.26
   1174.23987    0.9895000      54.22
   1174.24146    0.9886500      54.18
   1174.24304    0.9872500      54.10
   1174.24463    0.9854000      54.00
   1174.24622    0.9835900      53.90
   1174.24780    0.9823000      53.83
   1174.24939    0.9817500      53.80
   1174.25098    0.9818100      53.80
   1174.25256    0.9821800      53.82
   1174.25415    0.9826400      53.85
   1174.25574    0.9830700      53.87
   1174.25732    0.9835400      53.90
   1174.25891    0.9841600      53.93
   1174.26050    0.9850100      53.98
   1174.26208    0.9859900      54.03
   1174.26367    0.9868800      54.08
   1174.26526    0.9874400      54.11
   1174.26685    0.9875600      54.12
   1174.26843    0.9872200      54.10
   1174.27002    0.9865500      54.06
   1174.27173    0.9857400      54.02
   1174.27332    0.9849100      53.97
   1174.27490    0.9839600      53.92
   1174.27649    0.9827400      53.85
   1174.27808    0.9812400      53.77
   1174.27966    0.9797200      53.68
   1174.28125    0.9785800      53.62
   1174.28284    0.9782900      53.61
   1174.28442    0.9791400      53.65
   1174.28601    0.9809000      53.75
   1174.28760    0.9828600      53.86
   1174.28918    0.9843800      53.94
   1174.29077    0.9854700      54.00
   1174.29236    0.9866200      54.06
   1174.29395    0.9879900      54.14
   1174.29553    0.9890800      54.20
   1174.29712    0.9893800      54.21
   1174.29871    0.9891800      54.20
   1174.30029    0.9891800      54.20
   1174.30188    0.9896500      54.23
   1174.30347    0.9902400      54.26
   1174.30505    0.9906700      54.28
   1174.30664    0.9911200      54.31
   1174.30835    0.9917900      54.34
   1174.30994    0.9924700      54.38
   1174.31152    0.9928500      54.40
   1174.31311    0.9929000      54.40
   1174.31470    0.9928700      54.40
   1174.31628    0.9928300      54.40
   1174.31787    0.9927200      54.39
   1174.31946    0.9926200      54.39
   1174.32104    0.9927100      54.39
   1174.32263    0.9930100      54.41
   1174.32422    0.9933600      54.43
   1174.32581    0.9936700      54.44
   1174.32739    0.9939900      54.46
   1174.32898    0.9942300      54.48
   1174.33057    0.9941600      54.47
   1174.33215    0.9937300      54.45
   1174.33374    0.9932900      54.42
   1174.33533    0.9932200      54.42
   1174.33691    0.9934300      54.43
   1174.33850    0.9935100      54.43
   1174.34009    0.9933000      54.42
   1174.34167    0.9929500      54.40
   1174.34326    0.9926200      54.39
   1174.34497    0.9921600      54.36
   1174.34656    0.9913500      54.32
   1174.34814    0.9901800      54.25
   1174.34973    0.9888700      54.18
   1174.35132    0.9875500      54.11
   1174.35291    0.9860800      54.03
   1174.35449    0.9842600      53.93
   1174.35608    0.9819800      53.80
   1174.35767    0.9793000      53.65
   1174.35925    0.9762500      53.49
   1174.36084    0.9728200      53.30
   1174.36243    0.9691800      53.10
   1174.36401    0.9656600      52.91
   1174.36560    0.9626000      52.74
   1174.36719    0.9601700      52.61
   1174.36877    0.9584800      52.51
   1174.37036    0.9577900      52.47
   1174.37195    0.9584300      52.51
   1174.37354    0.9603900      52.62
   1174.37512    0.9631700      52.77
   1174.37671    0.9662300      52.94
   1174.37830    0.9693400      53.11
   1174.37988    0.9725300      53.28
   1174.38159    0.9757000      53.45
   1174.38318    0.9785800      53.61
   1174.38477    0.9810000      53.74
   1174.38635    0.9831000      53.86
   1174.38794    0.9850400      53.97
   1174.38953    0.9868200      54.06
   1174.39111    0.9883600      54.15
   1174.39270    0.9896700      54.22
   1174.39429    0.9907800      54.28
   1174.39587    0.9916600      54.33
   1174.39746    0.9922300      54.36
   1174.39905    0.9925400      54.38
   1174.40063    0.9926500      54.38
   1174.40222    0.9926100      54.38
   1174.40381    0.9924700      54.37
   1174.40540    0.9923900      54.37
   1174.40698    0.9925000      54.37
   1174.40857    0.9927000      54.38
   1174.41016    0.9927100      54.38
   1174.41174    0.9923500      54.36
   1174.41333    0.9917200      54.33
   1174.41492    0.9909600      54.29
   1174.41663    0.9901300      54.24
   1174.41821    0.9893400      54.20
   1174.41980    0.9888000      54.17
   1174.42139    0.9886200      54.16
   1174.42297    0.9885700      54.16
   1174.42456    0.9883700      54.14
   1174.42615    0.9880300      54.13
   1174.42773    0.9877800      54.11
   1174.42932    0.9876100      54.10
   1174.43091    0.9871300      54.08
   1174.43250    0.9860500      54.02
   1174.43408    0.9845700      53.94
   1174.43567    0.9830900      53.85
   1174.43726    0.9817500      53.78
   1174.43884    0.9802700      53.70
   1174.44043    0.9783800      53.60
   1174.44202    0.9760600      53.47
   1174.44360    0.9733800      53.32
   1174.44519    0.9704200      53.16
   1174.44678    0.9672500      52.99
   1174.44836    0.9639600      52.81
   1174.44995    0.9604100      52.61
   1174.45166    0.9562400      52.38
   1174.45325    0.9512000      52.11
   1174.45483    0.9453600      51.79
   1174.45642    0.9388100      51.43
   1174.45801    0.9312900      51.01
   1174.45959    0.9223000      50.52
   1174.46118    0.9114300      49.93
   1174.46277    0.8983400      49.21
   1174.46436    0.8827300      48.35
   1174.46594    0.8650700      47.39
   1174.46753    0.8477400      46.44
   1174.46912    0.8349300      45.74
   1174.47070    0.8306400      45.50
   1174.47229    0.8360900      45.80
   1174.47388    0.8489700      46.50
   1174.47546    0.8650500      47.38
   1174.47705    0.8804000      48.23
   1174.47864    0.8927700      48.90
   1174.48022    0.9014400      49.38
   1174.48181    0.9066200      49.66
   1174.48340    0.9089900      49.79
   1174.48499    0.9096000      49.82
   1174.48669    0.9098600      49.84
   1174.48828    0.9114000      49.92
   1174.48987    0.9153100      50.14
   1174.49146    0.9215900      50.48
   1174.49304    0.9292700      50.90
   1174.49463    0.9373000      51.34
   1174.49622    0.9450800      51.77
   1174.49780    0.9522300      52.16
   1174.49939    0.9582600      52.49
   1174.50098    0.9628500      52.74
   1174.50256    0.9663500      52.93
   1174.50415    0.9694400      53.10
   1174.50574    0.9723400      53.26
   1174.50732    0.9746400      53.38
   1174.50891    0.9761000      53.46
   1174.51050    0.9772000      53.52
   1174.51208    0.9786300      53.60
   1174.51367    0.9804200      53.70
   1174.51526    0.9819900      53.79
   1174.51685    0.9829000      53.84
   1174.51843    0.9833300      53.86
   1174.52014    0.9837300      53.88
   1174.52173    0.9842400      53.91
   1174.52332    0.9847100      53.93
   1174.52490    0.9850300      53.95
   1174.52649    0.9851500      53.96
   1174.52808    0.9850300      53.95
   1174.52966    0.9846000      53.93
   1174.53125    0.9840000      53.90
   1174.53284    0.9835400      53.87
   1174.53442    0.9833800      53.86
   1174.53601    0.9832600      53.85
   1174.53760    0.9828100      53.83
   1174.53918    0.9819800      53.78
   1174.54077    0.9812200      53.74
   1174.54236    0.9809200      53.73
   1174.54395    0.9809000      53.72
   1174.54553    0.9806300      53.71
   1174.54712    0.9799200      53.67
   1174.54871    0.9792100      53.63
   1174.55029    0.9788900      53.61
   1174.55200    0.9787200      53.60
   1174.55359    0.9781300      53.57
   1174.55518    0.9771000      53.51
   1174.55676    0.9762400      53.47
   1174.55835    0.9760100      53.45
   1174.55994    0.9761600      53.46
   1174.56152    0.9762500      53.47
   1174.56311    0.9762600      53.47
   1174.56470    0.9765000      53.48
   1174.56628    0.9769100      53.50
   1174.56787    0.9769200      53.50
   1174.56946    0.9761600      53.46
   1174.57104    0.9748700      53.39
   1174.57263    0.9735200      53.32
   1174.57422    0.9722000      53.24
   1174.57581    0.9706100      53.16
   1174.57739    0.9684600      53.04
   1174.57898    0.9657500      52.89
   1174.58057    0.9625400      52.72
   1174.58215    0.9588800      52.51
   1174.58374    0.9546900      52.28
   1174.58545    0.9498100      52.02
   1174.58704    0.9438900      51.69
   1174.58862    0.9364800      51.29
   1174.59021    0.9271100      50.77
   1174.59180    0.9154000      50.13
   1174.59338    0.9010400      49.35
   1174.59497    0.8838000      48.40
   1174.59656    0.8635800      47.29
   1174.59814    0.8405300      46.03
   1174.59973    0.8156800      44.67
   1174.60132    0.7918100      43.36
   1174.60291    0.7735000      42.36
   1174.60449    0.7654700      41.92
   1174.60608    0.7699400      42.17
   1174.60767    0.7853000      43.01
   1174.60925    0.8071800      44.20
   1174.61084    0.8310700      45.51
   1174.61243    0.8540700      46.77
   1174.61401    0.8749000      47.91
   1174.61560    0.8930500      48.91
   1174.61731    0.9083300      49.74
   1174.61890    0.9208600      50.43
   1174.62048    0.9311400      50.99
   1174.62207    0.9396900      51.46
   1174.62366    0.9468700      51.85
   1174.62524    0.9528400      52.18
   1174.62683    0.9577500      52.45
   1174.62842    0.9618200      52.67
   1174.63000    0.9652200      52.86
   1174.63159    0.9680500      53.01
   1174.63318    0.9704000      53.14
   1174.63477    0.9723600      53.25
   1174.63635    0.9740500      53.34
   1174.63794    0.9755100      53.42
   1174.63953    0.9767600      53.49
   1174.64111    0.9779600      53.55
   1174.64270    0.9793100      53.63
   1174.64429    0.9808000      53.71
   1174.64587    0.9820600      53.78
   1174.64746    0.9827600      53.82
   1174.64917    0.9830200      53.83
   1174.65076    0.9833800      53.85
   1174.65234    0.9840800      53.89
   1174.65393    0.9848800      53.93
   1174.65552    0.9854000      53.96
   1174.65710    0.9856700      53.97
   1174.65869    0.9859000      53.99
   1174.66028    0.9860600      54.00
   1174.66187    0.9859200      53.99
   1174.66345    0.9856200      53.97
   1174.66504    0.9856900      53.97
   1174.66663    0.9864000      54.01
   1174.66821    0.9872800      54.06
   1174.66980    0.9876600      54.08
   1174.67139    0.9875200      54.07
   1174.67297    0.9874500      54.07
   1174.67456    0.9878700      54.09
   1174.67615    0.9885100      54.13
   1174.67773    0.9887700      54.14
   1174.67932    0.9884300      54.12
   1174.68103    0.9878500      54.09
   1174.68262    0.9874800      54.07
   1174.68420    0.9873500      54.06
   1174.68579    0.9871500      54.05
   1174.68738    0.9865200      54.02
   1174.68896    0.9855100      53.96
   1174.69055    0.9844600      53.90
   1174.69214    0.9835700      53.86
   1174.69373    0.9825600      53.80
   1174.69531    0.9810000      53.72
   1174.69690    0.9787300      53.59
   1174.69849    0.9761000      53.45
   1174.70007    0.9735700      53.31
   1174.70166    0.9713500      53.19
   1174.70325    0.9694700      53.08
   1174.70483    0.9680200      53.00
   1174.70642    0.9671600      52.96
   1174.70801    0.9669700      52.95
   1174.70959    0.9673800      52.97
   1174.71130    0.9683900      53.02
   1174.71289    0.9701200      53.12
   1174.71448    0.9725400      53.25
   1174.71606    0.9752700      53.40
   1174.71765    0.9778200      53.54
   1174.71924    0.9798800      53.65
   1174.72083    0.9814100      53.74
   1174.72241    0.9825000      53.79
   1174.72400    0.9832900      53.84
   1174.72559    0.9839300      53.87
   1174.72717    0.9845900      53.91
   1174.72876    0.9852700      53.95
   1174.73035    0.9858000      53.97
   1174.73193    0.9860300      53.99
   1174.73352    0.9859600      53.98
   1174.73511    0.9858200      53.98
   1174.73669    0.9857300      53.97
   1174.73828    0.9856600      53.97
   1174.73987    0.9854600      53.95
   1174.74158    0.9851400      53.94
   1174.74316    0.9848500      53.92
   1174.74475    0.9847200      53.91
   1174.74634    0.9847100      53.91
   1174.74792    0.9846400      53.91
   1174.74951    0.9843500      53.89
   1174.75110    0.9838700      53.87
   1174.75269    0.9833100      53.84
   1174.75427    0.9828200      53.81
   1174.75586    0.9824100      53.79
   1174.75745    0.9819600      53.76
   1174.75903    0.9812200      53.72
   1174.76062    0.9801100      53.66
   1174.76221    0.9788400      53.59
   1174.76379    0.9777200      53.53
   1174.76538    0.9768000      53.48
   1174.76697    0.9757800      53.42
   1174.76855    0.9744100      53.35
   1174.77014    0.9728200      53.26
   1174.77185    0.9712700      53.17
   1174.77344    0.9697900      53.09
   1174.77502    0.9681000      53.00
   1174.77661    0.9660400      52.89
   1174.77820    0.9636400      52.76
   1174.77979    0.9608300      52.60
   1174.78137    0.9573300      52.41
   1174.78296    0.9532000      52.18
   1174.78455    0.9491300      51.96
   1174.78613    0.9457800      51.78
   1174.78772    0.9429000      51.62
   1174.78931    0.9394300      51.43
   1174.79089    0.9346000      51.17
   1174.79248    0.9285700      50.84
   1174.79407    0.9218700      50.47
   1174.79565    0.9145000      50.06
   1174.79724    0.9059500      49.60
   1174.79883    0.8959900      49.05
   1174.80042    0.8850800      48.45
   1174.80212    0.8737300      47.83
   1174.80371    0.8619600      47.19
   1174.80530    0.8493300      46.50
   1174.80688    0.8356800      45.75
   1174.80847    0.8214000      44.97
   1174.81006    0.8070400      44.18
   1174.81165    0.7929300      43.41
   1174.81323    0.7790300      42.65
   1174.81482    0.7654300      41.90
   1174.81641    0.7525400      41.20
   1174.81799    0.7410100      40.57
   1174.81958    0.7313500      40.04
   1174.82117    0.7237500      39.62
   1174.82275    0.7182500      39.32
   1174.82434    0.7150100      39.14
   1174.82593    0.7143200      39.10
   1174.82751    0.7163400      39.21
   1174.82910    0.7208900      39.46
   1174.83081    0.7276700      39.83
   1174.83240    0.7364300      40.31
   1174.83398    0.7471200      40.90
   1174.83557    0.7596600      41.58
   1174.83716    0.7737500      42.36
   1174.83875    0.7888800      43.18
   1174.84033    0.8045700      44.04
   1174.84192    0.8204600      44.91
   1174.84351    0.8362000      45.77
   1174.84509    0.8513300      46.60
   1174.84668    0.8653400      47.37
   1174.84827    0.8779800      48.06
   1174.84985    0.8894900      48.69
   1174.85144    0.9001900      49.28
   1174.85303    0.9100700      49.82
   1174.85461    0.9188800      50.30
   1174.85620    0.9265300      50.72
   1174.85779    0.9333100      51.09
   1174.85950    0.9394800      51.43
   1174.86108    0.9448900      51.72
   1174.86267    0.9492200      51.96
   1174.86426    0.9524500      52.14
   1174.86584    0.9549500      52.27
   1174.86743    0.9569800      52.38
   1174.86902    0.9585800      52.47
   1174.87061    0.9597800      52.54
   1174.87219    0.9608100      52.59
   1174.87378    0.9618500      52.65
   1174.87537    0.9628200      52.70
   1174.87695    0.9635600      52.74
   1174.87854    0.9642100      52.78
   1174.88013    0.9650400      52.82
   1174.88171    0.9661000      52.88
   1174.88330    0.9671500      52.94
   1174.88489    0.9681500      52.99
   1174.88647    0.9693800      53.06
   1174.88818    0.9709300      53.15
   1174.88977    0.9723300      53.22
   1174.89136    0.9731200      53.26
   1174.89294    0.9735100      53.29
   1174.89453    0.9740800      53.32
   1174.89612    0.9748500      53.36
   1174.89771    0.9751600      53.38
   1174.89929    0.9747400      53.35
   1174.90088    0.9742900      53.33
   1174.90247    0.9744500      53.34
   1174.90405    0.9746800      53.35
   1174.90564    0.9738800      53.31
   1174.90723    0.9722100      53.21
   1174.90881    0.9710000      53.15
   1174.91040    0.9706300      53.13
   1174.91199    0.9695500      53.07
   1174.91357    0.9662600      52.89
   1174.91516    0.9612200      52.61
   1174.91687    0.9550700      52.27
   1174.91846    0.9458600      51.77
   1174.92004    0.9307700      50.94
   1174.92163    0.9117600      49.90
   1174.92322    0.8973300      49.11
   1174.92480    0.8960900      49.05
   1174.92639    0.9085400      49.73
   1174.92798    0.9267100      50.72
   1174.92957    0.9418800      51.55
   1174.93115    0.9512400      52.06
   1174.93274    0.9569300      52.37
   1174.93433    0.9611400      52.61
   1174.93591    0.9639500      52.76
   1174.93750    0.9650100      52.82
   1174.93909    0.9649100      52.81
   1174.94067    0.9644800      52.79
   1174.94226    0.9638500      52.75
   1174.94385    0.9629200      52.70
   1174.94556    0.9619600      52.65
   1174.94714    0.9613400      52.61
   1174.94873    0.9608800      52.59
   1174.95032    0.9601800      52.55
   1174.95190    0.9591100      52.49
   1174.95349    0.9577700      52.42
   1174.95508    0.9562100      52.33
   1174.95667    0.9543800      52.23
   1174.95825    0.9522700      52.12
   1174.95984    0.9497600      51.98
   1174.96143    0.9466300      51.81
   1174.96301    0.9429000      51.60
   1174.96460    0.9389400      51.39
   1174.96619    0.9349000      51.17
   1174.96777    0.9303300      50.92
   1174.96936    0.9246000      50.60
   1174.97095    0.9176900      50.22
   1174.97266    0.9100900      49.81
   1174.97424    0.9019000      49.36
   1174.97583    0.8926300      48.85
   1174.97742    0.8816800      48.25
   1174.97900    0.8687800      47.55
   1174.98059    0.8537100      46.72
   1174.98218    0.8358100      45.74
   1174.98376    0.8141800      44.56
   1174.98535    0.7879300      43.12
   1174.98694    0.7562900      41.39
   1174.98853    0.7184700      39.32
   1174.99011    0.6740400      36.89
   1174.99170    0.6232300      34.11
   1174.99329    0.5671600      31.04
   1174.99487    0.5082300      27.81
   1174.99646    0.4512200      24.69
   1174.99805    0.4038900      22.10
   1174.99976    0.3752800      20.54
   1175.00134    0.3717800      20.35
   1175.00293    0.3936900      21.54
   1175.00452    0.4354100      23.83
   1175.00610    0.4887500      26.75
   1175.00769    0.5463900      29.90
   1175.00928    0.6031300      33.01
   1175.01086    0.6554100      35.87
   1175.01245    0.7010700      38.37
   1175.01404    0.7396600      40.48
   1175.01562    0.7721700      42.26
   1175.01721    0.7997200      43.76
   1175.01880    0.8228200      45.03
   1175.02039    0.8417800      46.07
   1175.02197    0.8575100      46.93
   1175.02356    0.8711200      47.67
   1175.02515    0.8830100      48.32
   1175.02686    0.8928900      48.86
   1175.02844    0.9008800      49.30
   1175.03003    0.9078100      49.68
   1175.03162    0.9143200      50.03
   1175.03320    0.9200900      50.35
   1175.03479    0.9245700      50.59
   1175.03638    0.9280000      50.78
   1175.03796    0.9311300      50.95
   1175.03955    0.9342300      51.12
   1175.04114    0.9369000      51.27
   1175.04272    0.9389500      51.38
   1175.04431    0.9408000      51.48
   1175.04590    0.9428200      51.59
   1175.04749    0.9447400      51.70
   1175.04907    0.9461500      51.77
   1175.05066    0.9471000      51.83
   1175.05225    0.9478400      51.87
   1175.05396    0.9483100      51.89
   1175.05554    0.9482500      51.89
   1175.05713    0.9477800      51.86
   1175.05872    0.9473100      51.84
   1175.06030    0.9469400      51.82
   1175.06189    0.9463400      51.78
   1175.06348    0.9452600      51.72
   1175.06506    0.9439100      51.65
   1175.06665    0.9425600      51.58
   1175.06824    0.9411000      51.50
   1175.06982    0.9392800      51.40
   1175.07141    0.9369800      51.27
   1175.07300    0.9342400      51.12
   1175.07458    0.9310300      50.94
   1175.07617    0.9274400      50.75
   1175.07776    0.9237100      50.54
   1175.07935    0.9199000      50.33
   1175.08105    0.9156000      50.10
   1175.08264    0.9103100      49.81
   1175.08423    0.9039900      49.46
   1175.08582    0.8969600      49.08
   1175.08740    0.8891900      48.65
   1175.08899    0.8802300      48.16
   1175.09058    0.8696500      47.58
   1175.09216    0.8572800      46.91
   1175.09375    0.8428200      46.12
   1175.09534    0.8255200      45.17
   1175.09692    0.8046600      44.03
   1175.09851    0.7797200      42.66
   1175.10010    0.7498100      41.03
   1175.10168    0.7132100      39.02
   1175.10327    0.6680300      36.55
   1175.10486    0.6130600      33.54
   1175.10657    0.5474900      29.96
   1175.10815    0.4704900      25.74
   1175.10974    0.3829000      20.95
   1175.11133    0.2904000      15.89
   1175.11292    0.2039300      11.16
   1175.11450    0.1355300       7.42
   1175.11609    0.0931900       5.10
   1175.11768    0.0797600       4.36
   1175.11926    0.0954500       5.22
   1175.12085    0.1391900       7.62
   1175.12244    0.2067900      11.31
   1175.12402    0.2894700      15.84
   1175.12561    0.3763900      20.59
   1175.12720    0.4592700      25.13
   1175.12878    0.5341900      29.23
   1175.13037    0.5998100      32.82
   1175.13196    0.6553200      35.85
   1175.13367    0.7005700      38.33
   1175.13525    0.7369800      40.32
   1175.13684    0.7668500      41.96
   1175.13843    0.7918900      43.33
   1175.14001    0.8128600      44.47
   1175.14160    0.8303500      45.43
   1175.14319    0.8452500      46.24
   1175.14478    0.8582700      46.96
   1175.14636    0.8697100      47.58
   1175.14795    0.8798400      48.14
   1175.14954    0.8890300      48.64
   1175.15112    0.8973200      49.09
   1175.15271    0.9043700      49.48
   1175.15430    0.9100000      49.79
   1175.15588    0.9147000      50.04
   1175.15747    0.9191100      50.28
   1175.15918    0.9232200      50.51
   1175.16077    0.9266200      50.70
   1175.16235    0.9292800      50.84
   1175.16394    0.9317100      50.97
   1175.16553    0.9343100      51.12
   1175.16711    0.9369000      51.26
   1175.16870    0.9391400      51.38
   1175.17029    0.9409400      51.48
   1175.17188    0.9423700      51.56
   1175.17346    0.9433100      51.61
   1175.17505    0.9436100      51.62
   1175.17664    0.9433600      51.61
   1175.17822    0.9428500      51.58
   1175.17981    0.9422000      51.55
   1175.18140    0.9414600      51.51
   1175.18298    0.9406600      51.46
   1175.18469    0.9398000      51.41
   1175.18628    0.9385200      51.34
   1175.18787    0.9363200      51.22
   1175.18945    0.9329900      51.04
   1175.19104    0.9286100      50.80
   1175.19263    0.9231300      50.50
   1175.19421    0.9161700      50.12
   1175.19580    0.9073700      49.64
   1175.19739    0.8965500      49.05
   1175.19897    0.8835200      48.33
   1175.20056    0.8678700      47.48
   1175.20215    0.8492200      46.46
   1175.20374    0.8272800      45.26
   1175.20532    0.8014000      43.84
   1175.20691    0.7703500      42.14
   1175.20850    0.7327200      40.08
   1175.21021    0.6871500      37.59
   1175.21179    0.6320300      34.58
   1175.21338    0.5670000      31.02
   1175.21497    0.4969700      27.19
   1175.21655    0.4352000      23.81
   1175.21814    0.3996800      21.86
   1175.21973    0.4027700      22.03
   1175.22131    0.4428800      24.23
   1175.22290    0.5060300      27.68
   1175.22449    0.5756000      31.49
   1175.22607    0.6408000      35.05
   1175.22766    0.6978100      38.17
   1175.22925    0.7460700      40.81
   1175.23083    0.7857500      42.98
   1175.23242    0.8176700      44.73
   1175.23401    0.8434900      46.14
   1175.23572    0.8646300      47.30
   1175.23730    0.8816200      48.23
   1175.23889    0.8946800      48.94
   1175.24048    0.9045700      49.48
   1175.24207    0.9123200      49.91
   1175.24365    0.9185400      50.25
   1175.24524    0.9233100      50.51
   1175.24683    0.9267700      50.70
   1175.24841    0.9293700      50.84
   1175.25000    0.9315800      50.96
   1175.25159    0.9336100      51.07
   1175.25317    0.9354700      51.17
   1175.25476    0.9372600      51.27
   1175.25635    0.9391100      51.37
   1175.25793    0.9411100      51.48
   1175.25964    0.9431100      51.59
   1175.26123    0.9447900      51.68
   1175.26282    0.9460200      51.75
   1175.26440    0.9469900      51.80
   1175.26599    0.9480000      51.86
   1175.26758    0.9490100      51.91
   1175.26917    0.9496700      51.95
   1175.27075    0.9498600      51.96
   1175.27234    0.9499000      51.96
   1175.27393    0.9501000      51.97
   1175.27551    0.9501900      51.97
   1175.27710    0.9496900      51.95
   1175.27869    0.9485800      51.89
   1175.28027    0.9473100      51.82
   1175.28186    0.9460600      51.75
   1175.28345    0.9444200      51.66
   1175.28516    0.9420300      51.53
   1175.28674    0.9391700      51.37
   1175.28833    0.9363800      51.22
   1175.28992    0.9337200      51.07
   1175.29150    0.9307100      50.91
   1175.29309    0.9270100      50.70
   1175.29468    0.9226500      50.47
   1175.29626    0.9177200      50.20
   1175.29785    0.9120700      49.89
   1175.29944    0.9055900      49.53
   1175.30103    0.8984000      49.14
   1175.30261    0.8905900      48.71
   1175.30420    0.8820000      48.24
   1175.30579    0.8723400      47.71
   1175.30737    0.8615500      47.12
   1175.30908    0.8497800      46.48
   1175.31067    0.8371100      45.79
   1175.31226    0.8235300      45.04
   1175.31384    0.8091900      44.26
   1175.31543    0.7943500      43.45
   1175.31702    0.7791400      42.61
   1175.31860    0.7634900      41.76
   1175.32019    0.7475400      40.89
   1175.32178    0.7318600      40.03
   1175.32336    0.7170300      39.22
   1175.32495    0.7032500      38.46
   1175.32654    0.6904600      37.76
   1175.32812    0.6789300      37.13
   1175.32971    0.6694500      36.61
   1175.33130    0.6627400      36.25
   1175.33289    0.6589400      36.04
   1175.33459    0.6577000      35.97
   1175.33618    0.6588200      36.03
   1175.33777    0.6625000      36.23
   1175.33936    0.6690300      36.59
   1175.34094    0.6782800      37.10
   1175.34253    0.6896300      37.72
   1175.34412    0.7025100      38.42
   1175.34570    0.7165900      39.19
   1175.34729    0.7317100      40.02
   1175.34888    0.7474900      40.88
   1175.35046    0.7633000      41.75
   1175.35205    0.7785300      42.58
   1175.35364    0.7927500      43.36
   1175.35522    0.8056300      44.06
   1175.35681    0.8168300      44.67
   1175.35852    0.8260300      45.18
   1175.36011    0.8331700      45.57
   1175.36169    0.8387100      45.87
   1175.36328    0.8437800      46.15
   1175.36487    0.8498200      46.48
   1175.36646    0.8579700      46.92
   1175.36804    0.8682600      47.48
   1175.36963    0.8796400      48.11
   1175.37122    0.8907000      48.71
   1175.37280    0.9005200      49.25
   1175.37439    0.9088800      49.71
   1175.37598    0.9160000      50.09
   1175.37756    0.9220600      50.43
   1175.37915    0.9271500      50.70
   1175.38074    0.9312800      50.93
   1175.38245    0.9345700      51.11
   1175.38403    0.9372500      51.26
   1175.38562    0.9397000      51.39
   1175.38721    0.9421900      51.53
   1175.38879    0.9446100      51.66
   1175.39038    0.9466500      51.77
   1175.39197    0.9480800      51.85
   1175.39355    0.9490000      51.90
   1175.39514    0.9496400      51.93
   1175.39673    0.9501200      51.96
   1175.39832    0.9504600      51.98
   1175.39990    0.9506300      51.99
   1175.40149    0.9504300      51.98
   1175.40308    0.9495900      51.93
   1175.40466    0.9480200      51.84
   1175.40637    0.9462100      51.74
   1175.40796    0.9449800      51.68
   1175.40955    0.9448700      51.67
   1175.41113    0.9458200      51.72
   1175.41272    0.9472900      51.80
   1175.41431    0.9487600      51.88
   1175.41589    0.9499500      51.95
   1175.41748    0.9508100      51.99
   1175.41907    0.9514500      52.03
   1175.42065    0.9519800      52.06
   1175.42224    0.9523000      52.08
   1175.42383    0.9522100      52.07
   1175.42542    0.9516000      52.04
   1175.42700    0.9506300      51.98
   1175.42871    0.9495500      51.92
   1175.43030    0.9483200      51.86
   1175.43188    0.9467300      51.77
   1175.43347    0.9446100      51.65
   1175.43506    0.9420000      51.51
   1175.43665    0.9390900      51.35
   1175.43823    0.9359400      51.18
   1175.43982    0.9324800      50.99
   1175.44141    0.9285200      50.77
   1175.44299    0.9239200      50.52
   1175.44458    0.9186500      50.23
   1175.44617    0.9126700      49.91
   1175.44775    0.9057700      49.53
   1175.44934    0.8977200      49.09
   1175.45093    0.8885400      48.59
   1175.45264    0.8785400      48.04
   1175.45422    0.8678600      47.46
   1175.45581    0.8561900      46.82
   1175.45740    0.8431500      46.10
   1175.45898    0.8288000      45.32
   1175.46057    0.8134900      44.48
   1175.46216    0.7973100      43.60
   1175.46375    0.7799500      42.65
   1175.46533    0.7612900      41.63
   1175.46692    0.7417800      40.56
   1175.46851    0.7218800      39.47
   1175.47009    0.7015100      38.36
   1175.47168    0.6804200      37.20
   1175.47327    0.6587800      36.02
   1175.47485    0.6372400      34.84
   1175.47656    0.6166000      33.71
   1175.47815    0.5981100      32.70
   1175.47974    0.5842400      31.95
   1175.48132    0.5782900      31.62
   1175.48291    0.5822700      31.84
   1175.48450    0.5952900      32.55
   1175.48608    0.6141600      33.58
   1175.48767    0.6357300      34.76
   1175.48926    0.6583300      36.00
   1175.49084    0.6813500      37.25
   1175.49243    0.7043300      38.51
   1175.49402    0.7268000      39.74
   1175.49561    0.7486300      40.93
   1175.49719    0.7699000      42.10
   1175.49890    0.7904200      43.22
   1175.50049    0.8097000      44.27
   1175.50208    0.8273900      45.24
   1175.50366    0.8435500      46.12
   1175.50525    0.8582800      46.93
   1175.50684    0.8715800      47.65
   1175.50842    0.8834000      48.30
   1175.51001    0.8939200      48.88
   1175.51160    0.9034500      49.40
   1175.51318    0.9122000      49.87
   1175.51477    0.9201300      50.31
   1175.51636    0.9271300      50.69
   1175.51794    0.9330900      51.02
   1175.51953    0.9381100      51.29
   1175.52124    0.9424500      51.53
   1175.52283    0.9463600      51.74
   1175.52441    0.9498500      51.93
   1175.52600    0.9528300      52.09
   1175.52759    0.9553700      52.23
   1175.52917    0.9577800      52.37
   1175.53076    0.9602500      52.50
   1175.53235    0.9625700      52.63
   1175.53394    0.9643700      52.73
   1175.53552    0.9656700      52.80
   1175.53711    0.9668600      52.86
   1175.53870    0.9682200      52.94
   1175.54028    0.9696000      53.01
   1175.54187    0.9707300      53.07
   1175.54346    0.9716700      53.12
   1175.54517    0.9727400      53.18
   1175.54675    0.9740600      53.25
   1175.54834    0.9753800      53.33
   1175.54993    0.9763700      53.38
   1175.55151    0.9768500      53.41
   1175.55310    0.9769100      53.41
   1175.55469    0.9768300      53.40
   1175.55627    0.9770700      53.42
   1175.55786    0.9779000      53.46
   1175.55945    0.9791300      53.53
   1175.56104    0.9802900      53.59
   1175.56262    0.9811300      53.64
   1175.56421    0.9817800      53.67
   1175.56580    0.9824300      53.71
   1175.56750    0.9829900      53.74
   1175.56909    0.9832800      53.76
   1175.57068    0.9833700      53.76
   1175.57227    0.9834500      53.76
   1175.57385    0.9836100      53.77
   1175.57544    0.9838100      53.78
   1175.57703    0.9840500      53.80
   1175.57861    0.9843900      53.82
   1175.58020    0.9847100      53.83
   1175.58179    0.9847200      53.83
   1175.58337    0.9843400      53.81
   1175.58496    0.9837700      53.78
   1175.58655    0.9831500      53.75
   1175.58813    0.9823700      53.70
   1175.58984    0.9813400      53.65
   1175.59143    0.9801700      53.58
   1175.59302    0.9791200      53.53
   1175.59460    0.9782000      53.48
   1175.59619    0.9773400      53.43
   1175.59778    0.9766400      53.39
   1175.59937    0.9763200      53.37
   1175.60095    0.9763900      53.38
   1175.60254    0.9766700      53.39
   1175.60413    0.9771200      53.42
   1175.60571    0.9779500      53.46
   1175.60730    0.9792500      53.53
   1175.60889    0.9807200      53.61
   1175.61047    0.9819300      53.68
   1175.61218    0.9827400      53.72
   1175.61377    0.9833200      53.75
   1175.61536    0.9838700      53.78
   1175.61694    0.9844300      53.81
   1175.61853    0.9848500      53.84
   1175.62012    0.9849300      53.84
   1175.62170    0.9845200      53.82
   1175.62329    0.9837100      53.77
   1175.62488    0.9827400      53.72
   1175.62646    0.9816900      53.66
   1175.62805    0.9803400      53.59
   1175.62964    0.9786500      53.50
   1175.63123    0.9769800      53.41
   1175.63281    0.9757700      53.34
   1175.63452    0.9749300      53.29
   1175.63611    0.9740200      53.24
   1175.63770    0.9729600      53.18
   1175.63928    0.9722700      53.15
   1175.64087    0.9722600      53.15
   1175.64246    0.9726600      53.17
   1175.64404    0.9730700      53.19
   1175.64563    0.9737100      53.23
   1175.64722    0.9750500      53.30
   1175.64880    0.9770300      53.41
   1175.65039    0.9789600      53.51
   1175.65198    0.9804600      53.59
   1175.65356    0.9818900      53.67
   1175.65527    0.9836600      53.77
   1175.65686    0.9855300      53.87
   1175.65845    0.9869600      53.95
   1175.66003    0.9879200      54.00
   1175.66162    0.9889100      54.05
   1175.66321    0.9901100      54.12
   1175.66479    0.9911100      54.17
   1175.66638    0.9915000      54.20
   1175.66797    0.9914900      54.19
   1175.66956    0.9916200      54.20
   1175.67114    0.9921200      54.23
   1175.67273    0.9926800      54.26
   1175.67432    0.9930700      54.28
   1175.67590    0.9933900      54.30
   1175.67761    0.9938200      54.32
   1175.67920    0.9942900      54.35
   1175.68079    0.9945300      54.36
   1175.68237    0.9945200      54.36
   1175.68396    0.9945800      54.36
   1175.68555    0.9950200      54.39
   1175.68713    0.9957100      54.42
   1175.68872    0.9961500      54.45
   1175.69031    0.9960500      54.44
   1175.69189    0.9956300      54.42
   1175.69348    0.9954000      54.41
   1175.69507    0.9955200      54.41
   1175.69666    0.9957000      54.42
   1175.69824    0.9955900      54.42
   1175.69995    0.9952400      54.40
   1175.70154    0.9949300      54.38
   1175.70312    0.9947700      54.37
   1175.70471    0.9944700      54.35
   1175.70630    0.9938600      54.32
   1175.70789    0.9931300      54.28
   1175.70947    0.9927000      54.26
   1175.71106    0.9927100      54.26
   1175.71265    0.9929200      54.27
   1175.71423    0.9929900      54.27
   1175.71582    0.9928600      54.27
   1175.71741    0.9927100      54.26
   1175.71899    0.9927000      54.26
   1175.72070    0.9928500      54.26
   1175.72229    0.9930300      54.27
   1175.72388    0.9931500      54.28
   1175.72546    0.9932000      54.28
   1175.72705    0.9932100      54.28
   1175.72864    0.9932800      54.29
   1175.73022    0.9934700      54.30
   1175.73181    0.9937900      54.31
   1175.73340    0.9941100      54.33
   1175.73499    0.9942700      54.34
   1175.73657    0.9942600      54.34
   1175.73816    0.9943400      54.34
   1175.73975    0.9946600      54.36
   1175.74146    0.9950700      54.38
   1175.74304    0.9952100      54.39
   1175.74463    0.9950200      54.38
   1175.74622    0.9948600      54.37
   1175.74780    0.9949700      54.38
   1175.74939    0.9951700      54.39
   1175.75098    0.9951100      54.38
   1175.75256    0.9947600      54.37
   1175.75415    0.9943700      54.34
   1175.75574    0.9939500      54.32
   1175.75732    0.9931000      54.27
   1175.75891    0.9915000      54.19
   1175.76050    0.9893400      54.07
   1175.76208    0.9869800      53.94
   1175.76379    0.9845200      53.80
   1175.76538    0.9818100      53.66
   1175.76697    0.9789600      53.50
   1175.76855    0.9763600      53.36
   1175.77014    0.9743400      53.25
   1175.77173    0.9729100      53.17
   1175.77332    0.9720200      53.12
   1175.77490    0.9718500      53.11
   1175.77649    0.9726400      53.15
   1175.77808    0.9742300      53.24
   1175.77966    0.9762300      53.35
   1175.78125    0.9783500      53.47
   1175.78284    0.9806900      53.59
   1175.78455    0.9833300      53.74
   1175.78613    0.9860300      53.89
   1175.78772    0.9883200      54.01
   1175.78931    0.9899400      54.10
   1175.79089    0.9910000      54.16
   1175.79248    0.9918200      54.20
   1175.79407    0.9925300      54.24
   1175.79565    0.9930400      54.27
   1175.79724    0.9931900      54.28
   1175.79883    0.9929300      54.26
   1175.80042    0.9924200      54.23
   1175.80200    0.9919500      54.21
   1175.80359    0.9916900      54.19
   1175.80530    0.9915500      54.18
   1175.80688    0.9913000      54.17
   1175.80847    0.9907900      54.14
   1175.81006    0.9901900      54.11
   1175.81165    0.9898300      54.09
   1175.81323    0.9898600      54.09
   1175.81482    0.9901500      54.11
   1175.81641    0.9905300      54.13
   1175.81799    0.9909800      54.15
   1175.81958    0.9916100      54.19
   1175.82117    0.9923800      54.23
   1175.82275    0.9931700      54.27
   1175.82434    0.9938600      54.31
   1175.82605    0.9944300      54.34
   1175.82764    0.9948200      54.36
   1175.82922    0.9948700      54.36
   1175.83081    0.9946000      54.35
   1175.83240    0.9942600      54.33
   1175.83398    0.9941500      54.32
   1175.83557    0.9943400      54.33
   1175.83716    0.9946500      54.35
   1175.83875    0.9949500      54.37
   1175.84033    0.9952400      54.38
   1175.84192    0.9955600      54.40
   1175.84351    0.9958700      54.42
   1175.84509    0.9961100      54.43
   1175.84680    0.9963300      54.44
   1175.84839    0.9966000      54.46
   1175.84998    0.9968900      54.47
   1175.85156    0.9971600      54.49
   1175.85315    0.9973800      54.50
   1175.85474    0.9975700      54.51
   1175.85632    0.9976700      54.51
   1175.85791    0.9975600      54.51
   1175.85950    0.9972800      54.49
   1175.86108    0.9970100      54.48
   1175.86267    0.9968800      54.47
   1175.86426    0.9968000      54.47
   1175.86584    0.9966200      54.46
   1175.86755    0.9963700      54.44
   1175.86914    0.9962500      54.44
   1175.87073    0.9963000      54.44
   1175.87231    0.9962700      54.44
   1175.87390    0.9959500      54.42
   1175.87549    0.9954800      54.39
   1175.87708    0.9951400      54.37
   1175.87866    0.9948400      54.36
   1175.88025    0.9941700      54.32
   1175.88184    0.9929100      54.25
   1175.88342    0.9913300      54.17
   1175.88501    0.9896800      54.07
   1175.88660    0.9876100      53.96
   1175.88831    0.9846600      53.80
   1175.88989    0.9811400      53.61
   1175.89148    0.9783700      53.46
   1175.89307    0.9776200      53.42
   1175.89465    0.9791200      53.50
   1175.89624    0.9820200      53.66
   1175.89783    0.9852400      53.83
   1175.89941    0.9880100      53.98
   1175.90100    0.9900000      54.09
   1175.90259    0.9912600      54.16
   1175.90417    0.9921600      54.21
   1175.90576    0.9930500      54.26
   1175.90735    0.9938700      54.30
   1175.90906    0.9942300      54.32
   1175.91064    0.9940900      54.31
   1175.91223    0.9939600      54.31
   1175.91382    0.9943800      54.33
   1175.91541    0.9952100      54.37
   1175.91699    0.9957700      54.40
   1175.91858    0.9957400      54.40
   1175.92017    0.9955400      54.39
   1175.92175    0.9956000      54.39
   1175.92334    0.9958200      54.41
   1175.92493    0.9957300      54.40
   1175.92651    0.9952800      54.38
   1175.92822    0.9948800      54.35
   1175.92981    0.9947000      54.34
   1175.93140    0.9944500      54.33
   1175.93298    0.9939200      54.30
   1175.93457    0.9934400      54.28
   1175.93616    0.9934000      54.27
   1175.93774    0.9935800      54.28
   1175.93933    0.9933800      54.27
   1175.94092    0.9926400      54.23
   1175.94250    0.9918200      54.19
   1175.94409    0.9912200      54.15
   1175.94568    0.9905600      54.12
   1175.94727    0.9894200      54.05
   1175.94897    0.9877900      53.97
   1175.95056    0.9859100      53.86
   1175.95215    0.9837600      53.75
   1175.95374    0.9810800      53.60
   1175.95532    0.9776700      53.41
   1175.95691    0.9733100      53.17
   1175.95850    0.9678700      52.88
   1175.96008    0.9617700      52.54
   1175.96167    0.9558800      52.22
   1175.96326    0.9505100      51.93
   1175.96484    0.9448000      51.62
   1175.96643    0.9381800      51.25
   1175.96802    0.9324500      50.94
   1175.96973    0.9312100      50.87
   1175.97131    0.9362300      51.15
   1175.97290    0.9453100      51.64
   1175.97449    0.9543500      52.14
   1175.97607    0.9611900      52.51
   1175.97766    0.9665600      52.80
   1175.97925    0.9716300      53.08
   1175.98083    0.9762500      53.33
   1175.98242    0.9798400      53.53
   1175.98401    0.9826800      53.68
   1175.98560    0.9854000      53.83
   1175.98718    0.9879400      53.97
   1175.98889    0.9897800      54.07
   1175.99048    0.9909600      54.13
   1175.99207    0.9920200      54.19
   1175.99365    0.9931100      54.25
   1175.99524    0.9938900      54.29
   1175.99683    0.9942800      54.32
   1175.99841    0.9947000      54.34
   1176.00000    0.9953600      54.37
   1176.00159    0.9958700      54.40
   1176.00317    0.9959000      54.40
   1176.00476    0.9956700      54.39
   1176.00635    0.9956900      54.39
   1176.00806    0.9960300      54.41
   1176.00964    0.9964100      54.43
   1176.01123    0.9966200      54.44
   1176.01282    0.9966600      54.44
   1176.01440    0.9966600      54.44
   1176.01599    0.9967900      54.45
   1176.01758    0.9971200      54.47
   1176.01917    0.9975000      54.49
   1176.02075    0.9975600      54.49
   1176.02234    0.9971800      54.47
   1176.02393    0.9966800      54.44
   1176.02551    0.9964500      54.43
   1176.02710    0.9964200      54.43
   1176.02881    0.9962400      54.42
   1176.03040    0.9958700      54.40
   1176.03198    0.9956600      54.39
   1176.03357    0.9958400      54.40
   1176.03516    0.9962500      54.42
   1176.03674    0.9965100      54.43
   1176.03833    0.9964700      54.43
   1176.03992    0.9962200      54.42
   1176.04150    0.9960500      54.41
   1176.04309    0.9962300      54.42
   1176.04468    0.9967300      54.44
   1176.04626    0.9971600      54.47
   1176.04797    0.9971600      54.47
   1176.04956    0.9968600      54.45
   1176.05115    0.9966600      54.44
   1176.05273    0.9965800      54.44
   1176.05432    0.9962600      54.42
   1176.05591    0.9955600      54.38
   1176.05750    0.9948700      54.34
   1176.05908    0.9945900      54.33
   1176.06067    0.9944900      54.32
   1176.06226    0.9941500      54.30
   1176.06384    0.9936200      54.27
   1176.06543    0.9932400      54.25
   1176.06714    0.9929900      54.24
   1176.06873    0.9923500      54.20
   1176.07031    0.9910900      54.13
   1176.07190    0.9896300      54.05
   1176.07349    0.9883500      53.98
   1176.07507    0.9871300      53.92
   1176.07666    0.9857500      53.84
   1176.07825    0.9846500      53.78
   1176.07983    0.9846000      53.78
   1176.08142    0.9857800      53.84
   1176.08301    0.9874600      53.93
   1176.08459    0.9888200      54.01
   1176.08630    0.9897200      54.06
   1176.08789    0.9905300      54.10
   1176.08948    0.9914300      54.15
   1176.09106    0.9921600      54.19
   1176.09265    0.9924600      54.21
   1176.09424    0.9924900      54.21
   1176.09583    0.9927100      54.22
   1176.09741    0.9933300      54.25
   1176.09900    0.9941200      54.30
