   1276.00024    0.9566900      43.98
   1276.00220    0.9563500      43.97
   1276.00403    0.9563300      43.97
   1276.00598    0.9565200      43.98
   1276.00781    0.9565600      43.98
   1276.00964    0.9566100      43.98
   1276.01160    0.9566400      43.98
   1276.01343    0.9565000      43.97
   1276.01538    0.9565600      43.98
   1276.01721    0.9568600      43.99
   1276.01904    0.9564200      43.97
   1276.02100    0.9550700      43.91
   1276.02283    0.9545800      43.89
   1276.02478    0.9555800      43.93
   1276.02661    0.9556000      43.93
   1276.02844    0.9531300      43.82
   1276.03040    0.9512400      43.73
   1276.03223    0.9527500      43.80
   1276.03418    0.9544100      43.88
   1276.03601    0.9517400      43.75
   1276.03784    0.9473500      43.55
   1276.03979    0.9470100      43.54
   1276.04163    0.9489600      43.63
   1276.04358    0.9463300      43.50
   1276.04541    0.9401700      43.22
   1276.04724    0.9388400      43.16
   1276.04919    0.9423000      43.32
   1276.05103    0.9399000      43.21
   1276.05298    0.9290600      42.71
   1276.05481    0.9216400      42.37
   1276.05664    0.9218800      42.38
   1276.05859    0.9136100      42.00
   1276.06042    0.8853800      40.70
   1276.06238    0.8525200      39.19
   1276.06421    0.8277300      38.05
   1276.06604    0.7800200      35.86
   1276.06799    0.6634400      30.50
   1276.06982    0.4983400      22.91
   1276.07178    0.3869600      17.79
   1276.07361    0.4160500      19.13
   1276.07544    0.5602600      25.76
   1276.07739    0.7122900      32.74
   1276.07922    0.7987600      36.72
   1276.08118    0.8341800      38.35
   1276.08301    0.8643900      39.74
   1276.08484    0.8988500      41.32
   1276.08679    0.9185200      42.22
   1276.08862    0.9207900      42.33
   1276.09058    0.9239400      42.47
   1276.09241    0.9356800      43.01
   1276.09424    0.9444800      43.42
   1276.09619    0.9431300      43.35
   1276.09802    0.9404000      43.23
   1276.09998    0.9443800      43.41
   1276.10181    0.9499900      43.67
   1276.10364    0.9502400      43.68
   1276.10559    0.9484200      43.60
   1276.10742    0.9508300      43.71
   1276.10938    0.9556100      43.93
   1276.11121    0.9569600      43.99
   1276.11304    0.9554200      43.92
   1276.11499    0.9558300      43.94
   1276.11682    0.9584100      44.05
   1276.11877    0.9592300      44.09
   1276.12061    0.9577000      44.02
   1276.12244    0.9571900      44.00
   1276.12439    0.9586000      44.06
   1276.12622    0.9590900      44.09
   1276.12817    0.9575200      44.01
   1276.13000    0.9564200      43.96
   1276.13196    0.9573200      44.00
   1276.13379    0.9583700      44.05
   1276.13562    0.9580000      44.03
   1276.13757    0.9576300      44.02
   1276.13940    0.9588500      44.07
   1276.14136    0.9604600      44.15
   1276.14319    0.9606900      44.16
   1276.14502    0.9600400      44.13
   1276.14697    0.9599800      44.12
   1276.14880    0.9602600      44.14
   1276.15076    0.9597300      44.11
   1276.15259    0.9587500      44.07
   1276.15442    0.9587800      44.07
   1276.15637    0.9598500      44.12
   1276.15820    0.9605100      44.15
   1276.16016    0.9600800      44.13
   1276.16199    0.9595500      44.10
   1276.16382    0.9598800      44.12
   1276.16577    0.9606300      44.15
   1276.16760    0.9608500      44.16
   1276.16956    0.9604400      44.14
   1276.17139    0.9600400      44.13
   1276.17322    0.9600500      44.13
   1276.17517    0.9603000      44.14
   1276.17700    0.9604100      44.14
   1276.17896    0.9602600      44.14
   1276.18079    0.9601100      44.13
   1276.18262    0.9604000      44.14
   1276.18457    0.9613100      44.18
   1276.18640    0.9625300      44.24
   1276.18835    0.9635300      44.29
   1276.19019    0.9640400      44.31
   1276.19202    0.9641500      44.31
   1276.19397    0.9639900      44.31
   1276.19580    0.9635600      44.29
   1276.19775    0.9628700      44.25
   1276.19958    0.9620500      44.22
   1276.20142    0.9613900      44.19
   1276.20337    0.9611200      44.17
   1276.20520    0.9612400      44.18
   1276.20715    0.9614400      44.19
   1276.20898    0.9613700      44.18
   1276.21082    0.9610000      44.17
   1276.21277    0.9606800      44.15
   1276.21460    0.9606300      44.15
   1276.21655    0.9606700      44.15
   1276.21838    0.9605000      44.14
   1276.22034    0.9601300      44.13
   1276.22217    0.9598100      44.11
   1276.22400    0.9596600      44.10
   1276.22595    0.9597000      44.11
   1276.22778    0.9600000      44.12
   1276.22974    0.9605900      44.15
   1276.23157    0.9612200      44.18
   1276.23340    0.9616000      44.19
   1276.23535    0.9617700      44.20
   1276.23718    0.9620800      44.21
   1276.23914    0.9626200      44.24
   1276.24097    0.9631000      44.26
   1276.24280    0.9631700      44.26
   1276.24475    0.9628600      44.25
   1276.24658    0.9624100      44.23
   1276.24854    0.9619800      44.21
   1276.25037    0.9616500      44.19
   1276.25220    0.9614900      44.19
   1276.25415    0.9614900      44.19
   1276.25598    0.9614900      44.19
   1276.25793    0.9614700      44.19
   1276.25977    0.9615800      44.19
   1276.26160    0.9619000      44.20
   1276.26355    0.9622300      44.22
   1276.26538    0.9622200      44.22
   1276.26733    0.9619000      44.20
   1276.26917    0.9615800      44.19
   1276.27100    0.9614600      44.18
   1276.27295    0.9613000      44.18
   1276.27478    0.9607400      44.15
   1276.27673    0.9597800      44.11
   1276.27856    0.9587300      44.06
   1276.28040    0.9578600      44.02
   1276.28235    0.9570400      43.98
   1276.28418    0.9561200      43.94
   1276.28613    0.9553500      43.90
   1276.28796    0.9552700      43.90
   1276.28992    0.9560600      43.93
   1276.29175    0.9571400      43.98
   1276.29358    0.9578000      44.01
   1276.29553    0.9579500      44.02
   1276.29736    0.9581000      44.03
   1276.29932    0.9585600      44.05
   1276.30115    0.9591400      44.08
   1276.30298    0.9595400      44.09
   1276.30493    0.9598000      44.11
   1276.30676    0.9601100      44.12
   1276.30872    0.9604900      44.14
   1276.31055    0.9608400      44.15
   1276.31238    0.9612300      44.17
   1276.31433    0.9617500      44.19
   1276.31616    0.9622100      44.21
   1276.31812    0.9623800      44.22
   1276.31995    0.9623800      44.22
   1276.32178    0.9625000      44.23
   1276.32373    0.9627000      44.24
   1276.32556    0.9626600      44.23
   1276.32751    0.9623600      44.22
   1276.32935    0.9622400      44.22
   1276.33118    0.9625200      44.23
   1276.33313    0.9627600      44.24
   1276.33496    0.9623500      44.22
   1276.33691    0.9613400      44.17
   1276.33875    0.9603200      44.13
   1276.34070    0.9597300      44.10
   1276.34253    0.9595600      44.09
   1276.34436    0.9597100      44.10
   1276.34631    0.9602000      44.12
   1276.34814    0.9610200      44.16
   1276.35010    0.9618900      44.20
   1276.35193    0.9625000      44.23
   1276.35376    0.9628200      44.24
   1276.35571    0.9630300      44.25
   1276.35754    0.9632300      44.26
   1276.35950    0.9632800      44.26
   1276.36133    0.9631400      44.25
   1276.36316    0.9630000      44.25
   1276.36511    0.9630700      44.25
   1276.36694    0.9632200      44.26
   1276.36890    0.9629600      44.25
   1276.37073    0.9619500      44.20
   1276.37256    0.9605500      44.13
   1276.37451    0.9596000      44.09
   1276.37634    0.9597300      44.10
   1276.37830    0.9606700      44.14
   1276.38013    0.9616000      44.18
   1276.38208    0.9619400      44.20
   1276.38391    0.9618000      44.19
   1276.38574    0.9616400      44.18
   1276.38770    0.9616800      44.19
   1276.38953    0.9618000      44.19
   1276.39148    0.9617900      44.19
   1276.39331    0.9614200      44.17
   1276.39514    0.9604900      44.13
   1276.39709    0.9589900      44.06
   1276.39893    0.9572500      43.98
   1276.40088    0.9557700      43.91
   1276.40271    0.9546500      43.86
   1276.40454    0.9534400      43.81
   1276.40649    0.9517000      43.73
   1276.40833    0.9496700      43.63
   1276.41028    0.9481900      43.56
   1276.41211    0.9476900      43.54
   1276.41394    0.9476900      43.54
   1276.41589    0.9473700      43.53
   1276.41772    0.9467400      43.50
   1276.41968    0.9467500      43.50
   1276.42151    0.9481100      43.56
   1276.42346    0.9503600      43.66
   1276.42529    0.9523200      43.75
   1276.42712    0.9533000      43.80
   1276.42908    0.9536700      43.81
   1276.43091    0.9540800      43.83
   1276.43286    0.9547100      43.86
   1276.43469    0.9552600      43.89
   1276.43652    0.9555600      43.90
   1276.43848    0.9556600      43.91
   1276.44031    0.9555900      43.90
   1276.44226    0.9554100      43.89
   1276.44409    0.9553600      43.89
   1276.44592    0.9557700      43.91
   1276.44788    0.9564400      43.94
   1276.44971    0.9566300      43.95
   1276.45166    0.9560000      43.92
   1276.45349    0.9551400      43.88
   1276.45532    0.9550700      43.88
   1276.45728    0.9559600      43.92
   1276.45911    0.9570400      43.97
   1276.46106    0.9575800      43.99
   1276.46289    0.9578000      44.00
   1276.46484    0.9583900      44.03
   1276.46667    0.9595100      44.08
   1276.46851    0.9606000      44.13
   1276.47046    0.9611800      44.16
   1276.47229    0.9613100      44.16
   1276.47424    0.9613800      44.17
   1276.47607    0.9615100      44.17
   1276.47791    0.9616600      44.18
   1276.47986    0.9618300      44.19
   1276.48169    0.9620100      44.19
   1276.48364    0.9619400      44.19
   1276.48547    0.9613500      44.16
   1276.48730    0.9604800      44.12
   1276.48926    0.9600800      44.10
   1276.49109    0.9604900      44.12
   1276.49304    0.9612100      44.16
   1276.49487    0.9614800      44.17
   1276.49683    0.9612600      44.16
   1276.49866    0.9610900      44.15
   1276.50049    0.9612300      44.16
   1276.50244    0.9612900      44.16
   1276.50427    0.9609000      44.14
   1276.50623    0.9603800      44.12
   1276.50806    0.9603000      44.11
   1276.50989    0.9606100      44.13
   1276.51184    0.9607500      44.13
   1276.51367    0.9604600      44.12
   1276.51562    0.9602100      44.11
   1276.51746    0.9604800      44.12
   1276.51929    0.9611100      44.15
   1276.52124    0.9615400      44.17
   1276.52307    0.9615900      44.17
   1276.52502    0.9615600      44.17
   1276.52686    0.9616500      44.17
   1276.52881    0.9617000      44.18
   1276.53064    0.9615500      44.17
   1276.53247    0.9614100      44.16
   1276.53442    0.9615500      44.17
   1276.53625    0.9618200      44.18
   1276.53821    0.9618500      44.18
   1276.54004    0.9616700      44.17
   1276.54187    0.9616600      44.17
   1276.54382    0.9619500      44.19
   1276.54565    0.9621600      44.20
   1276.54761    0.9620200      44.19
   1276.54944    0.9619000      44.18
   1276.55139    0.9622300      44.20
   1276.55322    0.9626900      44.22
   1276.55505    0.9625000      44.21
   1276.55701    0.9615900      44.17
   1276.55884    0.9608900      44.14
   1276.56079    0.9611200      44.15
   1276.56262    0.9618200      44.18
   1276.56445    0.9620300      44.19
   1276.56641    0.9615700      44.17
   1276.56824    0.9610800      44.14
   1276.57019    0.9609100      44.14
   1276.57202    0.9607200      44.13
   1276.57385    0.9602400      44.11
   1276.57581    0.9598300      44.09
   1276.57764    0.9599000      44.09
   1276.57959    0.9603100      44.11
   1276.58142    0.9606100      44.12
   1276.58337    0.9607100      44.13
   1276.58521    0.9608200      44.13
   1276.58704    0.9609100      44.14
   1276.58899    0.9607900      44.13
   1276.59082    0.9605900      44.12
   1276.59277    0.9606500      44.12
   1276.59460    0.9609200      44.14
   1276.59644    0.9610600      44.14
   1276.59839    0.9611100      44.14
   1276.60022    0.9615000      44.16
   1276.60217    0.9621700      44.19
   1276.60400    0.9624300      44.20
   1276.60596    0.9619000      44.18
   1276.60779    0.9613000      44.15
   1276.60962    0.9613900      44.16
   1276.61157    0.9617100      44.17
   1276.61340    0.9612000      44.15
   1276.61536    0.9600100      44.09
   1276.61719    0.9594800      44.07
   1276.61902    0.9602600      44.10
   1276.62097    0.9612200      44.15
   1276.62280    0.9610800      44.14
   1276.62476    0.9601100      44.10
   1276.62659    0.9595300      44.07
   1276.62842    0.9595000      44.07
   1276.63037    0.9589900      44.04
   1276.63220    0.9575100      43.98
   1276.63416    0.9559000      43.90
   1276.63599    0.9550900      43.86
   1276.63794    0.9548400      43.85
   1276.63977    0.9543800      43.83
   1276.64160    0.9534200      43.79
   1276.64355    0.9521800      43.73
   1276.64539    0.9508300      43.67
   1276.64734    0.9494700      43.61
   1276.64917    0.9486300      43.57
   1276.65100    0.9489000      43.58
   1276.65295    0.9502400      43.64
   1276.65479    0.9518600      43.71
   1276.65674    0.9529300      43.76
   1276.65857    0.9531500      43.77
   1276.66052    0.9527500      43.76
   1276.66235    0.9522900      43.73
   1276.66418    0.9522600      43.73
   1276.66614    0.9526000      43.75
   1276.66797    0.9527500      43.75
   1276.66992    0.9523800      43.74
   1276.67175    0.9518200      43.71
   1276.67358    0.9516300      43.70
   1276.67554    0.9520500      43.72
   1276.67737    0.9529100      43.76
   1276.67932    0.9539200      43.81
   1276.68115    0.9546800      43.84
   1276.68311    0.9548200      43.85
   1276.68494    0.9545200      43.83
   1276.68677    0.9544300      43.83
   1276.68872    0.9545900      43.84
   1276.69055    0.9543200      43.83
   1276.69250    0.9533900      43.78
   1276.69434    0.9527100      43.75
   1276.69617    0.9527700      43.75
   1276.69812    0.9525300      43.74
   1276.69995    0.9509600      43.67
   1276.70190    0.9488500      43.57
   1276.70374    0.9474800      43.51
   1276.70569    0.9463500      43.46
   1276.70752    0.9441500      43.36
   1276.70935    0.9414000      43.23
   1276.71130    0.9394700      43.14
   1276.71313    0.9374900      43.05
   1276.71509    0.9330900      42.85
   1276.71692    0.9264500      42.54
   1276.71875    0.9201200      42.25
   1276.72070    0.9140500      41.97
   1276.72253    0.9047400      41.55
   1276.72449    0.8909600      40.91
   1276.72632    0.8757100      40.21
   1276.72827    0.8600900      39.50
   1276.73010    0.8403800      38.59
   1276.73193    0.8157400      37.46
   1276.73389    0.7946300      36.49
   1276.73572    0.7871000      36.14
   1276.73767    0.7933500      36.43
   1276.73950    0.8064000      37.03
   1276.74133    0.8231700      37.80
   1276.74329    0.8443700      38.77
   1276.74512    0.8654700      39.74
   1276.74707    0.8785700      40.34
   1276.74890    0.8847500      40.63
   1276.75085    0.8930700      41.01
   1276.75269    0.9044200      41.53
   1276.75452    0.9084900      41.72
   1276.75647    0.9024000      41.44
   1276.75830    0.8982300      41.24
   1276.76025    0.9015400      41.40
   1276.76208    0.8971700      41.20
   1276.76392    0.8727100      40.07
   1276.76587    0.8417200      38.65
   1276.76770    0.8171700      37.52
   1276.76965    0.7700500      35.36
   1276.77148    0.6545600      30.06
   1276.77344    0.4879900      22.41
   1276.77527    0.3706100      17.02
   1276.77710    0.3924500      18.02
   1276.77905    0.5341400      24.53
   1276.78088    0.6900200      31.68
   1276.78284    0.7824000      35.92
   1276.78467    0.8211500      37.70
   1276.78650    0.8520900      39.12
   1276.78845    0.8873900      40.74
   1276.79028    0.9088100      41.73
   1276.79224    0.9122700      41.89
   1276.79407    0.9153600      42.03
   1276.79602    0.9270700      42.57
   1276.79785    0.9370000      43.02
   1276.79968    0.9373900      43.04
   1276.80164    0.9359600      42.97
   1276.80347    0.9405900      43.19
   1276.80542    0.9464600      43.46
   1276.80725    0.9465100      43.46
   1276.80920    0.9438900      43.34
   1276.81104    0.9452200      43.40
   1276.81287    0.9490500      43.57
   1276.81482    0.9498600      43.61
   1276.81665    0.9483000      43.54
   1276.81860    0.9493000      43.59
   1276.82043    0.9527800      43.75
   1276.82227    0.9541200      43.81
   1276.82422    0.9524200      43.73
   1276.82605    0.9516600      43.69
   1276.82800    0.9534200      43.77
   1276.82983    0.9546300      43.83
   1276.83179    0.9535200      43.78
   1276.83362    0.9525700      43.73
   1276.83545    0.9539700      43.80
   1276.83740    0.9561700      43.90
   1276.83923    0.9570600      43.94
   1276.84119    0.9573000      43.95
   1276.84302    0.9582400      43.99
   1276.84497    0.9590700      44.03
   1276.84680    0.9584700      44.00
   1276.84863    0.9573200      43.95
   1276.85059    0.9573800      43.95
   1276.85242    0.9584400      44.00
   1276.85437    0.9589200      44.02
   1276.85620    0.9585600      44.01
   1276.85803    0.9585800      44.01
   1276.85999    0.9593700      44.04
   1276.86182    0.9599600      44.07
   1276.86377    0.9597500      44.06
   1276.86560    0.9593300      44.04
   1276.86755    0.9593600      44.04
   1276.86938    0.9596400      44.06
   1276.87122    0.9597400      44.06
   1276.87317    0.9597100      44.06
   1276.87500    0.9597200      44.06
   1276.87695    0.9597000      44.06
   1276.87878    0.9596000      44.05
   1276.88062    0.9596300      44.06
   1276.88257    0.9599400      44.07
   1276.88440    0.9602700      44.08
   1276.88635    0.9603000      44.09
   1276.88818    0.9600400      44.07
   1276.89014    0.9596900      44.06
   1276.89197    0.9593300      44.04
   1276.89380    0.9588700      44.02
   1276.89575    0.9582400      43.99
   1276.89758    0.9575300      43.96
   1276.89954    0.9568400      43.93
   1276.90137    0.9562200      43.90
   1276.90332    0.9557400      43.87
   1276.90515    0.9555200      43.86
   1276.90698    0.9556300      43.87
   1276.90894    0.9559500      43.88
   1276.91077    0.9562200      43.90
   1276.91272    0.9562600      43.90
   1276.91455    0.9561500      43.89
   1276.91650    0.9560800      43.89
   1276.91833    0.9561100      43.89
   1276.92017    0.9562800      43.90
   1276.92212    0.9567400      43.92
   1276.92395    0.9575800      43.96
   1276.92590    0.9584600      44.00
   1276.92773    0.9586800      44.01
   1276.92957    0.9579900      43.98
   1276.93152    0.9569600      43.93
   1276.93335    0.9563600      43.90
   1276.93530    0.9564200      43.90
   1276.93713    0.9567000      43.92
   1276.93909    0.9568600      43.92
   1276.94092    0.9569800      43.93
   1276.94275    0.9573600      43.95
   1276.94470    0.9580200      43.98
   1276.94653    0.9587200      44.01
   1276.94849    0.9592100      44.03
   1276.95032    0.9594600      44.04
   1276.95227    0.9596200      44.05
   1276.95410    0.9598400      44.06
   1276.95593    0.9601300      44.07
   1276.95789    0.9603600      44.08
   1276.95972    0.9603300      44.08
   1276.96167    0.9598900      44.06
   1276.96350    0.9592400      44.03
   1276.96533    0.9588600      44.01
   1276.96729    0.9591800      44.03
   1276.96912    0.9600100      44.07
   1276.97107    0.9608400      44.10
   1276.97290    0.9614600      44.13
   1276.97485    0.9621100      44.16
   1276.97668    0.9627400      44.19
   1276.97852    0.9628600      44.20
   1276.98047    0.9623100      44.17
   1276.98230    0.9617800      44.15
   1276.98425    0.9618400      44.15
   1276.98608    0.9621100      44.16
   1276.98804    0.9620300      44.16
   1276.98987    0.9618300      44.15
   1276.99170    0.9619900      44.16
   1276.99365    0.9621500      44.16
   1276.99548    0.9617000      44.14
   1276.99744    0.9610700      44.11
   1276.99927    0.9611700      44.12
   1277.00122    0.9616000      44.14
   1277.00305    0.9611600      44.12
   1277.00488    0.9600000      44.06
   1277.00684    0.9594100      44.04
   1277.00867    0.9594500      44.04
   1277.01062    0.9587300      44.00
   1277.01245    0.9571400      43.93
   1277.01440    0.9564500      43.90
   1277.01624    0.9573000      43.94
   1277.01807    0.9579900      43.97
   1277.02002    0.9577000      43.96
   1277.02185    0.9581400      43.98
   1277.02380    0.9599800      44.06
   1277.02563    0.9607400      44.10
   1277.02747    0.9588600      44.01
   1277.02942    0.9571800      43.93
   1277.03125    0.9584800      43.99
   1277.03320    0.9603400      44.08
   1277.03503    0.9590800      44.02
   1277.03699    0.9565900      43.90
   1277.03882    0.9572500      43.93
   1277.04065    0.9595300      44.04
   1277.04260    0.9581200      43.97
   1277.04443    0.9538700      43.78
   1277.04639    0.9532600      43.75
   1277.04822    0.9565900      43.90
   1277.05017    0.9562600      43.89
   1277.05200    0.9501700      43.61
   1277.05383    0.9465400      43.44
   1277.05579    0.9492900      43.57
   1277.05762    0.9494800      43.58
   1277.05957    0.9407700      43.18
   1277.06140    0.9324700      42.80
   1277.06335    0.9331900      42.83
   1277.06519    0.9312100      42.74
   1277.06702    0.9108300      41.80
   1277.06897    0.8810100      40.43
   1277.07080    0.8596700      39.45
   1277.07275    0.8281200      38.01
   1277.07458    0.7377900      33.86
   1277.07654    0.5856100      26.88
   1277.07837    0.4556000      20.91
   1277.08020    0.4468700      20.51
   1277.08215    0.5649200      25.93
   1277.08398    0.7163300      32.87
   1277.08594    0.8131800      37.32
   1277.08777    0.8510400      39.06
   1277.08972    0.8753200      40.17
   1277.09155    0.9065300      41.60
   1277.09338    0.9287200      42.62
   1277.09534    0.9325900      42.80
   1277.09717    0.9328900      42.81
   1277.09912    0.9415600      43.21
   1277.10095    0.9505300      43.62
   1277.10278    0.9502700      43.61
   1277.10474    0.9467400      43.45
   1277.10657    0.9493300      43.57
   1277.10852    0.9549100      43.82
   1277.11035    0.9553800      43.84
   1277.11230    0.9523700      43.71
   1277.11414    0.9532200      43.74
   1277.11597    0.9577300      43.95
   1277.11792    0.9594800      44.03
   1277.11975    0.9575600      43.94
   1277.12170    0.9572900      43.93
   1277.12354    0.9602900      44.07
   1277.12549    0.9621300      44.15
   1277.12732    0.9607000      44.09
   1277.12915    0.9595400      44.03
   1277.13110    0.9610500      44.10
   1277.13293    0.9626000      44.17
   1277.13489    0.9617700      44.13
   1277.13672    0.9605800      44.08
   1277.13867    0.9613400      44.11
   1277.14050    0.9624900      44.17
   1277.14233    0.9616700      44.13
   1277.14429    0.9601300      44.06
   1277.14612    0.9604500      44.07
   1277.14807    0.9621000      44.15
   1277.14990    0.9625500      44.17
   1277.15186    0.9615400      44.12
   1277.15369    0.9610000      44.10
   1277.15552    0.9615300      44.12
   1277.15747    0.9617600      44.13
   1277.15930    0.9612200      44.11
   1277.16125    0.9611800      44.11
   1277.16309    0.9621000      44.15
   1277.16504    0.9626700      44.17
   1277.16687    0.9619600      44.14
   1277.16870    0.9610700      44.10
   1277.17065    0.9614400      44.12
   1277.17249    0.9628200      44.18
   1277.17444    0.9639100      44.23
   1277.17627    0.9641500      44.24
   1277.17822    0.9638900      44.23
   1277.18005    0.9634200      44.21
   1277.18188    0.9627000      44.17
   1277.18384    0.9620100      44.14
   1277.18567    0.9618400      44.13
   1277.18762    0.9622800      44.15
   1277.18945    0.9627900      44.18
   1277.19141    0.9629600      44.19
   1277.19324    0.9629500      44.18
   1277.19507    0.9631900      44.20
   1277.19702    0.9638000      44.22
   1277.19885    0.9644700      44.25
   1277.20081    0.9647500      44.27
   1277.20264    0.9644800      44.25
   1277.20459    0.9638800      44.23
   1277.20642    0.9633200      44.20
   1277.20825    0.9630200      44.19
   1277.21021    0.9630000      44.19
   1277.21204    0.9631600      44.19
   1277.21399    0.9633000      44.20
   1277.21582    0.9632800      44.20
   1277.21777    0.9632100      44.19
   1277.21960    0.9633500      44.20
   1277.22144    0.9637400      44.22
   1277.22339    0.9640100      44.23
   1277.22522    0.9639300      44.23
   1277.22717    0.9637500      44.22
   1277.22900    0.9638300      44.22
   1277.23096    0.9640300      44.23
   1277.23279    0.9638200      44.22
   1277.23462    0.9631200      44.19
   1277.23657    0.9625600      44.16
   1277.23840    0.9626600      44.17
   1277.24036    0.9632000      44.19
   1277.24219    0.9636000      44.21
   1277.24414    0.9637100      44.22
   1277.24597    0.9638200      44.22
   1277.24780    0.9640700      44.23
   1277.24976    0.9642300      44.24
   1277.25159    0.9641400      44.23
   1277.25354    0.9639400      44.23
   1277.25537    0.9637800      44.22
   1277.25732    0.9636600      44.21
   1277.25916    0.9634800      44.20
   1277.26099    0.9633500      44.20
   1277.26294    0.9633100      44.20
   1277.26477    0.9631800      44.19
   1277.26672    0.9627700      44.17
   1277.26855    0.9623000      44.15
   1277.27051    0.9623400      44.15
   1277.27234    0.9631300      44.19
   1277.27429    0.9640900      44.23
   1277.27612    0.9643700      44.24
   1277.27795    0.9637200      44.21
   1277.27991    0.9627200      44.17
   1277.28174    0.9621600      44.14
   1277.28369    0.9622800      44.15
   1277.28552    0.9628900      44.18
   1277.28748    0.9637100      44.21
   1277.28931    0.9645000      44.25
   1277.29114    0.9649100      44.27
   1277.29309    0.9646600      44.26
   1277.29492    0.9638600      44.22
   1277.29688    0.9631100      44.18
   1277.29871    0.9628700      44.17
   1277.30066    0.9631200      44.18
   1277.30249    0.9634400      44.20
   1277.30432    0.9635100      44.20
   1277.30627    0.9633000      44.19
   1277.30811    0.9630000      44.18
   1277.31006    0.9627400      44.17
   1277.31189    0.9624200      44.15
   1277.31384    0.9618200      44.12
   1277.31567    0.9609000      44.08
   1277.31750    0.9599100      44.04
   1277.31946    0.9592100      44.00
   1277.32129    0.9589100      43.99
   1277.32324    0.9589500      43.99
   1277.32507    0.9593100      44.01
   1277.32703    0.9600400      44.04
   1277.32886    0.9609400      44.08
   1277.33069    0.9615500      44.11
   1277.33264    0.9616800      44.12
   1277.33447    0.9617000      44.12
   1277.33643    0.9621400      44.14
   1277.33826    0.9630100      44.18
   1277.34021    0.9638600      44.22
   1277.34204    0.9643200      44.24
   1277.34387    0.9644400      44.24
   1277.34583    0.9644200      44.24
   1277.34766    0.9643000      44.24
   1277.34961    0.9640300      44.22
   1277.35144    0.9637200      44.21
   1277.35339    0.9636600      44.21
   1277.35522    0.9639800      44.22
   1277.35706    0.9644800      44.24
   1277.35901    0.9647300      44.25
   1277.36084    0.9644800      44.24
   1277.36279    0.9639300      44.22
   1277.36462    0.9636200      44.20
   1277.36658    0.9638000      44.21
   1277.36841    0.9641400      44.23
   1277.37036    0.9641400      44.23
   1277.37219    0.9638400      44.21
   1277.37402    0.9636500      44.20
   1277.37598    0.9637400      44.21
   1277.37781    0.9637600      44.21
   1277.37976    0.9633500      44.19
   1277.38159    0.9626900      44.16
   1277.38354    0.9622100      44.14
   1277.38538    0.9621100      44.13
   1277.38721    0.9622500      44.14
   1277.38916    0.9624700      44.15
   1277.39099    0.9627100      44.16
   1277.39294    0.9629100      44.17
   1277.39478    0.9631000      44.18
   1277.39673    0.9634600      44.19
   1277.39856    0.9640600      44.22
   1277.40039    0.9646600      44.25
   1277.40234    0.9648600      44.26
   1277.40417    0.9645400      44.24
   1277.40613    0.9639800      44.22
   1277.40796    0.9635400      44.20
   1277.40991    0.9634500      44.19
   1277.41174    0.9638300      44.21
   1277.41357    0.9646200      44.25
   1277.41553    0.9652900      44.28
   1277.41736    0.9652400      44.27
   1277.41931    0.9644800      44.24
   1277.42114    0.9637300      44.20
   1277.42310    0.9635900      44.20
   1277.42493    0.9638300      44.21
   1277.42688    0.9638600      44.21
   1277.42871    0.9636000      44.20
   1277.43054    0.9634200      44.19
   1277.43250    0.9634500      44.19
   1277.43433    0.9634200      44.19
   1277.43628    0.9631800      44.18
   1277.43811    0.9629700      44.17
   1277.44006    0.9630100      44.17
   1277.44189    0.9631200      44.17
   1277.44373    0.9631400      44.17
   1277.44568    0.9631800      44.18
   1277.44751    0.9633100      44.18
   1277.44946    0.9632800      44.18
   1277.45129    0.9629800      44.17
   1277.45325    0.9628100      44.16
   1277.45508    0.9632000      44.18
   1277.45691    0.9638600      44.21
   1277.45886    0.9640300      44.21
   1277.46069    0.9634900      44.19
   1277.46265    0.9628400      44.16
   1277.46448    0.9625100      44.14
   1277.46643    0.9621600      44.13
   1277.46826    0.9612400      44.09
   1277.47021    0.9599400      44.03
   1277.47205    0.9590000      43.98
   1277.47388    0.9587400      43.97
   1277.47583    0.9588000      43.97
   1277.47766    0.9588600      43.98
   1277.47961    0.9591000      43.99
   1277.48145    0.9598700      44.02
   1277.48340    0.9609800      44.07
   1277.48523    0.9619300      44.12
   1277.48706    0.9624400      44.14
   1277.48901    0.9627700      44.15
   1277.49084    0.9632000      44.17
   1277.49280    0.9636300      44.19
   1277.49463    0.9637300      44.20
   1277.49658    0.9633700      44.18
   1277.49841    0.9628700      44.16
   1277.50024    0.9625600      44.14
   1277.50220    0.9624900      44.14
   1277.50403    0.9624100      44.14
   1277.50598    0.9621900      44.13
   1277.50781    0.9619600      44.12
   1277.50977    0.9619500      44.12
   1277.51160    0.9621700      44.13
   1277.51355    0.9624700      44.14
   1277.51538    0.9627600      44.15
   1277.51721    0.9630100      44.16
   1277.51917    0.9631300      44.17
   1277.52100    0.9630600      44.17
   1277.52295    0.9629000      44.16
   1277.52478    0.9628400      44.16
   1277.52673    0.9629200      44.16
   1277.52856    0.9629100      44.16
   1277.53040    0.9627200      44.15
   1277.53235    0.9624900      44.14
   1277.53418    0.9624600      44.14
   1277.53613    0.9626600      44.15
   1277.53796    0.9629800      44.16
   1277.53992    0.9634600      44.18
   1277.54175    0.9640800      44.21
   1277.54370    0.9645500      44.23
   1277.54553    0.9644800      44.23
   1277.54736    0.9639500      44.20
   1277.54932    0.9635400      44.19
   1277.55115    0.9636900      44.19
   1277.55310    0.9641700      44.21
   1277.55493    0.9644100      44.23
   1277.55688    0.9641800      44.21
   1277.55872    0.9637300      44.19
   1277.56055    0.9633400      44.18
   1277.56250    0.9629500      44.16
   1277.56433    0.9625200      44.14
   1277.56628    0.9622300      44.12
   1277.56812    0.9623500      44.13
   1277.57007    0.9629400      44.16
   1277.57190    0.9636900      44.19
   1277.57385    0.9642300      44.22
   1277.57568    0.9643000      44.22
   1277.57751    0.9639400      44.20
   1277.57947    0.9635200      44.18
   1277.58130    0.9635000      44.18
   1277.58325    0.9639300      44.20
   1277.58508    0.9642600      44.22
   1277.58704    0.9638700      44.20
   1277.58887    0.9626400      44.14
   1277.59070    0.9610300      44.07
   1277.59265    0.9595800      44.00
   1277.59448    0.9584300      43.95
   1277.59644    0.9574200      43.90
   1277.59827    0.9564400      43.86
   1277.60022    0.9554700      43.81
   1277.60205    0.9545100      43.77
   1277.60400    0.9535100      43.72
   1277.60583    0.9524900      43.67
   1277.60767    0.9516900      43.64
   1277.60962    0.9515700      43.63
   1277.61145    0.9524400      43.67
   1277.61340    0.9541000      43.75
   1277.61523    0.9558700      43.83
   1277.61719    0.9571200      43.89
   1277.61902    0.9578700      43.92
   1277.62085    0.9586000      43.95
   1277.62280    0.9595100      44.00
   1277.62463    0.9602800      44.03
   1277.62659    0.9606600      44.05
   1277.62842    0.9609800      44.06
   1277.63037    0.9617000      44.10
   1277.63220    0.9627300      44.14
   1277.63416    0.9635000      44.18
   1277.63599    0.9637400      44.19
   1277.63782    0.9637600      44.19
   1277.63977    0.9637800      44.19
   1277.64160    0.9635900      44.18
   1277.64355    0.9629700      44.15
   1277.64539    0.9623500      44.12
   1277.64734    0.9623600      44.12
   1277.64917    0.9629400      44.15
   1277.65112    0.9634200      44.17
   1277.65295    0.9633700      44.17
   1277.65479    0.9631400      44.16
   1277.65674    0.9631500      44.16
   1277.65857    0.9632200      44.16
   1277.66052    0.9628000      44.14
   1277.66235    0.9618000      44.10
   1277.66431    0.9606500      44.04
   1277.66614    0.9597100      44.00
   1277.66797    0.9589500      43.97
   1277.66992    0.9581500      43.93
   1277.67175    0.9573100      43.89
   1277.67371    0.9565000      43.85
   1277.67554    0.9557400      43.82
   1277.67749    0.9550900      43.79
   1277.67932    0.9547800      43.77
   1277.68127    0.9549200      43.78
   1277.68311    0.9552300      43.79
   1277.68494    0.9553000      43.80
   1277.68689    0.9551900      43.79
   1277.68872    0.9554400      43.80
   1277.69067    0.9564000      43.85
   1277.69250    0.9576500      43.91
   1277.69446    0.9584800      43.94
   1277.69629    0.9587300      43.95
   1277.69824    0.9589600      43.96
   1277.70007    0.9597100      44.00
   1277.70190    0.9609300      44.05
   1277.70386    0.9621100      44.11
   1277.70569    0.9628400      44.14
   1277.70764    0.9629900      44.15
   1277.70947    0.9627200      44.14
   1277.71143    0.9623100      44.12
   1277.71326    0.9620800      44.11
   1277.71521    0.9621700      44.11
   1277.71704    0.9623900      44.12
   1277.71887    0.9623900      44.12
   1277.72083    0.9620400      44.10
   1277.72266    0.9616100      44.08
   1277.72461    0.9615100      44.08
   1277.72644    0.9619600      44.10
   1277.72839    0.9627400      44.14
   1277.73022    0.9633300      44.16
   1277.73206    0.9634200      44.17
   1277.73401    0.9632000      44.16
   1277.73584    0.9631300      44.15
   1277.73779    0.9633500      44.16
   1277.73962    0.9635300      44.17
   1277.74158    0.9633800      44.16
   1277.74341    0.9631500      44.15
   1277.74536    0.9632800      44.16
   1277.74719    0.9637800      44.18
   1277.74902    0.9641400      44.20
   1277.75098    0.9639600      44.19
   1277.75281    0.9633700      44.16
   1277.75476    0.9628100      44.14
   1277.75659    0.9625200      44.12
   1277.75854    0.9624200      44.12
   1277.76038    0.9623800      44.12
   1277.76233    0.9623100      44.11
   1277.76416    0.9622100      44.11
   1277.76599    0.9621400      44.11
   1277.76794    0.9621000      44.10
   1277.76978    0.9620500      44.10
   1277.77173    0.9620000      44.10
   1277.77356    0.9620300      44.10
   1277.77551    0.9620800      44.10
   1277.77734    0.9618900      44.09
   1277.77930    0.9612700      44.06
   1277.78113    0.9605000      44.03
   1277.78296    0.9601600      44.01
   1277.78491    0.9604400      44.03
   1277.78674    0.9610300      44.05
   1277.78870    0.9615800      44.08
   1277.79053    0.9620400      44.10
   1277.79248    0.9623600      44.11
   1277.79431    0.9622200      44.11
   1277.79626    0.9614700      44.07
   1277.79810    0.9605900      44.03
   1277.79993    0.9602300      44.02
   1277.80188    0.9604600      44.03
   1277.80371    0.9607700      44.04
   1277.80566    0.9608800      44.04
   1277.80750    0.9609900      44.05
   1277.80945    0.9612800      44.06
   1277.81128    0.9616100      44.08
   1277.81323    0.9617900      44.09
   1277.81506    0.9619900      44.10
   1277.81689    0.9624000      44.11
   1277.81885    0.9629100      44.14
   1277.82068    0.9632700      44.15
   1277.82263    0.9634200      44.16
   1277.82446    0.9635000      44.16
   1277.82642    0.9634500      44.16
   1277.82825    0.9631300      44.15
   1277.83008    0.9626300      44.12
   1277.83203    0.9623800      44.11
   1277.83386    0.9626800      44.13
   1277.83582    0.9633100      44.15
   1277.83765    0.9637400      44.17
   1277.83960    0.9637900      44.18
   1277.84143    0.9637000      44.17
   1277.84338    0.9636100      44.17
   1277.84521    0.9632900      44.15
   1277.84717    0.9626500      44.12
   1277.84900    0.9621000      44.10
   1277.85083    0.9620700      44.10
   1277.85278    0.9622300      44.10
   1277.85461    0.9619900      44.09
   1277.85657    0.9616200      44.08
   1277.85840    0.9618200      44.08
   1277.86035    0.9623900      44.11
   1277.86218    0.9623000      44.11
   1277.86414    0.9614400      44.07
   1277.86597    0.9611200      44.05
   1277.86780    0.9618400      44.08
   1277.86975    0.9621800      44.10
   1277.87158    0.9611200      44.05
   1277.87354    0.9600800      44.00
   1277.87537    0.9607400      44.03
   1277.87732    0.9619300      44.09
   1277.87915    0.9614700      44.07
   1277.88110    0.9600000      44.00
   1277.88293    0.9601000      44.00
   1277.88477    0.9615900      44.07
   1277.88672    0.9615000      44.07
   1277.88855    0.9593500      43.97
   1277.89050    0.9582900      43.92
   1277.89233    0.9596600      43.98
   1277.89429    0.9603600      44.01
   1277.89612    0.9584600      43.93
   1277.89807    0.9570300      43.86
   1277.89990    0.9586600      43.94
   1277.90173    0.9601500      44.00
   1277.90369    0.9578600      43.90
   1277.90552    0.9547200      43.76
   1277.90747    0.9553500      43.78
   1277.90930    0.9571800      43.87
   1277.91125    0.9545400      43.75
   1277.91309    0.9496500      43.52
   1277.91504    0.9497700      43.53
   1277.91687    0.9534100      43.69
   1277.91870    0.9511300      43.59
   1277.92065    0.9425500      43.20
   1277.92249    0.9389200      43.03
   1277.92444    0.9424300      43.19
   1277.92627    0.9378400      42.98
   1277.92822    0.9167300      42.01
   1277.93005    0.8940400      40.97
   1277.93201    0.8793200      40.30
   1277.93384    0.8435300      38.66
   1277.93567    0.7486500      34.31
   1277.93762    0.6163900      28.25
   1277.93945    0.5338600      24.47
   1277.94141    0.5671200      25.99
   1277.94324    0.6865200      31.46
   1277.94519    0.8018800      36.75
   1277.94702    0.8599600      39.41
   1277.94897    0.8802300      40.34
   1277.95081    0.9010000      41.29
   1277.95264    0.9262900      42.45
   1277.95459    0.9388700      43.03
   1277.95642    0.9379100      42.98
   1277.95837    0.9389200      43.03
   1277.96021    0.9469200      43.39
   1277.96216    0.9521000      43.63
   1277.96399    0.9498600      43.53
   1277.96594    0.9478900      43.44
   1277.96777    0.9514900      43.60
   1277.96960    0.9554600      43.78
   1277.97156    0.9547200      43.75
   1277.97339    0.9527600      43.66
   1277.97534    0.9543400      43.73
   1277.97717    0.9574400      43.87
   1277.97913    0.9577000      43.89
   1277.98096    0.9558400      43.80
   1277.98291    0.9554000      43.78
   1277.98474    0.9566000      43.84
   1277.98669    0.9570800      43.86
   1277.98853    0.9564700      43.83
   1277.99036    0.9564500      43.83
   1277.99231    0.9573900      43.87
   1277.99414    0.9579000      43.89
   1277.99609    0.9571900      43.86
   1277.99792    0.9559000      43.80
   1277.99988    0.9550900      43.77
   1278.00171    0.9553600      43.78
   1278.00366    0.9563200      43.82
   1278.00549    0.9567200      43.84
   1278.00732    0.9560700      43.81
   1278.00928    0.9557200      43.79
   1278.01111    0.9566500      43.84
   1278.01306    0.9571300      43.86
   1278.01489    0.9553000      43.77
   1278.01685    0.9530000      43.67
   1278.01868    0.9531600      43.68
   1278.02063    0.9542100      43.72
   1278.02246    0.9522400      43.63
   1278.02429    0.9484500      43.46
   1278.02625    0.9477800      43.43
   1278.02808    0.9496000      43.51
   1278.03003    0.9475100      43.42
   1278.03186    0.9410800      43.12
   1278.03381    0.9382700      42.99
   1278.03564    0.9412900      43.13
   1278.03760    0.9405100      43.09
   1278.03943    0.9306300      42.64
   1278.04138    0.9218100      42.24
   1278.04321    0.9218400      42.24
   1278.04504    0.9178800      42.06
   1278.04700    0.8945200      40.99
   1278.04883    0.8616900      39.48
   1278.05078    0.8367900      38.34
   1278.05261    0.7993700      36.63
   1278.05457    0.7011100      32.12
   1278.05640    0.5427100      24.87
   1278.05835    0.4121700      18.89
   1278.06018    0.4083800      18.71
   1278.06201    0.5327100      24.41
   1278.06396    0.6883900      31.54
   1278.06580    0.7878300      36.10
   1278.06775    0.8286500      37.97
   1278.06958    0.8566400      39.25
   1278.07153    0.8909400      40.82
   1278.07336    0.9149100      41.92
   1278.07532    0.9200100      42.15
   1278.07715    0.9219100      42.24
   1278.07910    0.9325100      42.73
   1278.08093    0.9433300      43.22
   1278.08276    0.9445900      43.28
   1278.08472    0.9421400      43.17
   1278.08655    0.9452700      43.31
   1278.08850    0.9511200      43.58
   1278.09033    0.9520400      43.62
   1278.09229    0.9497200      43.51
   1278.09412    0.9510300      43.57
   1278.09607    0.9554700      43.78
   1278.09790    0.9568200      43.84
   1278.09973    0.9544000      43.73
   1278.10168    0.9535000      43.69
   1278.10352    0.9557300      43.79
   1278.10547    0.9569800      43.84
   1278.10730    0.9553400      43.77
   1278.10925    0.9541600      43.71
   1278.11108    0.9556400      43.78
   1278.11304    0.9572200      43.85
   1278.11487    0.9565300      43.82
   1278.11682    0.9553300      43.77
   1278.11865    0.9560500      43.80
   1278.12048    0.9577100      43.88
   1278.12244    0.9581100      43.89
   1278.12427    0.9575500      43.87
   1278.12622    0.9576500      43.87
   1278.12805    0.9583400      43.90
   1278.13000    0.9584100      43.91
   1278.13184    0.9580100      43.89
   1278.13379    0.9582500      43.90
   1278.13562    0.9590200      43.94
   1278.13745    0.9591100      43.94
   1278.13940    0.9584300      43.91
   1278.14124    0.9582200      43.90
   1278.14319    0.9591800      43.94
   1278.14502    0.9604600      44.00
   1278.14697    0.9611000      44.03
   1278.14880    0.9611600      44.03
   1278.15076    0.9612200      44.04
   1278.15259    0.9613500      44.04
   1278.15454    0.9612800      44.04
   1278.15637    0.9611100      44.03
   1278.15820    0.9613700      44.04
   1278.16016    0.9620000      44.07
   1278.16199    0.9621200      44.08
   1278.16394    0.9612300      44.03
   1278.16577    0.9603500      43.99
   1278.16772    0.9608400      44.02
   1278.16956    0.9623700      44.09
   1278.17151    0.9630200      44.12
   1278.17334    0.9620300      44.07
   1278.17529    0.9608900      44.02
   1278.17712    0.9608800      44.02
   1278.17896    0.9611400      44.03
   1278.18091    0.9606700      44.01
   1278.18274    0.9605000      44.00
   1278.18469    0.9616100      44.05
   1278.18652    0.9624700      44.09
   1278.18848    0.9613300      44.04
   1278.19031    0.9598100      43.97
   1278.19226    0.9606500      44.01
   1278.19409    0.9626100      44.10
   1278.19604    0.9620300      44.07
   1278.19788    0.9591800      43.94
   1278.19971    0.9582200      43.89
   1278.20166    0.9598500      43.97
   1278.20349    0.9598800      43.97
   1278.20544    0.9569400      43.84
   1278.20728    0.9555600      43.77
   1278.20923    0.9578700      43.88
   1278.21106    0.9586500      43.91
   1278.21301    0.9543700      43.72
   1278.21484    0.9505700      43.54
   1278.21667    0.9526700      43.64
   1278.21863    0.9551300      43.75
   1278.22046    0.9501800      43.52
   1278.22241    0.9426000      43.18
   1278.22424    0.9421900      43.16
   1278.22620    0.9441500      43.25
   1278.22803    0.9338700      42.78
   1278.22998    0.9128100      41.81
   1278.23181    0.8977400      41.12
   1278.23376    0.8842500      40.50
   1278.23560    0.8350300      38.25
   1278.23743    0.7307000      33.47
   1278.23938    0.6201800      28.41
   1278.24121    0.5867600      26.88
   1278.24316    0.6579800      30.14
   1278.24500    0.7742400      35.46
   1278.24695    0.8575000      39.28
   1278.24878    0.8888600      40.71
   1278.25073    0.9021900      41.32
   1278.25256    0.9225600      42.26
   1278.25452    0.9410700      43.10
   1278.25635    0.9450400      43.29
   1278.25818    0.9424300      43.17
   1278.26013    0.9461900      43.34
   1278.26196    0.9537700      43.69
   1278.26392    0.9555300      43.77
   1278.26575    0.9525000      43.63
   1278.26770    0.9528100      43.64
   1278.26953    0.9570200      43.83
   1278.27148    0.9586400      43.91
   1278.27332    0.9564600      43.81
   1278.27527    0.9559000      43.78
   1278.27710    0.9588000      43.92
   1278.27893    0.9607500      44.00
   1278.28088    0.9594900      43.95
   1278.28271    0.9584700      43.90
   1278.28467    0.9601000      43.97
   1278.28650    0.9616600      44.05
   1278.28845    0.9605500      43.99
   1278.29028    0.9589400      43.92
   1278.29224    0.9597300      43.96
   1278.29407    0.9616800      44.05
   1278.29602    0.9620100      44.06
   1278.29785    0.9611100      44.02
   1278.29968    0.9612700      44.03
   1278.30164    0.9624500      44.08
   1278.30347    0.9626600      44.09
   1278.30542    0.9616300      44.04
   1278.30725    0.9611500      44.02
   1278.30920    0.9618800      44.05
   1278.31104    0.9625200      44.08
   1278.31299    0.9621000      44.06
   1278.31482    0.9612900      44.03
   1278.31677    0.9608900      44.01
   1278.31860    0.9607900      44.00
   1278.32043    0.9607800      44.00
   1278.32239    0.9611200      44.02
   1278.32422    0.9617200      44.05
   1278.32617    0.9619000      44.05
   1278.32800    0.9613500      44.03
   1278.32996    0.9607300      44.00
   1278.33179    0.9606000      43.99
   1278.33374    0.9607000      44.00
   1278.33557    0.9604500      43.99
   1278.33752    0.9597800      43.96
   1278.33936    0.9589100      43.92
   1278.34131    0.9580300      43.88
   1278.34314    0.9573500      43.84
   1278.34497    0.9572500      43.84
   1278.34692    0.9577100      43.86
   1278.34875    0.9582200      43.88
   1278.35071    0.9584100      43.89
   1278.35254    0.9586300      43.90
   1278.35449    0.9593600      43.94
   1278.35632    0.9604200      43.98
   1278.35828    0.9611500      44.02
   1278.36011    0.9612500      44.02
   1278.36206    0.9610500      44.01
   1278.36389    0.9609800      44.01
   1278.36572    0.9611500      44.02
   1278.36768    0.9614000      44.03
   1278.36951    0.9616300      44.04
   1278.37146    0.9618100      44.05
   1278.37329    0.9619600      44.05
   1278.37524    0.9620800      44.06
   1278.37708    0.9621500      44.06
   1278.37903    0.9621500      44.06
   1278.38086    0.9621200      44.06
   1278.38281    0.9622200      44.06
   1278.38464    0.9625300      44.08
   1278.38647    0.9629300      44.10
   1278.38843    0.9631900      44.11
   1278.39026    0.9631900      44.11
   1278.39221    0.9630100      44.10
   1278.39404    0.9626700      44.08
   1278.39600    0.9620600      44.06
   1278.39783    0.9612600      44.02
   1278.39978    0.9606100      43.99
   1278.40161    0.9605300      43.99
   1278.40356    0.9610400      44.01
   1278.40540    0.9616900      44.04
   1278.40735    0.9619700      44.05
   1278.40918    0.9619200      44.05
   1278.41101    0.9619600      44.05
   1278.41296    0.9623100      44.07
   1278.41479    0.9626400      44.08
   1278.41675    0.9625600      44.08
   1278.41858    0.9622300      44.06
   1278.42053    0.9621900      44.06
   1278.42236    0.9625700      44.08
   1278.42432    0.9629200      44.09
   1278.42615    0.9628800      44.09
   1278.42810    0.9626000      44.08
   1278.42993    0.9624000      44.07
   1278.43176    0.9622900      44.06
   1278.43372    0.9621400      44.06
   1278.43555    0.9620200      44.05
   1278.43750    0.9622300      44.06
   1278.43933    0.9627600      44.08
   1278.44128    0.9632500      44.11
   1278.44312    0.9633400      44.11
   1278.44507    0.9629500      44.09
   1278.44690    0.9622900      44.06
   1278.44885    0.9616600      44.03
   1278.45068    0.9613300      44.02
   1278.45264    0.9613500      44.02
   1278.45447    0.9613500      44.02
   1278.45630    0.9609700      44.00
   1278.45825    0.9603900      43.97
   1278.46008    0.9602400      43.97
   1278.46204    0.9607700      43.99
   1278.46387    0.9613600      44.02
   1278.46582    0.9612500      44.01
   1278.46765    0.9604400      43.98
   1278.46960    0.9596700      43.94
   1278.47144    0.9594500      43.93
   1278.47339    0.9596600      43.94
   1278.47522    0.9599600      43.95
   1278.47705    0.9602700      43.97
   1278.47900    0.9606000      43.98
   1278.48083    0.9608400      43.99
   1278.48279    0.9609300      44.00
   1278.48462    0.9611600      44.01
   1278.48657    0.9618000      44.04
   1278.48840    0.9625700      44.07
   1278.49036    0.9629000      44.09
   1278.49219    0.9626100      44.07
   1278.49414    0.9622100      44.06
   1278.49597    0.9620700      44.05
   1278.49792    0.9619700      44.04
   1278.49976    0.9614700      44.02
   1278.50159    0.9607000      43.99
   1278.50354    0.9601500      43.96
   1278.50537    0.9600900      43.96
   1278.50732    0.9602800      43.97
   1278.50916    0.9605600      43.98
   1278.51111    0.9609700      44.00
   1278.51294    0.9615000      44.02
   1278.51489    0.9618600      44.04
   1278.51672    0.9618800      44.04
   1278.51868    0.9618200      44.04
   1278.52051    0.9620300      44.05
   1278.52246    0.9624500      44.06
   1278.52429    0.9627400      44.08
   1278.52612    0.9627600      44.08
   1278.52808    0.9626200      44.07
   1278.52991    0.9623600      44.06
   1278.53186    0.9619500      44.04
   1278.53369    0.9615700      44.02
   1278.53564    0.9615800      44.02
   1278.53748    0.9619600      44.04
   1278.53943    0.9623000      44.06
   1278.54126    0.9622400      44.05
   1278.54321    0.9619300      44.04
   1278.54504    0.9616900      44.03
   1278.54700    0.9615600      44.02
   1278.54883    0.9614000      44.01
   1278.55066    0.9613100      44.01
   1278.55261    0.9615500      44.02
   1278.55444    0.9621200      44.05
   1278.55640    0.9626600      44.07
   1278.55823    0.9628600      44.08
   1278.56018    0.9626200      44.07
   1278.56201    0.9620000      44.04
   1278.56396    0.9610600      44.00
   1278.56580    0.9599200      43.95
   1278.56775    0.9588200      43.89
   1278.56958    0.9577900      43.85
   1278.57153    0.9567000      43.80
   1278.57336    0.9554600      43.74
   1278.57520    0.9542200      43.68
   1278.57715    0.9530400      43.63
   1278.57898    0.9516500      43.57
   1278.58093    0.9497300      43.48
   1278.58276    0.9474400      43.37
   1278.58472    0.9454100      43.28
   1278.58655    0.9441400      43.22
   1278.58850    0.9436700      43.20
   1278.59033    0.9438600      43.21
   1278.59229    0.9447000      43.25
   1278.59412    0.9461100      43.31
   1278.59607    0.9477000      43.38
   1278.59790    0.9489200      43.44
   1278.59973    0.9496400      43.47
   1278.60168    0.9502400      43.50
   1278.60352    0.9511300      43.54
   1278.60547    0.9522300      43.59
   1278.60730    0.9531200      43.63
   1278.60925    0.9536000      43.65
   1278.61108    0.9538900      43.67
   1278.61304    0.9541600      43.68
   1278.61487    0.9542400      43.68
   1278.61682    0.9538900      43.67
   1278.61865    0.9532900      43.64
   1278.62061    0.9529600      43.62
   1278.62244    0.9531700      43.63
   1278.62427    0.9536500      43.65
   1278.62622    0.9540000      43.67
   1278.62805    0.9542800      43.68
   1278.63000    0.9549000      43.71
   1278.63184    0.9560500      43.76
   1278.63379    0.9574500      43.83
   1278.63562    0.9586700      43.88
   1278.63757    0.9595500      43.92
   1278.63940    0.9602100      43.95
   1278.64136    0.9606800      43.97
   1278.64319    0.9608700      43.98
   1278.64514    0.9607700      43.98
   1278.64697    0.9605600      43.97
   1278.64893    0.9604300      43.96
   1278.65076    0.9604400      43.96
   1278.65259    0.9606000      43.97
   1278.65454    0.9609400      43.99
   1278.65637    0.9614100      44.01
   1278.65833    0.9618700      44.03
   1278.66016    0.9622000      44.04
   1278.66211    0.9623800      44.05
   1278.66394    0.9624300      44.05
   1278.66589    0.9622300      44.04
   1278.66772    0.9617100      44.02
   1278.66968    0.9610000      43.99
   1278.67151    0.9605000      43.96
   1278.67346    0.9604100      43.96
   1278.67529    0.9605100      43.96
   1278.67712    0.9604000      43.96
   1278.67908    0.9599600      43.94
   1278.68091    0.9595000      43.92
   1278.68286    0.9593200      43.91
   1278.68469    0.9592800      43.91
   1278.68665    0.9590500      43.90
   1278.68848    0.9585900      43.88
   1278.69043    0.9582800      43.86
   1278.69226    0.9583400      43.86
   1278.69421    0.9584800      43.87
   1278.69604    0.9582500      43.86
   1278.69800    0.9576000      43.83
   1278.69983    0.9568500      43.80
   1278.70178    0.9561300      43.76
   1278.70361    0.9553000      43.72
   1278.70544    0.9544800      43.69
   1278.70740    0.9542600      43.68
   1278.70923    0.9550300      43.71
   1278.71118    0.9564300      43.78
   1278.71301    0.9576600      43.83
   1278.71497    0.9584200      43.87
   1278.71680    0.9590800      43.90
   1278.71875    0.9598800      43.93
   1278.72058    0.9605700      43.96
   1278.72253    0.9607600      43.97
   1278.72437    0.9605000      43.96
   1278.72632    0.9601900      43.95
   1278.72815    0.9601000      43.94
   1278.72998    0.9602700      43.95
   1278.73193    0.9606000      43.96
   1278.73376    0.9609500      43.98
   1278.73572    0.9611100      43.99
   1278.73755    0.9610700      43.99
   1278.73950    0.9611200      43.99
   1278.74133    0.9615100      44.01
   1278.74329    0.9620100      44.03
   1278.74512    0.9621800      44.04
   1278.74707    0.9620200      44.03
   1278.74890    0.9620100      44.03
   1278.75085    0.9623500      44.04
   1278.75269    0.9626100      44.05
   1278.75464    0.9624000      44.05
   1278.75647    0.9619000      44.02
   1278.75830    0.9615500      44.01
   1278.76025    0.9613700      44.00
   1278.76208    0.9610500      43.98
   1278.76404    0.9606500      43.96
   1278.76587    0.9605600      43.96
   1278.76782    0.9609200      43.98
   1278.76965    0.9613000      43.99
   1278.77161    0.9613600      44.00
   1278.77344    0.9612400      43.99
   1278.77539    0.9612800      43.99
   1278.77722    0.9614400      44.00
   1278.77917    0.9615200      44.00
   1278.78101    0.9615100      44.00
   1278.78296    0.9614700      44.00
   1278.78479    0.9612800      43.99
   1278.78662    0.9607800      43.97
   1278.78857    0.9603200      43.95
   1278.79041    0.9604300      43.95
   1278.79236    0.9611000      43.98
   1278.79419    0.9616800      44.01
   1278.79614    0.9617600      44.01
   1278.79797    0.9616800      44.01
   1278.79993    0.9619400      44.02
   1278.80176    0.9623500      44.04
   1278.80371    0.9623500      44.04
   1278.80554    0.9619000      44.02
   1278.80750    0.9615600      44.00
   1278.80933    0.9617200      44.01
   1278.81128    0.9620400      44.02
   1278.81311    0.9620000      44.02
   1278.81494    0.9615200      44.00
   1278.81689    0.9609400      43.97
   1278.81873    0.9605300      43.95
   1278.82068    0.9603700      43.95
   1278.82251    0.9604600      43.95
   1278.82446    0.9607600      43.97
   1278.82629    0.9610700      43.98
   1278.82825    0.9610900      43.98
   1278.83008    0.9607500      43.96
   1278.83203    0.9602400      43.94
   1278.83386    0.9598000      43.92
   1278.83582    0.9595500      43.91
   1278.83765    0.9595500      43.91
   1278.83960    0.9598500      43.92
   1278.84143    0.9603400      43.94
   1278.84338    0.9607100      43.96
   1278.84521    0.9606700      43.96
   1278.84705    0.9602500      43.94
   1278.84900    0.9597200      43.92
   1278.85083    0.9593100      43.90
   1278.85278    0.9590300      43.88
   1278.85461    0.9588000      43.87
   1278.85657    0.9585300      43.86
   1278.85840    0.9581700      43.84
   1278.86035    0.9577500      43.82
   1278.86218    0.9573800      43.81
   1278.86414    0.9571900      43.80
   1278.86597    0.9572000      43.80
   1278.86792    0.9573800      43.81
   1278.86975    0.9576700      43.82
   1278.87170    0.9580000      43.84
   1278.87354    0.9581600      43.84
   1278.87537    0.9580300      43.84
   1278.87732    0.9577500      43.82
   1278.87915    0.9577200      43.82
   1278.88110    0.9581100      43.84
   1278.88293    0.9586200      43.86
   1278.88489    0.9587800      43.87
   1278.88672    0.9584300      43.85
   1278.88867    0.9578300      43.83
   1278.89050    0.9572900      43.80
   1278.89246    0.9569100      43.78
   1278.89429    0.9566300      43.77
   1278.89624    0.9562400      43.75
   1278.89807    0.9555800      43.72
   1278.90002    0.9546500      43.68
   1278.90186    0.9538100      43.64
   1278.90381    0.9534800      43.63
   1278.90564    0.9535400      43.63
   1278.90747    0.9533400      43.62
   1278.90942    0.9523800      43.58
   1278.91125    0.9509100      43.51
   1278.91321    0.9495500      43.45
   1278.91504    0.9484800      43.40
   1278.91699    0.9472200      43.34
   1278.91882    0.9453100      43.25
   1278.92078    0.9427500      43.13
   1278.92261    0.9398400      43.00
   1278.92456    0.9366200      42.85
   1278.92639    0.9328800      42.68
   1278.92834    0.9284100      42.48
   1278.93018    0.9230500      42.23
   1278.93213    0.9165100      41.93
   1278.93396    0.9083900      41.56
   1278.93591    0.8985200      41.11
   1278.93774    0.8870300      40.58
   1278.93958    0.8741700      40.00
   1278.94153    0.8600800      39.35
   1278.94336    0.8449600      38.66
   1278.94531    0.8293500      37.94
   1278.94714    0.8142100      37.25
   1278.94910    0.8008100      36.64
   1278.95093    0.7909300      36.19
   1278.95288    0.7869700      36.00
   1278.95471    0.7912700      36.20
   1278.95667    0.8043700      36.80
   1278.95850    0.8238300      37.69
   1278.96045    0.8451300      38.67
   1278.96228    0.8643800      39.55
   1278.96423    0.8803100      40.27
   1278.96606    0.8935800      40.88
   1278.96802    0.9048400      41.40
   1278.96985    0.9138000      41.81
   1278.97168    0.9202600      42.10
   1278.97363    0.9248600      42.31
   1278.97546    0.9286200      42.48
   1278.97742    0.9319600      42.64
   1278.97925    0.9347600      42.76
   1278.98120    0.9370400      42.87
   1278.98303    0.9391800      42.97
   1278.98499    0.9415100      43.07
   1278.98682    0.9439800      43.19
   1278.98877    0.9462800      43.29
   1278.99060    0.9480000      43.37
   1278.99255    0.9487600      43.40
   1278.99438    0.9485900      43.40
   1278.99634    0.9481500      43.38
   1278.99817    0.9482000      43.38
   1279.00012    0.9489200      43.41
   1279.00195    0.9499000      43.46
   1279.00391    0.9508600      43.50
   1279.00574    0.9518600      43.54
   1279.00757    0.9528300      43.59
   1279.00952    0.9534200      43.62
   1279.01135    0.9535300      43.62
   1279.01331    0.9536200      43.62
   1279.01514    0.9541300      43.65
   1279.01709    0.9548100      43.68
   1279.01892    0.9550800      43.69
   1279.02087    0.9549500      43.68
   1279.02271    0.9551700      43.69
   1279.02466    0.9562900      43.75
   1279.02649    0.9577900      43.81
   1279.02844    0.9585400      43.85
   1279.03027    0.9581200      43.83
   1279.03223    0.9573800      43.80
   1279.03406    0.9573800      43.80
   1279.03601    0.9581900      43.83
   1279.03784    0.9589500      43.87
   1279.03967    0.9591700      43.88
   1279.04163    0.9592000      43.88
   1279.04346    0.9593000      43.88
   1279.04541    0.9591100      43.87
   1279.04724    0.9584600      43.84
   1279.04919    0.9580700      43.83
   1279.05103    0.9584400      43.84
   1279.05298    0.9588100      43.86
   1279.05481    0.9582000      43.83
   1279.05676    0.9570300      43.78
   1279.05859    0.9564400      43.75
   1279.06055    0.9563100      43.74
   1279.06238    0.9554800      43.71
   1279.06433    0.9539300      43.64
   1279.06616    0.9530200      43.59
   1279.06812    0.9531600      43.60
   1279.06995    0.9531900      43.60
   1279.07190    0.9526500      43.58
   1279.07373    0.9527900      43.58
   1279.07556    0.9541100      43.64
   1279.07751    0.9550400      43.68
   1279.07935    0.9545200      43.66
   1279.08130    0.9539800      43.64
   1279.08313    0.9546500      43.67
   1279.08508    0.9551100      43.69
   1279.08691    0.9540800      43.64
   1279.08887    0.9534800      43.61
   1279.09070    0.9553500      43.70
   1279.09265    0.9575000      43.80
   1279.09448    0.9566500      43.76
   1279.09644    0.9544600      43.66
   1279.09827    0.9551300      43.69
   1279.10022    0.9576200      43.80
   1279.10205    0.9566700      43.76
   1279.10400    0.9523100      43.56
   1279.10583    0.9509100      43.49
   1279.10779    0.9540800      43.64
   1279.10962    0.9547600      43.67
   1279.11157    0.9492300      43.42
   1279.11340    0.9446700      43.21
   1279.11523    0.9465000      43.29
   1279.11719    0.9465900      43.30
   1279.11902    0.9357600      42.80
   1279.12097    0.9211100      42.13
   1279.12280    0.9132700      41.77
   1279.12476    0.8983400      41.09
   1279.12659    0.8465700      38.72
   1279.12854    0.7601100      34.77
   1279.13037    0.6924500      31.67
   1279.13232    0.6985100      31.95
   1279.13416    0.7724600      35.33
   1279.13611    0.8549300      39.10
   1279.13794    0.8996300      41.15
   1279.13989    0.9124600      41.73
   1279.14172    0.9225000      42.19
   1279.14368    0.9382000      42.91
   1279.14551    0.9475300      43.34
   1279.14746    0.9463600      43.28
   1279.14929    0.9451900      43.23
   1279.15112    0.9503300      43.46
   1279.15308    0.9554400      43.70
   1279.15491    0.9547500      43.67
   1279.15686    0.9524300      43.56
   1279.15869    0.9538900      43.63
   1279.16064    0.9568500      43.76
   1279.16248    0.9568000      43.76
   1279.16443    0.9552200      43.69
   1279.16626    0.9560300      43.72
   1279.16821    0.9583500      43.83
   1279.17004    0.9584900      43.84
   1279.17200    0.9566400      43.75
   1279.17383    0.9561700      43.73
   1279.17578    0.9574600      43.79
   1279.17761    0.9576200      43.80
   1279.17957    0.9557600      43.71
   1279.18140    0.9544700      43.65
   1279.18335    0.9552500      43.69
   1279.18518    0.9564600      43.74
   1279.18713    0.9566600      43.75
   1279.18896    0.9568600      43.76
   1279.19092    0.9581400      43.82
   1279.19275    0.9593600      43.87
   1279.19458    0.9590900      43.86
   1279.19653    0.9580200      43.81
   1279.19836    0.9577400      43.80
   1279.20032    0.9583600      43.83
   1279.20215    0.9587700      43.85
   1279.20410    0.9586500      43.84
   1279.20593    0.9585900      43.84
   1279.20789    0.9587400      43.84
   1279.20972    0.9586300      43.84
   1279.21167    0.9583200      43.83
   1279.21350    0.9584900      43.83
   1279.21545    0.9592800      43.87
   1279.21729    0.9599700      43.90
   1279.21924    0.9600100      43.90
   1279.22107    0.9596800      43.89
   1279.22302    0.9595300      43.88
   1279.22485    0.9596000      43.88
   1279.22681    0.9595000      43.88
   1279.22864    0.9591100      43.86
   1279.23059    0.9587600      43.84
   1279.23242    0.9587300      43.84
   1279.23425    0.9588700      43.85
   1279.23621    0.9587900      43.84
   1279.23804    0.9584100      43.83
   1279.23999    0.9580800      43.81
   1279.24182    0.9580100      43.81
   1279.24377    0.9578600      43.80
   1279.24561    0.9571900      43.77
   1279.24756    0.9561600      43.72
   1279.24939    0.9553800      43.69
   1279.25134    0.9550500      43.67
   1279.25317    0.9548300      43.66
   1279.25513    0.9545900      43.65
   1279.25696    0.9547300      43.66
   1279.25891    0.9554500      43.69
   1279.26074    0.9562000      43.72
   1279.26270    0.9564300      43.74
   1279.26453    0.9564200      43.73
   1279.26648    0.9567100      43.75
   1279.26831    0.9571500      43.77
   1279.27026    0.9570200      43.76
   1279.27209    0.9563100      43.73
   1279.27405    0.9558800      43.71
   1279.27588    0.9563000      43.73
   1279.27771    0.9571200      43.77
   1279.27966    0.9576200      43.79
   1279.28149    0.9577600      43.79
   1279.28345    0.9578600      43.80
   1279.28528    0.9578200      43.80
   1279.28723    0.9572600      43.77
   1279.28906    0.9563700      43.73
   1279.29102    0.9558700      43.71
   1279.29285    0.9560500      43.72
   1279.29480    0.9562500      43.72
   1279.29663    0.9558500      43.71
   1279.29858    0.9550900      43.67
   1279.30042    0.9547100      43.65
   1279.30237    0.9547900      43.66
   1279.30420    0.9546200      43.65
   1279.30615    0.9537000      43.61
   1279.30798    0.9523000      43.54
   1279.30994    0.9507900      43.47
   1279.31177    0.9489300      43.39
   1279.31372    0.9463400      43.27
   1279.31555    0.9431100      43.12
   1279.31750    0.9391800      42.94
   1279.31934    0.9334600      42.68
   1279.32129    0.9250200      42.29
   1279.32312    0.9154100      41.86
   1279.32495    0.9088900      41.56
   1279.32690    0.9090300      41.56
   1279.32874    0.9154700      41.86
   1279.33069    0.9245700      42.27
   1279.33252    0.9328300      42.65
   1279.33447    0.9390100      42.93
   1279.33630    0.9435000      43.14
   1279.33826    0.9468300      43.29
   1279.34009    0.9492400      43.40
   1279.34204    0.9508400      43.47
   1279.34387    0.9517700      43.52
   1279.34583    0.9522200      43.54
   1279.34766    0.9524800      43.55
   1279.34961    0.9526100      43.55
   1279.35144    0.9522300      43.54
   1279.35339    0.9511400      43.49
   1279.35522    0.9497200      43.42
   1279.35718    0.9480500      43.35
   1279.35901    0.9452900      43.22
   1279.36096    0.9410900      43.03
   1279.36279    0.9373500      42.86
   1279.36475    0.9368500      42.83
   1279.36658    0.9398900      42.97
   1279.36853    0.9439400      43.16
   1279.37036    0.9469700      43.29
   1279.37219    0.9493200      43.40
   1279.37415    0.9515700      43.50
   1279.37598    0.9528700      43.56
   1279.37793    0.9528500      43.56
   1279.37976    0.9531400      43.58
   1279.38171    0.9548900      43.66
   1279.38354    0.9565700      43.73
   1279.38550    0.9564300      43.73
   1279.38733    0.9557600      43.70
   1279.38928    0.9565600      43.73
   1279.39111    0.9576800      43.78
   1279.39307    0.9567300      43.74
   1279.39490    0.9548800      43.65
   1279.39685    0.9551700      43.67
   1279.39868    0.9566600      43.74
   1279.40063    0.9554900      43.68
   1279.40247    0.9521200      43.53
   1279.40442    0.9515000      43.50
   1279.40625    0.9542200      43.62
   1279.40820    0.9543900      43.63
   1279.41003    0.9498600      43.42
   1279.41199    0.9471200      43.30
   1279.41382    0.9496800      43.42
   1279.41577    0.9494200      43.40
   1279.41760    0.9390500      42.93
   1279.41956    0.9263300      42.35
   1279.42139    0.9206500      42.09
   1279.42334    0.9083400      41.53
   1279.42517    0.8623700      39.42
   1279.42700    0.7856300      35.92
   1279.42896    0.7264600      33.21
   1279.43079    0.7329100      33.50
   1279.43274    0.7983600      36.50
   1279.43457    0.8698900      39.77
   1279.43652    0.9075600      41.49
   1279.43835    0.9176000      41.95
   1279.44031    0.9257400      42.32
   1279.44214    0.9390800      42.93
   1279.44409    0.9472000      43.30
   1279.44592    0.9467400      43.28
   1279.44788    0.9465500      43.27
   1279.44971    0.9512700      43.49
   1279.45166    0.9551400      43.66
   1279.45349    0.9539900      43.61
   1279.45544    0.9521700      43.53
   1279.45728    0.9539300      43.61
   1279.45923    0.9561600      43.71
   1279.46106    0.9548700      43.65
   1279.46301    0.9524100      43.54
   1279.46484    0.9531000      43.57
   1279.46680    0.9558800      43.70
   1279.46863    0.9567100      43.73
   1279.47058    0.9555600      43.68
   1279.47241    0.9556300      43.68
   1279.47437    0.9574500      43.77
   1279.47620    0.9583500      43.81
   1279.47815    0.9575100      43.77
   1279.47998    0.9570000      43.75
   1279.48181    0.9576700      43.78
   1279.48376    0.9576500      43.77
   1279.48560    0.9559600      43.70
   1279.48755    0.9544800      43.63
   1279.48938    0.9547500      43.64
   1279.49133    0.9555400      43.68
   1279.49316    0.9552200      43.66
   1279.49512    0.9545600      43.63
   1279.49695    0.9552300      43.66
   1279.49890    0.9569000      43.74
   1279.50073    0.9577700      43.78
   1279.50269    0.9573600      43.76
   1279.50452    0.9569000      43.74
   1279.50647    0.9572000      43.75
   1279.50830    0.9576900      43.77
   1279.51025    0.9576000      43.77
   1279.51208    0.9570200      43.74
   1279.51404    0.9563800      43.71
   1279.51587    0.9558700      43.69
   1279.51782    0.9555800      43.68
   1279.51965    0.9556400      43.68
   1279.52161    0.9559000      43.69
   1279.52344    0.9559500      43.69
   1279.52539    0.9557400      43.68
   1279.52722    0.9556800      43.68
   1279.52917    0.9559700      43.69
   1279.53101    0.9561400      43.70
   1279.53296    0.9556900      43.68
   1279.53479    0.9547900      43.64
   1279.53674    0.9540700      43.61
   1279.53857    0.9537200      43.59
   1279.54053    0.9533200      43.57
   1279.54236    0.9524500      43.53
   1279.54419    0.9513100      43.48
   1279.54614    0.9504200      43.44
   1279.54797    0.9499100      43.42
   1279.54993    0.9493800      43.39
   1279.55176    0.9483600      43.35
   1279.55371    0.9468300      43.28
   1279.55554    0.9449000      43.19
   1279.55750    0.9423900      43.07
   1279.55933    0.9389600      42.92
   1279.56128    0.9345600      42.71
   1279.56311    0.9294000      42.48
   1279.56506    0.9233300      42.20
   1279.56689    0.9159400      41.86
   1279.56885    0.9076300      41.48
   1279.57068    0.9002400      41.14
   1279.57263    0.8960400      40.95
   1279.57446    0.8960300      40.95
   1279.57642    0.8993900      41.11
   1279.57825    0.9046400      41.35
   1279.58020    0.9106200      41.62
   1279.58203    0.9165600      41.89
   1279.58398    0.9216800      42.12
   1279.58582    0.9254300      42.29
   1279.58777    0.9279200      42.41
   1279.58960    0.9297400      42.49
   1279.59155    0.9313400      42.56
   1279.59338    0.9327700      42.63
   1279.59534    0.9339800      42.69
   1279.59717    0.9351700      42.74
   1279.59912    0.9366400      42.81
   1279.60095    0.9385500      42.89
   1279.60291    0.9408200      43.00
   1279.60474    0.9431900      43.11
   1279.60669    0.9453000      43.20
   1279.60852    0.9468300      43.27
   1279.61047    0.9477400      43.31
   1279.61230    0.9483200      43.34
   1279.61414    0.9489100      43.37
   1279.61609    0.9494900      43.39
   1279.61792    0.9497900      43.41
   1279.61987    0.9497400      43.40
   1279.62170    0.9497000      43.40
   1279.62366    0.9500100      43.42
   1279.62549    0.9503900      43.43
   1279.62744    0.9500500      43.42
   1279.62927    0.9484700      43.34
   1279.63123    0.9459100      43.23
   1279.63306    0.9428300      43.09
   1279.63501    0.9391600      42.92
   1279.63684    0.9345100      42.71
   1279.63879    0.9295100      42.48
   1279.64062    0.9262000      42.33
   1279.64258    0.9265700      42.34
   1279.64441    0.9306200      42.53
   1279.64636    0.9362500      42.79
   1279.64819    0.9411100      43.01
   1279.65015    0.9443900      43.16
   1279.65198    0.9466100      43.26
   1279.65393    0.9482300      43.33
   1279.65576    0.9491000      43.37
   1279.65771    0.9491800      43.38
   1279.65955    0.9490600      43.37
   1279.66150    0.9494600      43.39
   1279.66333    0.9503200      43.43
   1279.66528    0.9510200      43.46
   1279.66711    0.9512200      43.47
   1279.66907    0.9512900      43.47
   1279.67090    0.9517300      43.49
   1279.67285    0.9525000      43.53
   1279.67468    0.9532000      43.56
   1279.67664    0.9536900      43.58
   1279.67847    0.9540900      43.60
   1279.68042    0.9544600      43.61
   1279.68225    0.9546300      43.62
   1279.68420    0.9546100      43.62
   1279.68604    0.9547100      43.63
   1279.68799    0.9550800      43.64
   1279.68982    0.9554500      43.66
   1279.69165    0.9555100      43.66
   1279.69360    0.9554300      43.66
   1279.69543    0.9556500      43.67
   1279.69739    0.9561900      43.69
   1279.69922    0.9565900      43.71
   1279.70117    0.9566600      43.71
   1279.70300    0.9568000      43.72
   1279.70496    0.9572800      43.74
   1279.70679    0.9577400      43.76
   1279.70874    0.9575700      43.75
   1279.71057    0.9568600      43.72
   1279.71252    0.9562800      43.70
   1279.71436    0.9561200      43.69
   1279.71631    0.9559500      43.68
   1279.71814    0.9554200      43.66
   1279.72009    0.9548900      43.63
   1279.72192    0.9548200      43.63
   1279.72388    0.9550400      43.64
   1279.72571    0.9549600      43.63
   1279.72766    0.9545500      43.62
   1279.72949    0.9543500      43.61
   1279.73145    0.9545700      43.62
   1279.73328    0.9547500      43.62
   1279.73523    0.9544900      43.61
   1279.73706    0.9541800      43.60
   1279.73901    0.9544800      43.61
   1279.74084    0.9552800      43.65
   1279.74280    0.9558500      43.67
   1279.74463    0.9558400      43.67
   1279.74658    0.9556900      43.67
   1279.74841    0.9559100      43.68
   1279.75037    0.9563800      43.70
   1279.75220    0.9565600      43.71
   1279.75415    0.9562900      43.69
   1279.75598    0.9560100      43.68
   1279.75793    0.9561000      43.68
   1279.75977    0.9565000      43.70
   1279.76172    0.9568500      43.72
   1279.76355    0.9569400      43.72
   1279.76550    0.9568300      43.72
   1279.76733    0.9566600      43.71
   1279.76929    0.9565100      43.70
   1279.77112    0.9564000      43.70
   1279.77307    0.9563800      43.70
   1279.77490    0.9565100      43.70
   1279.77686    0.9567800      43.71
   1279.77869    0.9570800      43.73
   1279.78064    0.9572300      43.73
   1279.78247    0.9572100      43.73
   1279.78442    0.9571300      43.73
   1279.78625    0.9571000      43.73
   1279.78809    0.9569900      43.72
   1279.79004    0.9566100      43.71
   1279.79187    0.9560800      43.68
   1279.79382    0.9557400      43.67
   1279.79565    0.9557800      43.67
   1279.79761    0.9559600      43.67
   1279.79944    0.9559200      43.67
   1279.80139    0.9556100      43.66
   1279.80322    0.9553100      43.64
   1279.80518    0.9552700      43.64
   1279.80701    0.9554600      43.65
   1279.80896    0.9556800      43.66
   1279.81079    0.9558000      43.67
   1279.81274    0.9557900      43.67
   1279.81458    0.9556500      43.66
   1279.81653    0.9553800      43.65
   1279.81836    0.9549600      43.63
   1279.82031    0.9544400      43.60
   1279.82214    0.9539600      43.58
   1279.82410    0.9537500      43.57
   1279.82593    0.9540000      43.58
   1279.82788    0.9546300      43.61
   1279.82971    0.9553500      43.64
   1279.83167    0.9558400      43.67
   1279.83350    0.9559800      43.67
   1279.83545    0.9558800      43.67
   1279.83728    0.9557500      43.66
   1279.83923    0.9557100      43.66
   1279.84106    0.9557300      43.66
   1279.84302    0.9556000      43.66
   1279.84485    0.9550800      43.63
   1279.84680    0.9542400      43.59
   1279.84863    0.9534400      43.56
   1279.85059    0.9529800      43.53
   1279.85242    0.9527600      43.52
   1279.85437    0.9524800      43.51
   1279.85620    0.9521800      43.50
   1279.85815    0.9522400      43.50
   1279.85999    0.9528100      43.53
   1279.86194    0.9535200      43.56
   1279.86377    0.9538600      43.57
   1279.86572    0.9537700      43.57
   1279.86755    0.9536500      43.56
   1279.86951    0.9537200      43.57
   1279.87134    0.9536600      43.56
   1279.87329    0.9530600      43.54
   1279.87512    0.9519600      43.49
   1279.87708    0.9509100      43.44
   1279.87891    0.9503500      43.41
   1279.88086    0.9501100      43.40
   1279.88269    0.9497100      43.38
   1279.88464    0.9490400      43.35
   1279.88647    0.9484300      43.32
   1279.88843    0.9481000      43.31
   1279.89026    0.9479000      43.30
   1279.89221    0.9476100      43.29
   1279.89404    0.9474000      43.28
   1279.89600    0.9475200      43.28
   1279.89783    0.9477200      43.29
   1279.89978    0.9475600      43.28
   1279.90161    0.9471000      43.26
   1279.90356    0.9469800      43.26
   1279.90540    0.9476000      43.29
   1279.90735    0.9486000      43.33
   1279.90918    0.9493900      43.37
   1279.91113    0.9498800      43.39
   1279.91296    0.9503600      43.41
   1279.91492    0.9508500      43.43
   1279.91675    0.9510700      43.44
   1279.91870    0.9508300      43.43
   1279.92053    0.9501500      43.40
   1279.92236    0.9491100      43.35
   1279.92432    0.9476800      43.29
   1279.92615    0.9458800      43.21
   1279.92810    0.9437800      43.11
   1279.92993    0.9413200      43.00
   1279.93188    0.9384500      42.87
   1279.93372    0.9354200      42.73
   1279.93567    0.9326300      42.60
   1279.93750    0.9302300      42.49
   1279.93945    0.9280400      42.39
   1279.94128    0.9259200      42.29
   1279.94324    0.9241100      42.21
   1279.94507    0.9229700      42.16
   1279.94702    0.9226900      42.14
   1279.94885    0.9233100      42.17
   1279.95081    0.9247400      42.24
   1279.95264    0.9267800      42.33
   1279.95459    0.9292200      42.44
   1279.95642    0.9318600      42.56
   1279.95837    0.9344800      42.68
   1279.96021    0.9368300      42.79
   1279.96216    0.9388200      42.88
   1279.96399    0.9406600      42.96
   1279.96594    0.9425500      43.05
   1279.96777    0.9444100      43.14
   1279.96973    0.9460600      43.21
   1279.97156    0.9474200      43.27
   1279.97351    0.9483900      43.32
   1279.97534    0.9486700      43.33
   1279.97729    0.9481500      43.31
   1279.97913    0.9472900      43.27
   1279.98108    0.9467700      43.24
   1279.98291    0.9467700      43.24
   1279.98486    0.9471000      43.26
   1279.98669    0.9476300      43.28
   1279.98865    0.9482900      43.31
   1279.99048    0.9487200      43.33
   1279.99243    0.9487900      43.33
   1279.99426    0.9489700      43.34
   1279.99622    0.9496500      43.37
   1279.99805    0.9502600      43.40
   1280.00000    0.9501800      43.40
   1280.00183    0.9501400      43.39
   1280.00378    0.9511500      43.44
   1280.00562    0.9524700      43.50
   1280.00757    0.9523800      43.50
   1280.00940    0.9511400      43.44
   1280.01135    0.9508000      43.42
   1280.01318    0.9517300      43.47
   1280.01514    0.9518400      43.47
   1280.01697    0.9503800      43.40
   1280.01892    0.9496000      43.37
   1280.02075    0.9507800      43.42
   1280.02271    0.9516500      43.46
   1280.02454    0.9502400      43.40
   1280.02649    0.9487000      43.33
   1280.02832    0.9495900      43.37
   1280.03027    0.9510100      43.43
   1280.03210    0.9498300      43.38
   1280.03406    0.9476800      43.28
   1280.03589    0.9482000      43.30
   1280.03784    0.9499100      43.38
   1280.03967    0.9483300      43.31
   1280.04163    0.9446500      43.14
   1280.04346    0.9445200      43.13
   1280.04541    0.9474300      43.27
   1280.04724    0.9462900      43.22
   1280.04919    0.9401100      42.93
   1280.05103    0.9372300      42.80
   1280.05298    0.9405900      42.95
   1280.05481    0.9406200      42.96
   1280.05676    0.9312700      42.53
   1280.05859    0.9222800      42.12
   1280.06055    0.9223000      42.12
   1280.06238    0.9199100      42.01
   1280.06433    0.8999500      41.10
   1280.06616    0.8712900      39.79
   1280.06812    0.8513400      38.88
   1280.06995    0.8221700      37.55
   1280.07190    0.7374000      33.67
   1280.07373    0.5943100      27.14
   1280.07568    0.4728500      21.59
   1280.07751    0.4663000      21.29
   1280.07947    0.5783800      26.41
   1280.08130    0.7198200      32.87
   1280.08325    0.8083700      36.91
   1280.08508    0.8418200      38.44
   1280.08704    0.8641300      39.46
   1280.08887    0.8940700      40.83
   1280.09082    0.9153400      41.80
   1280.09265    0.9186800      41.95
   1280.09460    0.9185000      41.94
   1280.09644    0.9266800      42.32
   1280.09839    0.9355900      42.72
