   1264.00037    0.9028000      42.35
   1264.00220    0.8985000      42.14
   1264.00403    0.8936600      41.92
   1264.00598    0.8894600      41.72
   1264.00781    0.8851100      41.52
   1264.00964    0.8795200      41.25
   1264.01147    0.8729900      40.95
   1264.01331    0.8659700      40.62
   1264.01514    0.8574200      40.22
   1264.01697    0.8460000      39.68
   1264.01880    0.8317600      39.01
   1264.02063    0.8146900      38.21
   1264.02258    0.7924600      37.17
   1264.02441    0.7616100      35.72
   1264.02625    0.7204200      33.79
   1264.02808    0.6677000      31.32
   1264.02991    0.5980400      28.05
   1264.03174    0.5023300      23.56
   1264.03357    0.3772600      17.69
   1264.03540    0.2356900      11.05
   1264.03723    0.1063000       4.99
   1264.03918    0.0218700       1.03
   1264.04102    0.0054400       0.26
   1264.04285    0.0616600       2.89
   1264.04468    0.1750100       8.21
   1264.04651    0.3152900      14.79
   1264.04834    0.4502500      21.12
   1264.05017    0.5596700      26.25
   1264.05200    0.6406800      30.05
   1264.05383    0.7008300      32.87
   1264.05579    0.7474000      35.05
   1264.05762    0.7831600      36.73
   1264.05945    0.8091300      37.95
   1264.06128    0.8274200      38.81
   1264.06311    0.8408500      39.44
   1264.06494    0.8517500      39.95
   1264.06677    0.8618000      40.42
   1264.06860    0.8717800      40.89
   1264.07043    0.8810100      41.32
   1264.07239    0.8882100      41.66
   1264.07422    0.8934400      41.90
   1264.07605    0.8981800      42.12
   1264.07788    0.9031300      42.36
   1264.07971    0.9072600      42.55
   1264.08154    0.9097800      42.67
   1264.08337    0.9116400      42.75
   1264.08521    0.9140500      42.87
   1264.08704    0.9166100      42.99
   1264.08899    0.9181900      43.06
   1264.09082    0.9190500      43.10
   1264.09265    0.9204300      43.17
   1264.09448    0.9224500      43.26
   1264.09631    0.9239000      43.33
   1264.09814    0.9243200      43.35
   1264.09998    0.9245900      43.36
   1264.10181    0.9252900      43.39
   1264.10376    0.9258500      43.42
   1264.10559    0.9257900      43.42
   1264.10742    0.9254500      43.40
   1264.10925    0.9248600      43.37
   1264.11108    0.9231500      43.29
   1264.11292    0.9203900      43.16
   1264.11475    0.9187700      43.09
   1264.11658    0.9203100      43.16
   1264.11841    0.9241100      43.34
   1264.12036    0.9272200      43.48
   1264.12219    0.9283900      43.54
   1264.12402    0.9290300      43.57
   1264.12585    0.9304900      43.64
   1264.12769    0.9320200      43.71
   1264.12952    0.9323800      43.72
   1264.13135    0.9321100      43.71
   1264.13318    0.9326800      43.74
   1264.13501    0.9341200      43.81
   1264.13696    0.9350400      43.85
   1264.13879    0.9347000      43.83
   1264.14062    0.9340300      43.80
   1264.14246    0.9340700      43.80
   1264.14429    0.9347000      43.83
   1264.14612    0.9352800      43.86
   1264.14795    0.9357400      43.88
   1264.14978    0.9363000      43.91
   1264.15161    0.9367100      43.93
   1264.15356    0.9366600      43.92
   1264.15540    0.9365000      43.92
   1264.15723    0.9368100      43.93
   1264.15906    0.9373500      43.95
   1264.16089    0.9372900      43.95
   1264.16272    0.9365800      43.92
   1264.16455    0.9362400      43.90
   1264.16638    0.9369300      43.93
   1264.16833    0.9378900      43.98
   1264.17017    0.9379300      43.98
   1264.17200    0.9371200      43.94
   1264.17383    0.9365900      43.92
   1264.17566    0.9369800      43.94
   1264.17749    0.9377000      43.97
   1264.17932    0.9379700      43.98
   1264.18115    0.9378600      43.98
   1264.18298    0.9379800      43.98
   1264.18494    0.9384800      44.01
   1264.18677    0.9389700      44.03
   1264.18860    0.9391000      44.03
   1264.19043    0.9389300      44.03
   1264.19226    0.9387300      44.02
   1264.19409    0.9387100      44.02
   1264.19592    0.9389300      44.03
   1264.19775    0.9392200      44.04
   1264.19971    0.9392700      44.04
   1264.20154    0.9389000      44.02
   1264.20337    0.9382900      44.00
   1264.20520    0.9378000      43.97
   1264.20703    0.9376000      43.96
   1264.20886    0.9376700      43.97
   1264.21069    0.9380300      43.98
   1264.21252    0.9386200      44.01
   1264.21436    0.9390600      44.03
   1264.21631    0.9389800      44.03
   1264.21814    0.9385100      44.00
   1264.21997    0.9382300      43.99
   1264.22180    0.9384000      44.00
   1264.22363    0.9386800      44.01
   1264.22546    0.9387100      44.01
   1264.22729    0.9386500      44.01
   1264.22913    0.9387500      44.02
   1264.23096    0.9388200      44.02
   1264.23291    0.9386500      44.01
   1264.23474    0.9385600      44.01
   1264.23657    0.9390600      44.03
   1264.23840    0.9399200      44.07
   1264.24023    0.9403600      44.09
   1264.24207    0.9402200      44.08
   1264.24390    0.9402100      44.08
   1264.24573    0.9407900      44.11
   1264.24768    0.9413900      44.14
   1264.24951    0.9412000      44.13
   1264.25134    0.9404800      44.09
   1264.25317    0.9401700      44.08
   1264.25500    0.9405800      44.10
   1264.25684    0.9409500      44.12
   1264.25867    0.9406500      44.10
   1264.26050    0.9399700      44.07
   1264.26233    0.9396000      44.05
   1264.26428    0.9396800      44.06
   1264.26611    0.9398400      44.06
   1264.26794    0.9398300      44.06
   1264.26978    0.9397300      44.06
   1264.27161    0.9396700      44.06
   1264.27344    0.9396700      44.06
   1264.27527    0.9398300      44.06
   1264.27710    0.9402100      44.08
   1264.27905    0.9405700      44.10
   1264.28088    0.9405200      44.09
   1264.28271    0.9399500      44.07
   1264.28455    0.9392600      44.04
   1264.28638    0.9388400      44.02
   1264.28821    0.9387200      44.01
   1264.29004    0.9388100      44.01
   1264.29187    0.9391600      44.03
   1264.29370    0.9398300      44.06
   1264.29565    0.9404800      44.09
   1264.29749    0.9405900      44.10
   1264.29932    0.9400700      44.07
   1264.30115    0.9393100      44.04
   1264.30298    0.9387200      44.01
   1264.30481    0.9383100      43.99
   1264.30664    0.9380200      43.98
   1264.30847    0.9380300      43.98
   1264.31042    0.9386000      44.00
   1264.31226    0.9396000      44.05
   1264.31409    0.9404700      44.09
   1264.31592    0.9408200      44.11
   1264.31775    0.9408000      44.10
   1264.31958    0.9407600      44.10
   1264.32141    0.9407300      44.10
   1264.32324    0.9404800      44.09
   1264.32520    0.9399100      44.06
   1264.32703    0.9391900      44.03
   1264.32886    0.9386000      44.00
   1264.33069    0.9382500      43.98
   1264.33252    0.9381300      43.98
   1264.33435    0.9382600      43.98
   1264.33618    0.9385800      44.00
   1264.33801    0.9389300      44.02
   1264.33984    0.9392100      44.03
   1264.34180    0.9395100      44.04
   1264.34363    0.9398200      44.06
   1264.34546    0.9398700      44.06
   1264.34729    0.9394100      44.04
   1264.34912    0.9387100      44.00
   1264.35095    0.9383100      43.99
   1264.35278    0.9383100      43.99
   1264.35461    0.9381500      43.98
   1264.35657    0.9374400      43.94
   1264.35840    0.9366100      43.91
   1264.36023    0.9364100      43.90
   1264.36206    0.9369500      43.92
   1264.36389    0.9376300      43.95
   1264.36572    0.9380300      43.97
   1264.36755    0.9384300      43.99
   1264.36938    0.9390400      44.02
   1264.37134    0.9394500      44.04
   1264.37317    0.9390700      44.02
   1264.37500    0.9381300      43.98
   1264.37683    0.9374900      43.95
   1264.37866    0.9375700      43.95
   1264.38049    0.9378600      43.96
   1264.38232    0.9376400      43.95
   1264.38416    0.9369100      43.92
   1264.38599    0.9362700      43.89
   1264.38794    0.9361000      43.88
   1264.38977    0.9362000      43.88
   1264.39160    0.9362200      43.88
   1264.39343    0.9361600      43.88
   1264.39526    0.9362700      43.89
   1264.39709    0.9365500      43.90
   1264.39893    0.9366300      43.90
   1264.40076    0.9361000      43.88
   1264.40271    0.9351600      43.83
   1264.40454    0.9344400      43.80
   1264.40637    0.9343100      43.79
   1264.40820    0.9343500      43.80
   1264.41003    0.9338400      43.77
   1264.41187    0.9327700      43.72
   1264.41370    0.9318400      43.68
   1264.41553    0.9314300      43.66
   1264.41748    0.9310700      43.64
   1264.41931    0.9302800      43.60
   1264.42114    0.9293700      43.56
   1264.42297    0.9290000      43.54
   1264.42480    0.9290400      43.55
   1264.42664    0.9287500      43.53
   1264.42847    0.9280800      43.50
   1264.43030    0.9278000      43.49
   1264.43225    0.9279400      43.49
   1264.43408    0.9270300      43.45
   1264.43591    0.9239400      43.31
   1264.43774    0.9201000      43.13
   1264.43958    0.9185700      43.05
   1264.44141    0.9206200      43.15
   1264.44324    0.9242200      43.32
   1264.44507    0.9265100      43.43
   1264.44690    0.9268800      43.44
   1264.44885    0.9267700      43.44
   1264.45068    0.9270400      43.45
   1264.45251    0.9269300      43.44
   1264.45435    0.9257500      43.39
   1264.45618    0.9241500      43.31
   1264.45801    0.9231600      43.27
   1264.45984    0.9225700      43.24
   1264.46167    0.9214800      43.19
   1264.46362    0.9196700      43.10
   1264.46545    0.9177400      43.01
   1264.46729    0.9159500      42.93
   1264.46912    0.9139900      42.84
   1264.47095    0.9119300      42.74
   1264.47278    0.9102700      42.66
   1264.47461    0.9088500      42.60
   1264.47644    0.9066500      42.49
   1264.47839    0.9033000      42.34
   1264.48022    0.8997700      42.17
   1264.48206    0.8966700      42.02
   1264.48389    0.8928800      41.85
   1264.48572    0.8870500      41.57
   1264.48755    0.8797600      41.23
   1264.48938    0.8723600      40.88
   1264.49121    0.8640000      40.49
   1264.49316    0.8520300      39.93
   1264.49500    0.8356900      39.17
   1264.49683    0.8169500      38.29
   1264.49866    0.7958900      37.30
   1264.50049    0.7676500      35.98
   1264.50232    0.7259200      34.02
   1264.50415    0.6673300      31.27
   1264.50598    0.5885900      27.58
   1264.50793    0.4820800      22.59
   1264.50977    0.3433300      16.09
   1264.51160    0.1890700       8.86
   1264.51343    0.0632900       2.97
   1264.51526    0.0153900       0.72
   1264.51709    0.0654600       3.07
   1264.51892    0.1900300       8.91
   1264.52075    0.3413600      16.00
   1264.52271    0.4793800      22.47
   1264.52454    0.5877900      27.55
   1264.52637    0.6681500      31.31
   1264.52820    0.7271700      34.08
   1264.53003    0.7704300      36.11
   1264.53186    0.8023600      37.60
   1264.53369    0.8265300      38.73
   1264.53552    0.8450800      39.60
   1264.53748    0.8591000      40.26
   1264.53931    0.8697400      40.76
   1264.54114    0.8782600      41.16
   1264.54297    0.8854300      41.49
   1264.54480    0.8915000      41.78
   1264.54663    0.8967200      42.02
   1264.54846    0.9013600      42.24
   1264.55029    0.9053600      42.43
   1264.55225    0.9084700      42.57
   1264.55408    0.9108800      42.69
   1264.55591    0.9131200      42.79
   1264.55774    0.9155300      42.90
   1264.55957    0.9179300      43.02
   1264.56140    0.9199600      43.11
   1264.56323    0.9214700      43.18
   1264.56506    0.9224600      43.23
   1264.56702    0.9230500      43.25
   1264.56885    0.9234200      43.27
   1264.57068    0.9237900      43.29
   1264.57251    0.9242900      43.31
   1264.57434    0.9249500      43.34
   1264.57617    0.9258200      43.38
   1264.57800    0.9269400      43.44
   1264.57983    0.9281100      43.49
   1264.58179    0.9290800      43.54
   1264.58362    0.9298100      43.57
   1264.58545    0.9304900      43.60
   1264.58728    0.9311800      43.63
   1264.58911    0.9316800      43.66
   1264.59094    0.9318900      43.67
   1264.59277    0.9320800      43.68
   1264.59460    0.9325000      43.70
   1264.59656    0.9331300      43.72
   1264.59839    0.9336700      43.75
   1264.60022    0.9339600      43.76
   1264.60205    0.9340000      43.77
   1264.60388    0.9338400      43.76
   1264.60571    0.9336100      43.75
   1264.60754    0.9336400      43.75
   1264.60938    0.9341500      43.77
   1264.61133    0.9349100      43.81
   1264.61316    0.9354200      43.83
   1264.61499    0.9354200      43.83
   1264.61682    0.9352000      43.82
   1264.61865    0.9351100      43.82
   1264.62048    0.9351000      43.82
   1264.62231    0.9348300      43.80
   1264.62415    0.9342100      43.77
   1264.62610    0.9335500      43.74
   1264.62793    0.9332100      43.73
   1264.62976    0.9332300      43.73
   1264.63159    0.9335100      43.74
   1264.63342    0.9338900      43.76
   1264.63525    0.9342300      43.77
   1264.63708    0.9343000      43.78
   1264.63892    0.9339200      43.76
   1264.64087    0.9331800      43.72
   1264.64270    0.9324400      43.69
   1264.64453    0.9319500      43.67
   1264.64636    0.9316400      43.65
   1264.64819    0.9313300      43.64
   1264.65002    0.9310900      43.63
   1264.65186    0.9311300      43.63
   1264.65369    0.9314800      43.64
   1264.65564    0.9317200      43.65
   1264.65747    0.9314000      43.64
   1264.65930    0.9306200      43.60
   1264.66113    0.9300900      43.58
   1264.66296    0.9303700      43.59
   1264.66479    0.9311600      43.63
   1264.66663    0.9316700      43.65
   1264.66846    0.9315500      43.65
   1264.67041    0.9312300      43.63
   1264.67224    0.9312800      43.63
   1264.67407    0.9316900      43.65
   1264.67590    0.9321100      43.67
   1264.67773    0.9325200      43.69
   1264.67957    0.9332300      43.72
   1264.68140    0.9341200      43.77
   1264.68323    0.9345500      43.79
   1264.68518    0.9343200      43.77
   1264.68701    0.9341700      43.77
   1264.68884    0.9348200      43.80
   1264.69067    0.9358300      43.84
   1264.69250    0.9360100      43.85
   1264.69434    0.9350900      43.81
   1264.69617    0.9341300      43.76
   1264.69812    0.9341400      43.76
   1264.69995    0.9347800      43.79
   1264.70178    0.9350600      43.81
   1264.70361    0.9347400      43.79
   1264.70544    0.9344600      43.78
   1264.70728    0.9346100      43.79
   1264.70911    0.9347600      43.79
   1264.71094    0.9345000      43.78
   1264.71289    0.9340500      43.76
   1264.71472    0.9339300      43.75
   1264.71655    0.9341300      43.76
   1264.71838    0.9341700      43.76
   1264.72021    0.9338100      43.75
   1264.72205    0.9333100      43.72
   1264.72388    0.9329500      43.71
   1264.72571    0.9326600      43.69
   1264.72766    0.9322300      43.67
   1264.72949    0.9316900      43.65
   1264.73132    0.9312400      43.63
   1264.73315    0.9308800      43.61
   1264.73499    0.9303900      43.59
   1264.73682    0.9296400      43.55
   1264.73865    0.9288000      43.51
   1264.74048    0.9280900      43.48
   1264.74243    0.9275500      43.45
   1264.74426    0.9269700      43.43
   1264.74609    0.9261200      43.39
   1264.74792    0.9248900      43.33
   1264.74976    0.9232900      43.25
   1264.75159    0.9215200      43.17
   1264.75342    0.9198900      43.09
   1264.75537    0.9185500      43.03
   1264.75720    0.9174300      42.98
   1264.75903    0.9164600      42.93
   1264.76086    0.9157600      42.90
   1264.76270    0.9153000      42.88
   1264.76453    0.9146300      42.85
   1264.76636    0.9133900      42.79
   1264.76819    0.9119800      42.72
   1264.77014    0.9111100      42.68
   1264.77197    0.9106500      42.66
   1264.77380    0.9096300      42.61
   1264.77563    0.9076700      42.52
   1264.77747    0.9055200      42.42
   1264.77930    0.9037400      42.33
   1264.78113    0.9015900      42.23
   1264.78296    0.8982800      42.08
   1264.78491    0.8945500      41.90
   1264.78674    0.8919800      41.78
   1264.78857    0.8908700      41.73
   1264.79041    0.8901500      41.70
   1264.79224    0.8892100      41.65
   1264.79407    0.8883900      41.61
   1264.79590    0.8875000      41.57
   1264.79773    0.8855200      41.48
   1264.79968    0.8822300      41.33
   1264.80151    0.8786200      41.16
   1264.80334    0.8749100      40.98
   1264.80518    0.8698600      40.75
   1264.80701    0.8629900      40.42
   1264.80884    0.8557900      40.09
   1264.81067    0.8487600      39.76
   1264.81262    0.8391400      39.31
   1264.81445    0.8239600      38.60
   1264.81628    0.8042500      37.67
   1264.81812    0.7829200      36.67
   1264.81995    0.7589700      35.55
   1264.82178    0.7272500      34.06
   1264.82361    0.6837900      32.03
   1264.82544    0.6268500      29.36
   1264.82739    0.5516700      25.84
   1264.82922    0.4503400      21.09
   1264.83105    0.3231000      15.13
   1264.83289    0.1881400       8.81
   1264.83472    0.0753000       3.53
   1264.83655    0.0094400       0.44
   1264.83838    0.0015800       0.07
   1264.84033    0.0517400       2.42
   1264.84216    0.1513800       7.09
   1264.84399    0.2805300      13.14
   1264.84583    0.4103800      19.22
   1264.84766    0.5174000      24.23
   1264.84949    0.5955100      27.89
   1264.85132    0.6521800      30.55
   1264.85315    0.6946600      32.54
   1264.85510    0.7239700      33.91
   1264.85693    0.7401600      34.67
   1264.85876    0.7466500      34.97
   1264.86060    0.7471300      34.99
   1264.86243    0.7419200      34.75
   1264.86426    0.7302900      34.20
   1264.86609    0.7141800      33.45
   1264.86792    0.6969600      32.64
   1264.86987    0.6802300      31.86
   1264.87170    0.6645600      31.13
   1264.87354    0.6523300      30.55
   1264.87537    0.6470300      30.30
   1264.87720    0.6498500      30.44
   1264.87903    0.6589600      30.86
   1264.88086    0.6726700      31.51
   1264.88281    0.6913300      32.38
   1264.88464    0.7152300      33.50
   1264.88647    0.7423300      34.77
   1264.88831    0.7692500      36.03
   1264.89014    0.7936700      37.17
   1264.89197    0.8150900      38.17
   1264.89380    0.8336800      39.05
   1264.89563    0.8495100      39.79
   1264.89758    0.8626800      40.40
   1264.89941    0.8734200      40.91
   1264.90125    0.8820500      41.31
   1264.90308    0.8890300      41.64
   1264.90491    0.8950500      41.92
   1264.90674    0.9006000      42.18
   1264.90857    0.9054800      42.41
   1264.91052    0.9092400      42.58
   1264.91235    0.9119500      42.71
   1264.91418    0.9142500      42.82
   1264.91602    0.9166700      42.93
   1264.91785    0.9191500      43.05
   1264.91968    0.9213300      43.15
   1264.92151    0.9230700      43.23
   1264.92334    0.9245300      43.30
   1264.92529    0.9258300      43.36
   1264.92712    0.9268500      43.41
   1264.92896    0.9274000      43.43
   1264.93079    0.9276100      43.44
   1264.93262    0.9279300      43.46
   1264.93445    0.9286300      43.49
   1264.93628    0.9293900      43.52
   1264.93823    0.9297300      43.54
   1264.94006    0.9296300      43.54
   1264.94189    0.9295900      43.53
   1264.94373    0.9298900      43.55
   1264.94556    0.9302000      43.56
   1264.94739    0.9301700      43.56
   1264.94922    0.9301000      43.56
   1264.95105    0.9305400      43.58
   1264.95300    0.9314100      43.62
   1264.95483    0.9320600      43.65
   1264.95667    0.9321000      43.65
   1264.95850    0.9319700      43.64
   1264.96033    0.9322600      43.66
   1264.96216    0.9329300      43.69
   1264.96399    0.9334200      43.71
   1264.96594    0.9333900      43.71
   1264.96777    0.9331600      43.70
   1264.96960    0.9333200      43.71
   1264.97144    0.9341000      43.74
   1264.97327    0.9350800      43.79
   1264.97510    0.9355500      43.81
   1264.97693    0.9352200      43.79
   1264.97888    0.9344600      43.76
   1264.98071    0.9338500      43.73
   1264.98254    0.9335400      43.72
   1264.98438    0.9332000      43.70
   1264.98621    0.9325500      43.67
   1264.98804    0.9318000      43.63
   1264.98987    0.9313600      43.61
   1264.99170    0.9312500      43.61
   1264.99365    0.9311500      43.60
   1264.99548    0.9308800      43.59
   1264.99731    0.9307100      43.58
   1264.99915    0.9309400      43.59
   1265.00098    0.9314500      43.62
   1265.00281    0.9317900      43.63
   1265.00464    0.9317100      43.63
   1265.00659    0.9313400      43.61
   1265.00842    0.9308600      43.59
   1265.01025    0.9301900      43.56
   1265.01208    0.9292500      43.51
   1265.01392    0.9284500      43.48
   1265.01575    0.9283300      43.47
   1265.01758    0.9286700      43.49
   1265.01941    0.9285100      43.48
   1265.02136    0.9273000      43.42
   1265.02319    0.9258400      43.35
   1265.02502    0.9252900      43.33
   1265.02686    0.9255300      43.34
   1265.02869    0.9251800      43.32
   1265.03052    0.9235100      43.24
   1265.03235    0.9213800      43.14
   1265.03430    0.9198200      43.07
   1265.03613    0.9185100      43.01
   1265.03796    0.9164300      42.91
   1265.03979    0.9138500      42.79
   1265.04163    0.9122600      42.72
   1265.04346    0.9122700      42.72
   1265.04529    0.9126500      42.73
   1265.04724    0.9120400      42.70
   1265.04907    0.9109200      42.65
   1265.05090    0.9108300      42.65
   1265.05273    0.9122800      42.72
   1265.05457    0.9141900      42.80
   1265.05640    0.9155900      42.87
   1265.05823    0.9167200      42.92
   1265.06006    0.9183200      43.00
   1265.06201    0.9204900      43.10
   1265.06384    0.9228200      43.21
   1265.06567    0.9251100      43.32
   1265.06750    0.9273800      43.42
   1265.06934    0.9294000      43.52
   1265.07117    0.9308800      43.58
   1265.07300    0.9318600      43.63
   1265.07495    0.9326500      43.67
   1265.07678    0.9332300      43.69
   1265.07861    0.9333800      43.70
   1265.08044    0.9332700      43.70
   1265.08228    0.9335000      43.71
   1265.08411    0.9342700      43.74
   1265.08594    0.9348700      43.77
   1265.08789    0.9345800      43.76
   1265.08972    0.9335000      43.71
   1265.09155    0.9322900      43.65
   1265.09338    0.9310900      43.59
   1265.09521    0.9294200      43.51
   1265.09705    0.9270000      43.40
   1265.09888    0.9243300      43.28
   1265.10083    0.9220900      43.17
   1265.10266    0.9204000      43.09
   1265.10449    0.9189800      43.03
   1265.10632    0.9178600      42.97
   1265.10815    0.9174900      42.96
   1265.10999    0.9181200      42.98
   1265.11182    0.9194100      43.04
   1265.11365    0.9208600      43.11
   1265.11560    0.9224100      43.18
   1265.11743    0.9242300      43.27
   1265.11926    0.9262400      43.36
   1265.12109    0.9280600      43.45
   1265.12292    0.9294400      43.51
   1265.12476    0.9305500      43.57
   1265.12659    0.9316200      43.62
   1265.12854    0.9326200      43.66
   1265.13037    0.9333800      43.70
   1265.13220    0.9340100      43.73
   1265.13403    0.9346800      43.76
   1265.13586    0.9353100      43.79
   1265.13770    0.9356600      43.80
   1265.13953    0.9357400      43.81
   1265.14148    0.9359000      43.81
   1265.14331    0.9362900      43.83
   1265.14514    0.9365400      43.84
   1265.14697    0.9363900      43.84
   1265.14880    0.9361500      43.83
   1265.15063    0.9362700      43.83
   1265.15247    0.9366200      43.85
   1265.15442    0.9365900      43.85
   1265.15625    0.9360800      43.82
   1265.15808    0.9357100      43.80
   1265.15991    0.9359100      43.81
   1265.16174    0.9362700      43.83
   1265.16357    0.9361800      43.83
   1265.16541    0.9357600      43.81
   1265.16736    0.9356400      43.80
   1265.16919    0.9359900      43.82
   1265.17102    0.9363000      43.83
   1265.17285    0.9361800      43.83
   1265.17468    0.9359200      43.81
   1265.17651    0.9359300      43.81
   1265.17834    0.9360900      43.82
   1265.18018    0.9359100      43.81
   1265.18213    0.9351800      43.78
   1265.18396    0.9342900      43.74
   1265.18579    0.9338400      43.71
   1265.18762    0.9340500      43.72
   1265.18945    0.9344900      43.75
   1265.19128    0.9343300      43.74
   1265.19312    0.9332700      43.69
   1265.19507    0.9320200      43.63
   1265.19690    0.9315200      43.61
   1265.19873    0.9314600      43.60
   1265.20056    0.9303800      43.55
   1265.20239    0.9276100      43.42
   1265.20422    0.9248400      43.29
   1265.20605    0.9246700      43.28
   1265.20801    0.9277300      43.43
   1265.20984    0.9318600      43.62
   1265.21167    0.9345600      43.75
   1265.21350    0.9353700      43.78
   1265.21533    0.9354900      43.79
   1265.21716    0.9357500      43.80
   1265.21899    0.9357900      43.80
   1265.22095    0.9351300      43.77
   1265.22278    0.9340700      43.72
   1265.22461    0.9332600      43.68
   1265.22644    0.9329400      43.67
   1265.22827    0.9329000      43.67
   1265.23010    0.9329700      43.67
   1265.23193    0.9331500      43.68
   1265.23389    0.9334900      43.70
   1265.23572    0.9338800      43.71
   1265.23755    0.9341600      43.73
   1265.23938    0.9340800      43.72
   1265.24121    0.9334900      43.69
   1265.24304    0.9325200      43.65
   1265.24487    0.9315100      43.60
   1265.24683    0.9305600      43.56
   1265.24866    0.9293800      43.50
   1265.25049    0.9278400      43.43
   1265.25232    0.9264100      43.36
   1265.25415    0.9257100      43.33
   1265.25598    0.9256500      43.33
   1265.25781    0.9255600      43.32
   1265.25977    0.9252200      43.31
   1265.26160    0.9251400      43.30
   1265.26343    0.9257000      43.33
   1265.26526    0.9263500      43.36
   1265.26709    0.9263900      43.36
   1265.26892    0.9261000      43.35
   1265.27075    0.9261900      43.35
   1265.27271    0.9263600      43.36
   1265.27454    0.9253300      43.31
   1265.27637    0.9228500      43.19
   1265.27820    0.9206600      43.09
   1265.28003    0.9205800      43.09
   1265.28186    0.9222300      43.16
   1265.28369    0.9235300      43.23
   1265.28564    0.9234700      43.22
   1265.28748    0.9229400      43.20
   1265.28931    0.9229200      43.20
   1265.29114    0.9229200      43.20
   1265.29297    0.9221100      43.16
   1265.29480    0.9206800      43.09
   1265.29663    0.9193700      43.03
   1265.29858    0.9181800      42.97
   1265.30042    0.9166200      42.90
   1265.30225    0.9147100      42.81
   1265.30408    0.9126400      42.71
   1265.30591    0.9099800      42.59
   1265.30774    0.9061900      42.41
   1265.30957    0.9018700      42.21
   1265.31152    0.8980100      42.03
   1265.31335    0.8942900      41.85
   1265.31519    0.8894500      41.63
   1265.31702    0.8833100      41.34
   1265.31885    0.8765700      41.02
   1265.32068    0.8684300      40.64
   1265.32251    0.8567000      40.09
   1265.32446    0.8405700      39.34
   1265.32629    0.8210100      38.42
   1265.32812    0.7966600      37.28
   1265.32996    0.7622100      35.67
   1265.33179    0.7127800      33.36
   1265.33362    0.6464300      30.25
   1265.33545    0.5586600      26.15
   1265.33740    0.4396300      20.57
   1265.33923    0.2886500      13.51
   1265.34106    0.1352900       6.33
   1265.34290    0.0361300       1.69
   1265.34473    0.0374500       1.75
   1265.34656    0.1376200       6.44
   1265.34839    0.2892100      13.53
   1265.35034    0.4378900      20.49
   1265.35217    0.5563000      26.03
   1265.35400    0.6446200      30.17
   1265.35583    0.7109200      33.27
   1265.35767    0.7596000      35.55
   1265.35950    0.7940200      37.16
   1265.36133    0.8195000      38.35
   1265.36328    0.8401600      39.32
   1265.36511    0.8563500      40.08
   1265.36694    0.8675800      40.60
   1265.36877    0.8756000      40.98
   1265.37061    0.8828200      41.31
   1265.37244    0.8895400      41.63
   1265.37427    0.8947900      41.87
   1265.37622    0.8987900      42.06
   1265.37805    0.9028100      42.25
   1265.37988    0.9072500      42.46
   1265.38171    0.9113300      42.65
   1265.38354    0.9145200      42.80
   1265.38538    0.9169600      42.91
   1265.38721    0.9187000      42.99
   1265.38916    0.9195600      43.03
   1265.39099    0.9199500      43.05
   1265.39282    0.9208100      43.09
   1265.39465    0.9224700      43.17
   1265.39648    0.9242500      43.25
   1265.39832    0.9253300      43.30
   1265.40015    0.9256400      43.32
   1265.40210    0.9256800      43.32
   1265.40393    0.9258900      43.33
   1265.40576    0.9264500      43.35
   1265.40759    0.9273300      43.39
   1265.40942    0.9282100      43.44
   1265.41125    0.9287900      43.46
   1265.41309    0.9291500      43.48
   1265.41504    0.9296200      43.50
   1265.41687    0.9302200      43.53
   1265.41870    0.9306000      43.55
   1265.42053    0.9305800      43.55
   1265.42236    0.9304800      43.54
   1265.42419    0.9306600      43.55
   1265.42603    0.9311100      43.57
   1265.42798    0.9316800      43.60
   1265.42981    0.9323500      43.63
   1265.43164    0.9330300      43.66
   1265.43347    0.9334100      43.68
   1265.43530    0.9333500      43.67
   1265.43713    0.9332200      43.67
   1265.43896    0.9333500      43.67
   1265.44092    0.9334100      43.68
   1265.44275    0.9328200      43.65
   1265.44458    0.9316200      43.59
   1265.44641    0.9305900      43.54
   1265.44824    0.9302300      43.53
   1265.45007    0.9302600      43.53
   1265.45203    0.9300800      43.52
   1265.45386    0.9295400      43.49
   1265.45569    0.9288300      43.46
   1265.45752    0.9280100      43.42
   1265.45935    0.9269000      43.37
   1265.46118    0.9254800      43.30
   1265.46301    0.9240300      43.24
   1265.46497    0.9227600      43.18
   1265.46680    0.9216100      43.12
   1265.46863    0.9205100      43.07
   1265.47046    0.9197700      43.04
   1265.47229    0.9197800      43.04
   1265.47412    0.9204900      43.07
   1265.47595    0.9212900      43.11
   1265.47791    0.9217700      43.13
   1265.47974    0.9222600      43.15
   1265.48157    0.9235100      43.21
   1265.48340    0.9256000      43.31
   1265.48523    0.9276900      43.41
   1265.48706    0.9288800      43.46
   1265.48889    0.9292700      43.48
   1265.49084    0.9296800      43.50
   1265.49268    0.9306300      43.54
   1265.49451    0.9317600      43.60
   1265.49634    0.9324400      43.63
   1265.49817    0.9326100      43.63
   1265.50000    0.9326400      43.64
   1265.50183    0.9327900      43.64
   1265.50378    0.9329200      43.65
   1265.50562    0.9328600      43.65
   1265.50745    0.9327700      43.64
   1265.50928    0.9330600      43.65
   1265.51111    0.9338700      43.69
   1265.51294    0.9347100      43.73
   1265.51489    0.9349700      43.74
   1265.51672    0.9345500      43.72
   1265.51855    0.9340400      43.70
   1265.52039    0.9340200      43.70
   1265.52222    0.9343400      43.71
   1265.52405    0.9343500      43.71
   1265.52588    0.9338200      43.69
   1265.52783    0.9332100      43.66
   1265.52966    0.9329800      43.65
   1265.53149    0.9329500      43.65
   1265.53333    0.9326600      43.63
   1265.53516    0.9321300      43.61
   1265.53699    0.9318100      43.59
   1265.53882    0.9317800      43.59
   1265.54077    0.9316000      43.58
   1265.54260    0.9309000      43.55
   1265.54443    0.9297700      43.50
   1265.54626    0.9284500      43.44
   1265.54810    0.9268000      43.36
   1265.54993    0.9244900      43.25
   1265.55176    0.9216800      43.12
   1265.55371    0.9189500      42.99
   1265.55554    0.9167800      42.89
   1265.55737    0.9151400      42.81
   1265.55920    0.9138900      42.75
   1265.56104    0.9131700      42.72
   1265.56287    0.9132300      42.72
   1265.56482    0.9139400      42.76
   1265.56665    0.9148300      42.80
   1265.56848    0.9157500      42.84
   1265.57031    0.9171300      42.91
   1265.57214    0.9191000      43.00
   1265.57397    0.9210400      43.09
   1265.57581    0.9221900      43.14
   1265.57776    0.9227000      43.17
   1265.57959    0.9233100      43.19
   1265.58142    0.9241300      43.23
   1265.58325    0.9243400      43.24
   1265.58508    0.9235500      43.20
   1265.58691    0.9226500      43.16
   1265.58875    0.9225400      43.16
   1265.59070    0.9226300      43.16
   1265.59253    0.9212300      43.10
   1265.59436    0.9177700      42.93
   1265.59619    0.9138800      42.75
   1265.59802    0.9119100      42.66
   1265.59985    0.9126500      42.69
   1265.60168    0.9147300      42.79
   1265.60364    0.9160300      42.85
   1265.60547    0.9155900      42.83
   1265.60730    0.9141700      42.76
   1265.60913    0.9130000      42.71
   1265.61096    0.9122500      42.67
   1265.61279    0.9109500      42.61
   1265.61475    0.9085300      42.50
   1265.61658    0.9055800      42.36
   1265.61841    0.9027700      42.23
   1265.62024    0.8997900      42.09
   1265.62207    0.8961400      41.92
   1265.62390    0.8922200      41.74
   1265.62573    0.8885300      41.56
   1265.62769    0.8842900      41.36
   1265.62952    0.8782800      41.08
   1265.63135    0.8709500      40.74
   1265.63318    0.8636100      40.40
   1265.63501    0.8556100      40.02
   1265.63684    0.8443400      39.50
   1265.63879    0.8289400      38.77
   1265.64062    0.8115400      37.96
   1265.64246    0.7928400      37.09
   1265.64429    0.7688300      35.96
   1265.64612    0.7342800      34.35
   1265.64795    0.6879000      32.18
   1265.64978    0.6297700      29.46
   1265.65173    0.5546700      25.95
   1265.65356    0.4538100      21.23
   1265.65540    0.3273400      15.31
   1265.65723    0.1931400       9.03
   1265.65906    0.0799300       3.74
   1265.66089    0.0117700       0.55
   1265.66272   -0.0002900      -0.01
   1265.66467    0.0439700       2.06
   1265.66650    0.1369200       6.40
   1265.66833    0.2614500      12.23
   1265.67017    0.3919900      18.33
   1265.67200    0.5047200      23.61
   1265.67383    0.5896200      27.58
   1265.67578    0.6516500      30.48
   1265.67761    0.6999900      32.74
   1265.67944    0.7384900      34.54
   1265.68127    0.7670400      35.88
   1265.68311    0.7879500      36.85
   1265.68494    0.8059700      37.70
   1265.68677    0.8224000      38.47
   1265.68872    0.8339900      39.01
   1265.69055    0.8396000      39.27
   1265.69238    0.8436600      39.46
   1265.69421    0.8499200      39.75
   1265.69604    0.8554600      40.01
   1265.69788    0.8557100      40.02
   1265.69971    0.8527000      39.88
   1265.70166    0.8517700      39.84
   1265.70349    0.8515100      39.83
   1265.70532    0.8450300      39.52
   1265.70715    0.8319900      38.91
   1265.70898    0.8197100      38.34
   1265.71082    0.8083800      37.81
   1265.71277    0.7856900      36.75
   1265.71460    0.7437200      34.78
   1265.71643    0.6898600      32.27
   1265.71826    0.6268100      29.32
   1265.72009    0.5319400      24.88
   1265.72192    0.3835500      17.94
   1265.72375    0.2137700      10.00
   1265.72571    0.1098700       5.14
   1265.72754    0.1398900       6.54
   1265.72937    0.2835300      13.26
   1265.73120    0.4536000      21.21
   1265.73303    0.5809600      27.17
   1265.73486    0.6609700      30.91
   1265.73682    0.7215200      33.74
   1265.73865    0.7741300      36.21
   1265.74048    0.8108600      37.92
   1265.74231    0.8307100      38.85
   1265.74414    0.8455000      39.54
   1265.74597    0.8620400      40.32
   1265.74780    0.8752400      40.93
   1265.74976    0.8812000      41.21
   1265.75159    0.8851200      41.40
   1265.75342    0.8920700      41.72
   1265.75525    0.8991900      42.05
   1265.75708    0.9022500      42.20
   1265.75891    0.9034200      42.25
   1265.76086    0.9069300      42.41
   1265.76270    0.9117200      42.64
   1265.76453    0.9140600      42.75
   1265.76636    0.9142300      42.76
   1265.76819    0.9155800      42.82
   1265.77002    0.9183900      42.95
   1265.77185    0.9198900      43.02
   1265.77380    0.9195100      43.00
   1265.77563    0.9197800      43.01
   1265.77747    0.9217800      43.11
   1265.77930    0.9235400      43.19
   1265.78113    0.9236700      43.20
   1265.78296    0.9235400      43.19
   1265.78491    0.9245100      43.23
   1265.78674    0.9256900      43.29
   1265.78857    0.9258900      43.30
   1265.79041    0.9257600      43.29
   1265.79224    0.9264300      43.32
   1265.79407    0.9275500      43.38
   1265.79590    0.9280700      43.40
   1265.79785    0.9281700      43.41
   1265.79968    0.9287100      43.43
   1265.80151    0.9295700      43.47
   1265.80334    0.9297900      43.48
   1265.80518    0.9292100      43.45
   1265.80701    0.9286000      43.42
   1265.80896    0.9283600      43.41
   1265.81079    0.9281300      43.40
   1265.81262    0.9276100      43.38
   1265.81445    0.9271300      43.36
   1265.81628    0.9271200      43.35
   1265.81812    0.9275900      43.38
   1265.81995    0.9283100      43.41
   1265.82190    0.9289400      43.44
   1265.82373    0.9290300      43.44
   1265.82556    0.9283500      43.41
   1265.82739    0.9272900      43.36
   1265.82922    0.9266700      43.33
   1265.83105    0.9268700      43.34
   1265.83301    0.9275800      43.37
   1265.83484    0.9282500      43.41
   1265.83667    0.9286800      43.43
   1265.83850    0.9289400      43.44
   1265.84033    0.9292000      43.45
   1265.84216    0.9296200      43.47
   1265.84412    0.9301500      43.49
   1265.84595    0.9304400      43.51
   1265.84778    0.9301500      43.49
   1265.84961    0.9295300      43.46
   1265.85144    0.9291300      43.45
   1265.85327    0.9290500      43.44
   1265.85510    0.9287800      43.43
   1265.85706    0.9279900      43.39
   1265.85889    0.9270500      43.35
   1265.86072    0.9265400      43.32
   1265.86255    0.9263500      43.32
   1265.86438    0.9259100      43.29
   1265.86621    0.9249100      43.25
   1265.86816    0.9235900      43.19
   1265.87000    0.9221100      43.12
   1265.87183    0.9202400      43.03
   1265.87366    0.9177400      42.91
   1265.87549    0.9147400      42.77
   1265.87732    0.9115200      42.62
   1265.87915    0.9079800      42.46
   1265.88110    0.9036900      42.25
   1265.88293    0.8983700      42.01
   1265.88477    0.8922700      41.72
   1265.88660    0.8859400      41.42
   1265.88843    0.8798800      41.14
   1265.89026    0.8744300      40.89
   1265.89221    0.8698500      40.67
   1265.89404    0.8664200      40.51
   1265.89587    0.8644700      40.42
   1265.89771    0.8642200      40.41
   1265.89954    0.8656300      40.47
   1265.90137    0.8683700      40.60
   1265.90332    0.8720600      40.77
   1265.90515    0.8764100      40.98
   1265.90698    0.8811600      41.20
   1265.90881    0.8858100      41.42
   1265.91064    0.8897500      41.60
   1265.91248    0.8927200      41.74
   1265.91431    0.8949900      41.85
   1265.91626    0.8969300      41.94
   1265.91809    0.8985200      42.01
   1265.91992    0.8995300      42.06
   1265.92175    0.9001600      42.09
   1265.92358    0.9010000      42.13
   1265.92542    0.9024700      42.19
   1265.92737    0.9043200      42.28
   1265.92920    0.9061200      42.36
   1265.93103    0.9078700      42.45
   1265.93286    0.9098500      42.54
   1265.93469    0.9121600      42.65
   1265.93652    0.9145200      42.76
   1265.93848    0.9167600      42.86
   1265.94031    0.9189100      42.96
   1265.94214    0.9209100      43.06
   1265.94397    0.9224100      43.13
   1265.94580    0.9233000      43.17
   1265.94763    0.9240400      43.20
   1265.94946    0.9251700      43.25
   1265.95142    0.9266200      43.32
   1265.95325    0.9278600      43.38
   1265.95508    0.9286700      43.42
   1265.95691    0.9293400      43.45
   1265.95874    0.9300000      43.48
   1265.96057    0.9303700      43.50
   1265.96252    0.9303700      43.50
   1265.96436    0.9304100      43.50
   1265.96619    0.9308800      43.52
   1265.96802    0.9314100      43.54
   1265.96985    0.9313900      43.54
   1265.97168    0.9309400      43.52
   1265.97363    0.9307800      43.51
   1265.97546    0.9311700      43.53
   1265.97729    0.9316500      43.55
   1265.97913    0.9317900      43.56
   1265.98096    0.9318100      43.56
   1265.98279    0.9319200      43.57
   1265.98462    0.9318700      43.56
   1265.98657    0.9314500      43.54
   1265.98840    0.9309600      43.52
   1265.99023    0.9304300      43.50
   1265.99207    0.9290400      43.43
   1265.99390    0.9261900      43.30
   1265.99573    0.9232000      43.16
   1265.99768    0.9224900      43.13
   1265.99951    0.9249100      43.24
   1266.00134    0.9285000      43.41
   1266.00317    0.9307400      43.51
   1266.00500    0.9312000      43.53
   1266.00684    0.9312500      43.53
   1266.00879    0.9317600      43.56
   1266.01062    0.9323200      43.58
   1266.01245    0.9325700      43.60
   1266.01428    0.9329600      43.61
   1266.01611    0.9338500      43.65
   1266.01794    0.9346500      43.69
   1266.01978    0.9347000      43.69
   1266.02173    0.9343800      43.68
   1266.02356    0.9344900      43.68
   1266.02539    0.9351100      43.71
   1266.02722    0.9356000      43.74
   1266.02905    0.9356500      43.74
   1266.03088    0.9355500      43.73
   1266.03284    0.9353500      43.72
   1266.03467    0.9346200      43.69
   1266.03650    0.9333900      43.63
   1266.03833    0.9325400      43.59
   1266.04016    0.9327300      43.60
   1266.04199    0.9333400      43.63
   1266.04395    0.9333500      43.63
   1266.04578    0.9327100      43.60
   1266.04761    0.9323900      43.58
   1266.04944    0.9329200      43.61
   1266.05127    0.9336800      43.64
   1266.05310    0.9339500      43.66
   1266.05505    0.9339100      43.65
   1266.05688    0.9342700      43.67
   1266.05872    0.9350600      43.71
   1266.06055    0.9355500      43.73
   1266.06238    0.9352500      43.72
   1266.06421    0.9345600      43.68
   1266.06616    0.9341600      43.67
   1266.06799    0.9341500      43.66
   1266.06982    0.9341400      43.66
   1266.07166    0.9339100      43.65
   1266.07349    0.9336400      43.64
   1266.07532    0.9335400      43.64
   1266.07715    0.9335700      43.64
   1266.07910    0.9336500      43.64
   1266.08093    0.9337000      43.64
   1266.08276    0.9333900      43.63
   1266.08459    0.9322700      43.58
   1266.08643    0.9304800      43.49
   1266.08826    0.9290800      43.43
   1266.09021    0.9291600      43.43
   1266.09204    0.9304800      43.49
   1266.09387    0.9316400      43.55
   1266.09570    0.9317300      43.55
   1266.09753    0.9312700      43.53
   1266.09937    0.9312200      43.53
   1266.10132    0.9314900      43.54
   1266.10315    0.9313100      43.53
   1266.10498    0.9305300      43.49
   1266.10681    0.9298400      43.46
   1266.10864    0.9295800      43.45
   1266.11047    0.9292900      43.43
   1266.11243    0.9286700      43.41
   1266.11426    0.9282400      43.39
   1266.11609    0.9285900      43.40
   1266.11792    0.9294700      43.44
   1266.11975    0.9302500      43.48
   1266.12158    0.9307100      43.50
   1266.12354    0.9309700      43.51
   1266.12537    0.9310600      43.52
   1266.12720    0.9309900      43.51
   1266.12903    0.9310100      43.51
   1266.13086    0.9311000      43.52
   1266.13269    0.9306800      43.50
   1266.13452    0.9293900      43.44
   1266.13647    0.9277900      43.36
   1266.13831    0.9266000      43.31
   1266.14014    0.9258000      43.27
   1266.14197    0.9250800      43.24
   1266.14380    0.9246300      43.21
   1266.14563    0.9245400      43.21
   1266.14758    0.9239500      43.18
   1266.14941    0.9222200      43.10
   1266.15125    0.9204600      43.02
   1266.15308    0.9200900      43.00
   1266.15491    0.9203100      43.01
   1266.15674    0.9191400      42.96
   1266.15869    0.9167800      42.85
   1266.16052    0.9154900      42.79
   1266.16235    0.9155000      42.79
   1266.16418    0.9142000      42.73
   1266.16602    0.9104500      42.55
   1266.16785    0.9066900      42.37
   1266.16980    0.9043900      42.27
   1266.17163    0.9009400      42.11
   1266.17346    0.8940100      41.78
   1266.17529    0.8860000      41.41
   1266.17712    0.8797700      41.12
   1266.17896    0.8727200      40.79
   1266.18091    0.8608200      40.23
   1266.18274    0.8458800      39.53
   1266.18457    0.8313000      38.85
   1266.18640    0.8117100      37.93
   1266.18823    0.7763500      36.28
   1266.19006    0.7235000      33.81
   1266.19202    0.6589600      30.80
   1266.19385    0.5751000      26.88
   1266.19568    0.4489500      20.98
   1266.19751    0.2804700      13.11
   1266.19934    0.1265200       5.91
   1266.20117    0.0706600       3.30
   1266.20312    0.1476700       6.90
   1266.20496    0.3089100      14.44
   1266.20679    0.4710400      22.01
   1266.20862    0.5883300      27.49
   1266.21045    0.6683100      31.23
   1266.21228    0.7318900      34.20
   1266.21423    0.7823400      36.56
   1266.21606    0.8147000      38.07
   1266.21790    0.8340500      38.98
   1266.21973    0.8509600      39.77
   1266.22156    0.8673900      40.53
   1266.22339    0.8784300      41.05
   1266.22534    0.8840700      41.31
   1266.22717    0.8898800      41.58
   1266.22900    0.8976200      41.95
   1266.23083    0.9034400      42.22
   1266.23267    0.9056500      42.32
   1266.23450    0.9076800      42.42
   1266.23645    0.9118800      42.61
   1266.23828    0.9158200      42.80
   1266.24011    0.9170800      42.85
   1266.24194    0.9174700      42.87
   1266.24377    0.9195100      42.97
   1266.24561    0.9221900      43.09
   1266.24744    0.9231600      43.14
   1266.24939    0.9228800      43.13
   1266.25122    0.9235600      43.16
   1266.25305    0.9253700      43.24
   1266.25488    0.9266200      43.30
   1266.25671    0.9269400      43.31
   1266.25854    0.9275500      43.34
   1266.26050    0.9286800      43.40
   1266.26233    0.9290900      43.41
   1266.26416    0.9284800      43.39
   1266.26599    0.9282400      43.37
   1266.26782    0.9291500      43.42
   1266.26965    0.9300500      43.46
   1266.27161    0.9298100      43.45
   1266.27344    0.9291200      43.41
   1266.27527    0.9292700      43.42
   1266.27710    0.9301000      43.46
   1266.27893    0.9304700      43.48
   1266.28076    0.9301500      43.46
   1266.28271    0.9300900      43.46
   1266.28455    0.9309300      43.50
   1266.28638    0.9321200      43.55
   1266.28821    0.9328000      43.59
   1266.29004    0.9327700      43.58
   1266.29187    0.9324400      43.57
   1266.29382    0.9322200      43.56
   1266.29565    0.9322600      43.56
   1266.29749    0.9324900      43.57
   1266.29932    0.9326900      43.58
   1266.30115    0.9327600      43.58
   1266.30298    0.9328700      43.59
   1266.30493    0.9333300      43.61
   1266.30676    0.9340300      43.64
   1266.30859    0.9344500      43.66
   1266.31042    0.9343200      43.66
   1266.31226    0.9340300      43.64
   1266.31409    0.9341700      43.65
   1266.31604    0.9347500      43.67
   1266.31787    0.9352000      43.70
   1266.31970    0.9351400      43.69
   1266.32153    0.9347900      43.68
   1266.32336    0.9344600      43.66
   1266.32520    0.9341100      43.64
   1266.32715    0.9336700      43.62
   1266.32898    0.9334100      43.61
   1266.33081    0.9336900      43.62
   1266.33264    0.9342700      43.65
   1266.33447    0.9346300      43.67
   1266.33630    0.9346900      43.67
   1266.33826    0.9348300      43.68
   1266.34009    0.9351500      43.69
   1266.34192    0.9352000      43.69
   1266.34375    0.9347700      43.67
   1266.34558    0.9343400      43.65
   1266.34741    0.9343800      43.66
   1266.34937    0.9345900      43.66
   1266.35120    0.9344600      43.66
   1266.35303    0.9341500      43.64
   1266.35486    0.9342100      43.65
   1266.35669    0.9345300      43.66
   1266.35852    0.9344100      43.66
   1266.36047    0.9336900      43.62
   1266.36230    0.9330700      43.59
   1266.36414    0.9330100      43.59
   1266.36597    0.9330800      43.59
   1266.36780    0.9326800      43.57
   1266.36975    0.9319600      43.54
   1266.37158    0.9313900      43.51
   1266.37341    0.9310200      43.50
   1266.37524    0.9307500      43.48
   1266.37708    0.9307700      43.48
   1266.37891    0.9311600      43.50
   1266.38086    0.9313200      43.51
   1266.38269    0.9306800      43.48
   1266.38452    0.9297000      43.43
   1266.38635    0.9292500      43.41
   1266.38818    0.9291800      43.41
   1266.39001    0.9284800      43.38
   1266.39197    0.9269500      43.30
   1266.39380    0.9256000      43.24
   1266.39563    0.9248100      43.20
   1266.39746    0.9234400      43.14
   1266.39929    0.9206500      43.01
   1266.40112    0.9178300      42.88
   1266.40308    0.9173500      42.86
   1266.40491    0.9194100      42.95
   1266.40674    0.9217000      43.06
   1266.40857    0.9222100      43.08
   1266.41040    0.9213400      43.04
   1266.41223    0.9207600      43.01
   1266.41418    0.9210400      43.03
   1266.41602    0.9214100      43.04
   1266.41785    0.9212600      43.04
   1266.41968    0.9208700      43.02
   1266.42151    0.9207500      43.01
   1266.42334    0.9208900      43.02
   1266.42529    0.9210600      43.03
   1266.42712    0.9213100      43.04
   1266.42896    0.9218200      43.06
   1266.43079    0.9224200      43.09
   1266.43262    0.9226300      43.10
   1266.43445    0.9222400      43.08
   1266.43640    0.9216600      43.05
   1266.43823    0.9214500      43.04
   1266.44006    0.9215900      43.05
   1266.44189    0.9214800      43.05
   1266.44373    0.9208000      43.01
   1266.44556    0.9199200      42.97
   1266.44751    0.9193500      42.95
   1266.44934    0.9188700      42.92
   1266.45117    0.9178900      42.88
   1266.45300    0.9164000      42.81
   1266.45483    0.9150800      42.75
   1266.45667    0.9143000      42.71
   1266.45862    0.9136400      42.68
   1266.46045    0.9125600      42.63
   1266.46228    0.9110200      42.56
   1266.46411    0.9091100      42.47
   1266.46594    0.9066500      42.35
   1266.46777    0.9037100      42.21
   1266.46973    0.9008600      42.08
   1266.47156    0.8984000      41.97
   1266.47339    0.8956900      41.84
   1266.47522    0.8919600      41.66
   1266.47705    0.8874700      41.45
   1266.47900    0.8828700      41.24
   1266.48083    0.8779100      41.01
   1266.48267    0.8716300      40.71
   1266.48450    0.8637100      40.34
   1266.48633    0.8544200      39.91
   1266.48816    0.8434300      39.40
   1266.49011    0.8296400      38.75
   1266.49194    0.8125900      37.96
   1266.49377    0.7922200      37.00
   1266.49561    0.7669800      35.83
   1266.49744    0.7335400      34.26
   1266.49927    0.6891900      32.19
   1266.50122    0.6324700      29.54
   1266.50305    0.5602300      26.17
   1266.50488    0.4665400      21.79
   1266.50671    0.3494600      16.32
   1266.50854    0.2199800      10.27
   1266.51038    0.1023700       4.78
   1266.51233    0.0238700       1.11
   1266.51416    0.0029100       0.14
   1266.51599    0.0439900       2.05
   1266.51782    0.1375500       6.42
   1266.51965    0.2622200      12.25
   1266.52148    0.3910400      18.26
   1266.52344    0.5026600      23.48
   1266.52527    0.5897200      27.54
   1266.52710    0.6564500      30.66
   1266.52893    0.7090200      33.12
   1266.53076    0.7499700      35.03
   1266.53259    0.7804800      36.45
   1266.53455    0.8036600      37.54
   1266.53638    0.8229500      38.44
   1266.53821    0.8391400      39.19
   1266.54004    0.8513400      39.76
   1266.54187    0.8601400      40.17
   1266.54382    0.8677500      40.53
   1266.54565    0.8754200      40.89
   1266.54749    0.8824500      41.22
   1266.54932    0.8879800      41.47
   1266.55115    0.8923900      41.68
   1266.55298    0.8964400      41.87
   1266.55493    0.9001600      42.04
   1266.55676    0.9032900      42.19
   1266.55859    0.9059500      42.31
   1266.56042    0.9083600      42.42
   1266.56226    0.9103700      42.52
   1266.56409    0.9118400      42.59
   1266.56604    0.9131600      42.65
   1266.56787    0.9148200      42.73
   1266.56970    0.9167400      42.82
   1266.57153    0.9184700      42.90
   1266.57336    0.9198200      42.96
   1266.57520    0.9209000      43.01
   1266.57715    0.9217600      43.05
   1266.57898    0.9223700      43.08
   1266.58081    0.9229000      43.10
   1266.58264    0.9236000      43.13
   1266.58447    0.9243500      43.17
   1266.58630    0.9248000      43.19
   1266.58826    0.9249600      43.20
   1266.59009    0.9253200      43.21
   1266.59192    0.9261500      43.25
   1266.59375    0.9271300      43.30
   1266.59558    0.9278800      43.33
   1266.59753    0.9284600      43.36
   1266.59937    0.9290400      43.39
   1266.60120    0.9294900      43.41
   1266.60303    0.9296100      43.41
   1266.60486    0.9296200      43.41
   1266.60669    0.9300000      43.43
   1266.60864    0.9306900      43.46
   1266.61047    0.9311000      43.48
   1266.61230    0.9309600      43.48
   1266.61414    0.9307600      43.47
   1266.61597    0.9310700      43.48
   1266.61780    0.9317400      43.51
   1266.61975    0.9321600      43.53
   1266.62158    0.9321500      43.53
   1266.62341    0.9320900      43.53
   1266.62524    0.9321300      43.53
   1266.62708    0.9319300      43.52
   1266.62891    0.9313400      43.49
   1266.63086    0.9308500      43.47
   1266.63269    0.9309000      43.47
   1266.63452    0.9311700      43.48
   1266.63635    0.9310300      43.48
   1266.63818    0.9304600      43.45
   1266.64014    0.9300500      43.43
   1266.64197    0.9300700      43.43
   1266.64380    0.9301100      43.43
   1266.64563    0.9299200      43.43
   1266.64746    0.9298400      43.42
   1266.64929    0.9302400      43.44
   1266.65125    0.9308100      43.47
   1266.65308    0.9310300      43.48
   1266.65491    0.9310200      43.48
   1266.65674    0.9313100      43.49
   1266.65857    0.9319600      43.52
   1266.66040    0.9323800      43.54
   1266.66235    0.9322200      43.53
   1266.66418    0.9318600      43.51
   1266.66602    0.9317100      43.51
   1266.66785    0.9315800      43.50
   1266.66968    0.9310100      43.47
   1266.67163    0.9299600      43.43
   1266.67346    0.9288400      43.37
   1266.67529    0.9277100      43.32
   1266.67712    0.9261300      43.25
   1266.67896    0.9238200      43.14
   1266.68079    0.9211200      43.01
   1266.68274    0.9186600      42.90
   1266.68457    0.9166600      42.80
   1266.68640    0.9149700      42.72
   1266.68823    0.9134600      42.65
   1266.69006    0.9123500      42.60
   1266.69189    0.9117200      42.57
   1266.69385    0.9111900      42.55
   1266.69568    0.9100700      42.49
   1266.69751    0.9080100      42.40
   1266.69934    0.9052700      42.27
   1266.70117    0.9022100      42.13
   1266.70312    0.8988100      41.97
   1266.70496    0.8947200      41.78
   1266.70679    0.8901600      41.56
   1266.70862    0.8862300      41.38
   1266.71045    0.8843000      41.29
   1266.71228    0.8849200      41.32
   1266.71423    0.8875000      41.44
   1266.71606    0.8910900      41.61
   1266.71790    0.8951200      41.80
   1266.71973    0.8995000      42.00
   1266.72156    0.9041300      42.22
   1266.72339    0.9086700      42.43
   1266.72534    0.9127300      42.62
   1266.72717    0.9161700      42.78
   1266.72900    0.9191500      42.92
   1266.73083    0.9218800      43.04
   1266.73267    0.9244200      43.16
   1266.73462    0.9266000      43.26
   1266.73645    0.9283200      43.34
   1266.73828    0.9297000      43.41
   1266.74011    0.9309000      43.46
   1266.74194    0.9317300      43.50
   1266.74377    0.9319000      43.51
   1266.74573    0.9315000      43.49
   1266.74756    0.9310100      43.47
   1266.74939    0.9304900      43.44
   1266.75122    0.9291300      43.38
   1266.75305    0.9263500      43.25
   1266.75488    0.9232100      43.10
   1266.75684    0.9220200      43.05
   1266.75867    0.9239800      43.14
   1266.76050    0.9277300      43.31
   1266.76233    0.9308300      43.46
   1266.76416    0.9322300      43.52
   1266.76611    0.9328200      43.55
   1266.76794    0.9335600      43.59
   1266.76978    0.9342800      43.62
   1266.77161    0.9344100      43.63
   1266.77344    0.9341500      43.61
   1266.77527    0.9342100      43.62
   1266.77722    0.9346300      43.64
   1266.77905    0.9347600      43.64
   1266.78088    0.9343100      43.62
   1266.78271    0.9339200      43.60
   1266.78455    0.9342400      43.62
   1266.78638    0.9351200      43.66
   1266.78833    0.9358200      43.69
   1266.79016    0.9358800      43.69
   1266.79199    0.9355700      43.68
   1266.79382    0.9353900      43.67
   1266.79565    0.9355400      43.68
   1266.79761    0.9357100      43.68
   1266.79944    0.9355000      43.67
   1266.80127    0.9348600      43.64
   1266.80310    0.9342700      43.62
   1266.80493    0.9340200      43.61
   1266.80676    0.9335600      43.58
   1266.80872    0.9319700      43.51
   1266.81055    0.9292600      43.38
   1266.81238    0.9270500      43.28
   1266.81421    0.9270900      43.28
   1266.81604    0.9294400      43.39
   1266.81799    0.9322200      43.52
   1266.81982    0.9336600      43.59
   1266.82166    0.9336400      43.59
   1266.82349    0.9333400      43.57
   1266.82532    0.9335600      43.58
   1266.82715    0.9340700      43.61
   1266.82910    0.9343600      43.62
   1266.83093    0.9343900      43.62
   1266.83276    0.9345100      43.63
   1266.83459    0.9348600      43.64
   1266.83643    0.9353600      43.67
   1266.83826    0.9359000      43.69
   1266.84021    0.9364200      43.71
   1266.84204    0.9368700      43.74
   1266.84387    0.9371400      43.75
   1266.84570    0.9371700      43.75
   1266.84753    0.9370000      43.74
   1266.84949    0.9366600      43.73
   1266.85132    0.9361200      43.70
   1266.85315    0.9354800      43.67
   1266.85498    0.9350200      43.65
   1266.85681    0.9350200      43.65
   1266.85864    0.9354400      43.67
   1266.86060    0.9359800      43.69
   1266.86243    0.9363500      43.71
   1266.86426    0.9365600      43.72
   1266.86609    0.9367200      43.73
   1266.86792    0.9367600      43.73
   1266.86987    0.9364500      43.71
   1266.87170    0.9357300      43.68
   1266.87354    0.9349600      43.64
   1266.87537    0.9344800      43.62
   1266.87720    0.9342900      43.61
   1266.87903    0.9342500      43.61
   1266.88098    0.9345500      43.62
   1266.88281    0.9354800      43.67
   1266.88464    0.9367100      43.72
   1266.88647    0.9373600      43.76
   1266.88831    0.9369700      43.74
   1266.89026    0.9360700      43.69
   1266.89209    0.9355500      43.67
   1266.89392    0.9355700      43.67
   1266.89575    0.9357500      43.68
   1266.89758    0.9359200      43.69
   1266.89941    0.9362900      43.70
   1266.90137    0.9368300      43.73
   1266.90320    0.9371500      43.74
   1266.90503    0.9371000      43.74
   1266.90686    0.9371000      43.74
   1266.90869    0.9374100      43.76
   1266.91064    0.9377100      43.77
   1266.91248    0.9375900      43.76
   1266.91431    0.9372100      43.75
   1266.91614    0.9370000      43.74
   1266.91797    0.9369800      43.74
   1266.91980    0.9368000      43.73
   1266.92175    0.9364200      43.71
   1266.92358    0.9361900      43.70
   1266.92542    0.9362500      43.70
   1266.92725    0.9363300      43.70
   1266.92908    0.9363100      43.70
   1266.93103    0.9364900      43.71
   1266.93286    0.9370600      43.74
   1266.93469    0.9375600      43.76
   1266.93652    0.9373400      43.75
   1266.93835    0.9364700      43.71
   1266.94019    0.9357700      43.68
   1266.94214    0.9357900      43.68
   1266.94397    0.9361700      43.70
   1266.94580    0.9361000      43.69
   1266.94763    0.9354700      43.66
   1266.94946    0.9349300      43.64
   1266.95142    0.9350400      43.64
   1266.95325    0.9355700      43.67
   1266.95508    0.9359400      43.68
   1266.95691    0.9360000      43.69
   1266.95874    0.9360600      43.69
   1266.96057    0.9362300      43.70
   1266.96252    0.9361100      43.69
   1266.96436    0.9355200      43.66
   1266.96619    0.9348000      43.63
   1266.96802    0.9344300      43.61
   1266.96985    0.9343900      43.61
   1266.97180    0.9343600      43.61
   1266.97363    0.9342400      43.60
   1266.97546    0.9342700      43.60
   1266.97729    0.9345800      43.62
   1266.97913    0.9349100      43.63
   1266.98096    0.9349000      43.63
   1266.98291    0.9345600      43.62
   1266.98474    0.9342900      43.60
   1266.98657    0.9344500      43.61
   1266.98840    0.9348800      43.63
   1266.99023    0.9348500      43.63
   1266.99219    0.9340000      43.59
   1266.99402    0.9328800      43.54
   1266.99585    0.9322700      43.51
   1266.99768    0.9320000      43.50
   1266.99951    0.9311400      43.46
   1267.00134    0.9295300      43.38
   1267.00330    0.9279700      43.31
   1267.00513    0.9267900      43.25
   1267.00696    0.9252100      43.18
   1267.00879    0.9228200      43.07
   1267.01062    0.9205500      42.96
   1267.01257    0.9192500      42.90
   1267.01440    0.9182700      42.85
   1267.01624    0.9168800      42.79
   1267.01807    0.9159600      42.75
   1267.01990    0.9166600      42.78
   1267.02173    0.9181200      42.85
   1267.02368    0.9187600      42.88
   1267.02551    0.9190600      42.89
   1267.02734    0.9207000      42.97
   1267.02917    0.9231400      43.08
   1267.03101    0.9241400      43.13
   1267.03296    0.9237700      43.11
   1267.03479    0.9245700      43.15
   1267.03662    0.9269100      43.26
   1267.03845    0.9279700      43.31
   1267.04028    0.9267600      43.25
   1267.04211    0.9262100      43.22
   1267.04407    0.9278800      43.30
   1267.04590    0.9286800      43.34
   1267.04773    0.9263500      43.23
   1267.04956    0.9240900      43.12
   1267.05139    0.9251200      43.17
   1267.05334    0.9262900      43.23
   1267.05518    0.9233000      43.09
   1267.05701    0.9189400      42.88
   1267.05884    0.9186800      42.87
   1267.06067    0.9203100      42.95
   1267.06262    0.9171900      42.80
   1267.06445    0.9107100      42.50
   1267.06628    0.9087900      42.41
   1267.06812    0.9107000      42.50
   1267.06995    0.9061700      42.29
   1267.07178    0.8935400      41.70
   1267.07373    0.8843800      41.27
   1267.07556    0.8818500      41.15
   1267.07739    0.8699000      40.59
   1267.07922    0.8379800      39.10
   1267.08105    0.8005600      37.36
   1267.08301    0.7681500      35.84
   1267.08484    0.7107200      33.16
   1267.08667    0.5879900      27.44
   1267.08850    0.4250300      19.83
   1267.09033    0.3214700      15.00
   1267.09216    0.3562600      16.62
   1267.09412    0.4998000      23.32
   1267.09595    0.6478400      30.23
   1267.09778    0.7322400      34.17
   1267.09961    0.7685600      35.86
   1267.10144    0.8000600      37.33
   1267.10339    0.8348200      38.95
   1267.10522    0.8549300      39.89
   1267.10706    0.8585900      40.06
   1267.10889    0.8629000      40.26
   1267.11072    0.8745600      40.81
   1267.11267    0.8832500      41.21
   1267.11450    0.8836000      41.23
   1267.11633    0.8842800      41.26
   1267.11816    0.8914500      41.60
   1267.12000    0.8988000      41.94
   1267.12183    0.9000200      42.00
   1267.12378    0.8995600      41.97
   1267.12561    0.9036500      42.16
   1267.12744    0.9094000      42.43
   1267.12927    0.9106800      42.49
   1267.13110    0.9086500      42.40
   1267.13306    0.9087500      42.40
   1267.13489    0.9109400      42.50
   1267.13672    0.9105200      42.48
   1267.13855    0.9064400      42.29
   1267.14038    0.9020400      42.09
   1267.14233    0.8982400      41.91
   1267.14417    0.8924000      41.64
   1267.14600    0.8846100      41.27
   1267.14783    0.8796600      41.04
   1267.14966    0.8810800      41.11
   1267.15149    0.8868400      41.38
   1267.15344    0.8930900      41.67
   1267.15527    0.8987400      41.93
   1267.15710    0.9044200      42.20
   1267.15894    0.9095100      42.44
   1267.16077    0.9127800      42.59
   1267.16272    0.9146900      42.68
   1267.16455    0.9166800      42.77
   1267.16638    0.9191100      42.88
   1267.16821    0.9212400      42.98
   1267.17004    0.9229200      43.06
   1267.17200    0.9246000      43.14
   1267.17383    0.9261600      43.21
   1267.17566    0.9270400      43.25
   1267.17749    0.9273400      43.27
   1267.17932    0.9278500      43.29
   1267.18115    0.9289000      43.34
   1267.18311    0.9301100      43.40
   1267.18494    0.9310800      43.44
   1267.18677    0.9318600      43.48
   1267.18860    0.9324400      43.50
   1267.19043    0.9325900      43.51
   1267.19238    0.9322700      43.50
   1267.19421    0.9318800      43.48
   1267.19604    0.9318500      43.48
   1267.19788    0.9322700      43.49
   1267.19971    0.9328600      43.52
   1267.20166    0.9332300      43.54
   1267.20349    0.9331200      43.53
   1267.20532    0.9326300      43.51
   1267.20715    0.9321800      43.49
   1267.20898    0.9320100      43.48
   1267.21082    0.9320000      43.48
   1267.21277    0.9319700      43.48
   1267.21460    0.9319600      43.48
   1267.21643    0.9319600      43.48
   1267.21826    0.9318300      43.47
   1267.22009    0.9315800      43.46
   1267.22205    0.9315300      43.46
   1267.22388    0.9317000      43.47
   1267.22571    0.9312900      43.45
   1267.22754    0.9295300      43.36
   1267.22937    0.9269000      43.24
   1267.23132    0.9250600      43.16
   1267.23315    0.9252400      43.16
   1267.23499    0.9270800      43.25
   1267.23682    0.9291600      43.35
   1267.23865    0.9304700      43.41
   1267.24048    0.9309200      43.43
   1267.24243    0.9310400      43.43
   1267.24426    0.9313200      43.45
   1267.24609    0.9318300      43.47
   1267.24792    0.9323000      43.49
   1267.24976    0.9324100      43.50
   1267.25171    0.9322000      43.49
   1267.25354    0.9319800      43.48
   1267.25537    0.9320200      43.48
   1267.25720    0.9322600      43.49
   1267.25903    0.9324600      43.50
   1267.26099    0.9323800      43.50
   1267.26282    0.9319200      43.47
   1267.26465    0.9312600      43.44
   1267.26648    0.9309600      43.43
   1267.26831    0.9314400      43.45
   1267.27026    0.9323700      43.49
   1267.27209    0.9329300      43.52
   1267.27393    0.9326800      43.51
   1267.27576    0.9321500      43.48
   1267.27759    0.9320300      43.48
   1267.27942    0.9322300      43.49
   1267.28137    0.9321400      43.48
   1267.28320    0.9315900      43.46
   1267.28503    0.9310800      43.43
   1267.28687    0.9310100      43.43
   1267.28870    0.9311600      43.44
   1267.29065    0.9311400      43.44
   1267.29248    0.9308200      43.42
   1267.29431    0.9302200      43.39
   1267.29614    0.9293600      43.35
   1267.29797    0.9284100      43.31
   1267.29993    0.9277200      43.28
   1267.30176    0.9274700      43.26
   1267.30359    0.9273700      43.26
   1267.30542    0.9271600      43.25
   1267.30725    0.9269700      43.24
   1267.30920    0.9268600      43.23
   1267.31104    0.9265000      43.22
   1267.31287    0.9255800      43.17
   1267.31470    0.9245200      43.12
   1267.31653    0.9240300      43.10
   1267.31836    0.9240400      43.10
   1267.32031    0.9237400      43.09
   1267.32214    0.9228000      43.04
   1267.32397    0.9218300      43.00
   1267.32581    0.9213500      42.98
   1267.32764    0.9209300      42.96
   1267.32959    0.9199400      42.91
   1267.33142    0.9185900      42.85
   1267.33325    0.9174400      42.79
   1267.33508    0.9164100      42.75
   1267.33691    0.9149200      42.68
   1267.33887    0.9130000      42.59
   1267.34070    0.9112100      42.50
   1267.34253    0.9095000      42.42
   1267.34436    0.9071100      42.31
   1267.34619    0.9038000      42.16
   1267.34814    0.9002500      41.99
   1267.34998    0.8968900      41.83
   1267.35181    0.8929900      41.65
   1267.35364    0.8876900      41.40
   1267.35547    0.8811400      41.10
   1267.35730    0.8739500      40.76
   1267.35925    0.8658300      40.38
   1267.36108    0.8559900      39.93
   1267.36292    0.8446800      39.40
   1267.36475    0.8330200      38.85
   1267.36658    0.8213100      38.31
   1267.36853    0.8085100      37.71
   1267.37036    0.7936600      37.02
   1267.37219    0.7766100      36.22
   1267.37402    0.7565600      35.29
   1267.37585    0.7308300      34.09
   1267.37781    0.6961200      32.47
   1267.37964    0.6498700      30.31
   1267.38147    0.5887300      27.46
   1267.38330    0.5065700      23.63
   1267.38513    0.3977900      18.55
   1267.38708    0.2668700      12.45
   1267.38892    0.1356400       6.33
   1267.39075    0.0390600       1.82
   1267.39258    0.0089200       0.42
   1267.39441    0.0561400       2.62
   1267.39636    0.1644700       7.67
   1267.39819    0.3001800      14.00
   1267.40002    0.4305400      20.08
   1267.40186    0.5377400      25.08
   1267.40369    0.6199600      28.91
   1267.40552    0.6827900      31.84
   1267.40747    0.7310100      34.09
   1267.40930    0.7671400      35.78
   1267.41113    0.7938200      37.02
   1267.41296    0.8145400      37.99
   1267.41479    0.8317100      38.79
   1267.41675    0.8456400      39.44
   1267.41858    0.8561700      39.93
   1267.42041    0.8643300      40.31
   1267.42224    0.8715800      40.65
   1267.42407    0.8782400      40.96
   1267.42603    0.8835900      41.21
   1267.42786    0.8875200      41.39
   1267.42969    0.8908700      41.55
   1267.43152    0.8943100      41.71
   1267.43335    0.8974600      41.85
   1267.43530    0.8997400      41.96
   1267.43713    0.9013900      42.04
   1267.43896    0.9030400      42.11
   1267.44080    0.9046200      42.19
   1267.44263    0.9054800      42.23
   1267.44458    0.9055300      42.23
   1267.44641    0.9056200      42.23
   1267.44824    0.9065300      42.28
   1267.45007    0.9080100      42.35
   1267.45190    0.9092800      42.40
   1267.45386    0.9102000      42.45
   1267.45569    0.9113900      42.50
   1267.45752    0.9132000      42.59
   1267.45935    0.9150500      42.67
   1267.46118    0.9160800      42.72
   1267.46301    0.9162100      42.73
   1267.46497    0.9161600      42.72
   1267.46680    0.9166600      42.75
   1267.46863    0.9176900      42.80
   1267.47046    0.9187300      42.84
   1267.47229    0.9194500      42.88
   1267.47424    0.9199800      42.90
   1267.47607    0.9206700      42.93
   1267.47791    0.9216600      42.98
   1267.47974    0.9228200      43.03
   1267.48157    0.9239400      43.09
   1267.48352    0.9249500      43.13
   1267.48535    0.9259400      43.18
   1267.48718    0.9268700      43.22
   1267.48901    0.9275600      43.25
   1267.49084    0.9279000      43.27
   1267.49280    0.9280500      43.28
   1267.49463    0.9282400      43.29
   1267.49646    0.9284800      43.30
   1267.49829    0.9286400      43.30
   1267.50012    0.9287600      43.31
   1267.50208    0.9290400      43.32
   1267.50391    0.9296000      43.35
   1267.50574    0.9302700      43.38
   1267.50757    0.9308400      43.41
   1267.50940    0.9312500      43.42
   1267.51135    0.9315000      43.44
   1267.51318    0.9314900      43.44
   1267.51501    0.9312400      43.42
   1267.51685    0.9310100      43.41
   1267.51868    0.9310000      43.41
   1267.52063    0.9311900      43.42
   1267.52246    0.9314500      43.43
   1267.52429    0.9317900      43.45
   1267.52612    0.9322000      43.47
   1267.52795    0.9324000      43.48
   1267.52991    0.9320900      43.46
   1267.53174    0.9314600      43.43
   1267.53357    0.9311400      43.42
   1267.53540    0.9314000      43.43
   1267.53723    0.9317900      43.45
   1267.53918    0.9317800      43.45
   1267.54102    0.9314500      43.43
   1267.54285    0.9313000      43.42
   1267.54468    0.9315400      43.44
   1267.54651    0.9319500      43.45
   1267.54834    0.9323000      43.47
   1267.55029    0.9325300      43.48
   1267.55212    0.9325900      43.48
   1267.55396    0.9324400      43.48
   1267.55579    0.9322500      43.47
   1267.55762    0.9322000      43.47
   1267.55957    0.9321500      43.46
   1267.56140    0.9318400      43.45
   1267.56323    0.9313900      43.43
   1267.56506    0.9313600      43.43
   1267.56689    0.9318900      43.45
   1267.56885    0.9323700      43.47
   1267.57068    0.9321300      43.46
   1267.57251    0.9312700      43.42
   1267.57434    0.9304600      43.38
   1267.57617    0.9300100      43.36
   1267.57812    0.9296900      43.35
   1267.57996    0.9293500      43.33
   1267.58179    0.9291200      43.32
   1267.58362    0.9289800      43.31
   1267.58545    0.9285200      43.29
   1267.58740    0.9275800      43.25
   1267.58923    0.9265700      43.20
   1267.59106    0.9261100      43.18
   1267.59290    0.9262700      43.19
   1267.59473    0.9266900      43.21
   1267.59668    0.9271500      43.23
   1267.59851    0.9276700      43.25
   1267.60034    0.9282300      43.28
   1267.60217    0.9286300      43.30
   1267.60400    0.9287800      43.30
   1267.60596    0.9288500      43.31
   1267.60779    0.9290300      43.31
   1267.60962    0.9293400      43.33
   1267.61145    0.9296800      43.34
   1267.61328    0.9299000      43.35
   1267.61523    0.9299300      43.36
   1267.61707    0.9298400      43.35
   1267.61890    0.9298800      43.35
   1267.62073    0.9302500      43.37
   1267.62256    0.9308000      43.40
   1267.62451    0.9312000      43.41
   1267.62634    0.9313400      43.42
   1267.62817    0.9314200      43.42
   1267.63000    0.9316200      43.43
   1267.63184    0.9317800      43.44
   1267.63379    0.9317400      43.44
   1267.63562    0.9316900      43.44
   1267.63745    0.9319000      43.45
   1267.63928    0.9322600      43.46
   1267.64111    0.9324100      43.47
   1267.64307    0.9322800      43.46
   1267.64490    0.9321300      43.46
   1267.64673    0.9321800      43.46
   1267.64856    0.9323100      43.46
   1267.65039    0.9323200      43.46
   1267.65234    0.9322100      43.46
   1267.65417    0.9319800      43.45
   1267.65601    0.9314800      43.42
   1267.65784    0.9306200      43.38
   1267.65967    0.9295500      43.33
   1267.66162    0.9286100      43.29
   1267.66345    0.9279200      43.26
   1267.66528    0.9274600      43.24
   1267.66711    0.9272200      43.23
   1267.66895    0.9273300      43.23
   1267.67090    0.9277300      43.25
   1267.67273    0.9282100      43.27
   1267.67456    0.9286100      43.29
   1267.67639    0.9290800      43.31
   1267.67822    0.9297900      43.34
   1267.68018    0.9306900      43.39
   1267.68201    0.9314900      43.42
   1267.68384    0.9320000      43.45
   1267.68567    0.9322500      43.46
   1267.68750    0.9323600      43.46
   1267.68945    0.9324200      43.47
   1267.69128    0.9325000      43.47
   1267.69312    0.9326600      43.48
   1267.69495    0.9329400      43.49
   1267.69678    0.9332800      43.51
   1267.69873    0.9335800      43.52
   1267.70056    0.9337100      43.53
   1267.70239    0.9335500      43.52
   1267.70422    0.9330600      43.49
   1267.70605    0.9325100      43.47
   1267.70801    0.9322700      43.46
   1267.70984    0.9325000      43.47
   1267.71167    0.9328800      43.49
   1267.71350    0.9329800      43.49
   1267.71533    0.9327100      43.48
   1267.71729    0.9323500      43.46
   1267.71912    0.9321100      43.45
   1267.72095    0.9319100      43.44
   1267.72278    0.9316200      43.43
   1267.72461    0.9313500      43.41
   1267.72656    0.9313200      43.41
   1267.72839    0.9316000      43.43
   1267.73022    0.9321600      43.45
   1267.73206    0.9328600      43.48
   1267.73389    0.9334400      43.51
   1267.73584    0.9335200      43.51
   1267.73767    0.9330300      43.49
   1267.73950    0.9324200      43.46
   1267.74133    0.9321000      43.45
   1267.74316    0.9319400      43.44
   1267.74512    0.9314900      43.42
   1267.74695    0.9307900      43.39
   1267.74878    0.9304300      43.37
   1267.75061    0.9304900      43.37
   1267.75244    0.9301800      43.36
   1267.75439    0.9288200      43.29
   1267.75623    0.9269500      43.21
   1267.75806    0.9258500      43.15
   1267.75989    0.9261100      43.17
   1267.76172    0.9271700      43.22
   1267.76367    0.9281900      43.26
   1267.76550    0.9288600      43.29
   1267.76733    0.9292500      43.31
   1267.76917    0.9293900      43.32
   1267.77100    0.9293400      43.32
   1267.77295    0.9292300      43.31
   1267.77478    0.9291200      43.31
   1267.77661    0.9288300      43.29
   1267.77844    0.9283400      43.27
   1267.78027    0.9279900      43.25
   1267.78223    0.9279400      43.25
   1267.78406    0.9276200      43.24
   1267.78589    0.9263800      43.18
   1267.78772    0.9245400      43.09
   1267.78955    0.9232800      43.03
   1267.79150    0.9232500      43.03
   1267.79333    0.9238400      43.06
   1267.79517    0.9240500      43.07
   1267.79700    0.9237900      43.06
   1267.79883    0.9237400      43.05
   1267.80078    0.9241900      43.07
   1267.80261    0.9245800      43.09
   1267.80444    0.9242600      43.08
   1267.80627    0.9234000      43.04
   1267.80811    0.9226600      43.00
   1267.81006    0.9224100      42.99
   1267.81189    0.9223500      42.99
   1267.81372    0.9219300      42.97
   1267.81555    0.9209400      42.92
   1267.81738    0.9196000      42.86
   1267.81934    0.9184200      42.80
   1267.82117    0.9178200      42.78
   1267.82300    0.9178400      42.78
   1267.82483    0.9181200      42.79
   1267.82666    0.9182400      42.80
   1267.82861    0.9180800      42.79
   1267.83044    0.9177400      42.77
   1267.83228    0.9172300      42.75
   1267.83411    0.9164600      42.71
   1267.83594    0.9155000      42.67
   1267.83789    0.9145200      42.62
   1267.83972    0.9135000      42.57
   1267.84155    0.9122700      42.52
   1267.84338    0.9108400      42.45
   1267.84521    0.9094900      42.39
   1267.84717    0.9082500      42.33
   1267.84900    0.9066700      42.25
   1267.85083    0.9042700      42.14
   1267.85266    0.9013000      42.00
   1267.85461    0.8986900      41.88
   1267.85645    0.8973100      41.82
   1267.85828    0.8971900      41.81
   1267.86011    0.8975700      41.83
   1267.86194    0.8974200      41.82
   1267.86389    0.8962500      41.77
   1267.86572    0.8943400      41.68
   1267.86755    0.8922600      41.58
   1267.86938    0.8900900      41.48
   1267.87122    0.8874400      41.36
   1267.87317    0.8841400      41.20
   1267.87500    0.8805300      41.03
   1267.87683    0.8768700      40.86
   1267.87866    0.8728000      40.67
   1267.88049    0.8679600      40.45
   1267.88245    0.8625200      40.19
   1267.88428    0.8567500      39.93
   1267.88611    0.8502700      39.62
   1267.88794    0.8424000      39.26
   1267.88977    0.8332000      38.83
   1267.89172    0.8234400      38.37
   1267.89355    0.8135700      37.91
   1267.89539    0.8031800      37.43
   1267.89722    0.7915800      36.89
   1267.89905    0.7783200      36.27
   1267.90100    0.7632900      35.57
   1267.90283    0.7469000      34.81
   1267.90466    0.7302100      34.03
   1267.90649    0.7144600      33.29
   1267.90833    0.7002900      32.63
   1267.91028    0.6880400      32.06
   1267.91211    0.6784200      31.61
   1267.91394    0.6723000      31.33
   1267.91577    0.6696300      31.20
   1267.91760    0.6697900      31.21
   1267.91956    0.6729000      31.36
   1267.92139    0.6796600      31.67
   1267.92322    0.6896200      32.14
   1267.92505    0.7009700      32.66
   1267.92688    0.7126400      33.21
   1267.92883    0.7252900      33.80
   1267.93066    0.7393800      34.45
   1267.93250    0.7536400      35.12
   1267.93433    0.7665400      35.72
   1267.93628    0.7781800      36.26
   1267.93811    0.7895200      36.79
   1267.93994    0.8006500      37.31
   1267.94177    0.8110800      37.79
   1267.94360    0.8208000      38.25
   1267.94556    0.8297200      38.66
   1267.94739    0.8369500      39.00
   1267.94922    0.8422900      39.25
   1267.95105    0.8470800      39.47
   1267.95288    0.8521000      39.70
   1267.95483    0.8558900      39.88
   1267.95667    0.8574500      39.95
   1267.95850    0.8588200      40.02
   1267.96033    0.8619900      40.16
   1267.96216    0.8648900      40.30
   1267.96411    0.8642900      40.27
   1267.96594    0.8615400      40.14
   1267.96777    0.8606500      40.10
   1267.96960    0.8612000      40.13
   1267.97144    0.8588200      40.02
   1267.97339    0.8533100      39.76
   1267.97522    0.8495300      39.58
   1267.97705    0.8482000      39.52
   1267.97888    0.8430200      39.28
   1267.98071    0.8309400      38.72
   1267.98267    0.8174900      38.09
   1267.98450    0.8053300      37.52
   1267.98633    0.7851800      36.58
   1267.98816    0.7477900      34.84
   1267.99011    0.6980900      32.53
   1267.99194    0.6425300      29.94
   1267.99377    0.5655600      26.35
   1267.99561    0.4403900      20.52
   1267.99744    0.2747300      12.80
   1267.99939    0.1322600       6.16
   1268.00122    0.0897600       4.18
   1268.00305    0.1702000       7.93
   1268.00488    0.3238700      15.09
   1268.00671    0.4737500      22.07
   1268.00867    0.5742400      26.75
   1268.01050    0.6300600      29.36
   1268.01233    0.6696700      31.20
   1268.01416    0.7050500      32.85
   1268.01599    0.7162400      33.37
   1268.01794    0.6768700      31.54
   1268.01978    0.5969700      27.81
   1268.02161    0.5323400      24.80
   1268.02344    0.5387200      25.10
   1268.02527    0.6161800      28.71
   1268.02722    0.7100200      33.08
   1268.02905    0.7687300      35.82
   1268.03088    0.7893100      36.77
   1268.03271    0.8009000      37.31
   1268.03455    0.8195900      38.18
   1268.03650    0.8355300      38.93
   1268.03833    0.8379900      39.04
   1268.04016    0.8333000      38.82
   1268.04199    0.8325200      38.79
   1268.04395    0.8345700      38.88
   1268.04578    0.8310800      38.72
   1268.04761    0.8210700      38.25
   1268.04944    0.8111200      37.79
   1268.05127    0.8028000      37.40
   1268.05322    0.7884800      36.73
   1268.05505    0.7614800      35.48
   1268.05688    0.7238300      33.72
   1268.05872    0.6794300      31.65
   1268.06055    0.6219000      28.97
   1268.06250    0.5352100      24.93
   1268.06433    0.4104200      19.12
   1268.06616    0.2623300      12.22
   1268.06799    0.1278900       5.96
   1268.06982    0.0462200       2.15
   1268.07178    0.0377500       1.76
   1268.07361    0.0987500       4.60
   1268.07544    0.2097500       9.77
   1268.07727    0.3448700      16.07
   1268.07910    0.4769300      22.22
   1268.08105    0.5837300      27.19
   1268.08289    0.6573400      30.62
   1268.08472    0.7062400      32.90
   1268.08655    0.7441700      34.67
   1268.08850    0.7766900      36.18
   1268.09033    0.8007800      37.30
   1268.09216    0.8153300      37.98
   1268.09399    0.8258700      38.47
   1268.09583    0.8373300      39.01
   1268.09778    0.8475200      39.48
   1268.09961    0.8521800      39.70
