   1240.00085    0.9504600      46.43
   1240.00269    0.9522100      46.51
   1240.00439    0.9543800      46.62
   1240.00623    0.9568700      46.74
   1240.00793    0.9594400      46.87
   1240.00977    0.9615700      46.97
   1240.01147    0.9632100      47.05
   1240.01331    0.9651100      47.14
   1240.01514    0.9679900      47.28
   1240.01685    0.9714900      47.45
   1240.01868    0.9745000      47.60
   1240.02039    0.9764700      47.70
   1240.02222    0.9779000      47.77
   1240.02393    0.9793000      47.83
   1240.02576    0.9805400      47.89
   1240.02747    0.9812800      47.93
   1240.02930    0.9817800      47.96
   1240.03101    0.9825600      47.99
   1240.03284    0.9836700      48.05
   1240.03455    0.9846900      48.10
   1240.03638    0.9853000      48.13
   1240.03821    0.9856100      48.14
   1240.03992    0.9858500      48.15
   1240.04175    0.9861500      48.17
   1240.04346    0.9865100      48.18
   1240.04529    0.9868400      48.20
   1240.04700    0.9869200      48.20
   1240.04883    0.9866100      48.19
   1240.05054    0.9860700      48.16
   1240.05237    0.9856100      48.14
   1240.05408    0.9853300      48.13
   1240.05591    0.9851200      48.12
   1240.05774    0.9849900      48.11
   1240.05945    0.9850500      48.11
   1240.06128    0.9851500      48.12
   1240.06299    0.9850000      48.11
   1240.06482    0.9846100      48.09
   1240.06653    0.9843700      48.08
   1240.06836    0.9844800      48.08
   1240.07007    0.9847200      48.10
   1240.07190    0.9849300      48.11
   1240.07361    0.9853400      48.13
   1240.07544    0.9860600      48.16
   1240.07727    0.9866500      48.19
   1240.07898    0.9866600      48.19
   1240.08081    0.9863100      48.17
   1240.08252    0.9862300      48.17
   1240.08435    0.9865100      48.18
   1240.08606    0.9866300      48.19
   1240.08789    0.9863400      48.17
   1240.08960    0.9859700      48.15
   1240.09143    0.9858500      48.15
   1240.09314    0.9857800      48.15
   1240.09497    0.9855800      48.14
   1240.09680    0.9854800      48.13
   1240.09851    0.9856900      48.14
   1240.10034    0.9859300      48.15
   1240.10205    0.9858200      48.15
   1240.10388    0.9855200      48.13
   1240.10559    0.9854900      48.13
   1240.10742    0.9857300      48.14
   1240.10913    0.9858900      48.15
   1240.11096    0.9859500      48.15
   1240.11267    0.9863100      48.17
   1240.11450    0.9870200      48.20
   1240.11633    0.9874800      48.23
   1240.11804    0.9872000      48.21
   1240.11987    0.9866000      48.18
   1240.12158    0.9864400      48.18
   1240.12341    0.9868600      48.20
   1240.12512    0.9871900      48.21
   1240.12695    0.9868800      48.20
   1240.12866    0.9861000      48.16
   1240.13049    0.9855300      48.13
   1240.13220    0.9855500      48.13
   1240.13403    0.9858900      48.15
   1240.13586    0.9860300      48.15
   1240.13757    0.9857600      48.14
   1240.13940    0.9853300      48.12
   1240.14111    0.9849400      48.10
   1240.14294    0.9842800      48.07
   1240.14465    0.9829900      48.00
   1240.14648    0.9812400      47.92
   1240.14819    0.9794400      47.83
   1240.15002    0.9769200      47.71
   1240.15173    0.9718500      47.46
   1240.15356    0.9634600      47.05
   1240.15540    0.9543700      46.61
   1240.15710    0.9495100      46.37
   1240.15894    0.9517500      46.48
   1240.16064    0.9589900      46.83
   1240.16248    0.9661400      47.18
   1240.16418    0.9698600      47.36
   1240.16602    0.9708400      47.41
   1240.16772    0.9716400      47.45
   1240.16956    0.9734200      47.54
   1240.17139    0.9753300      47.63
   1240.17310    0.9763700      47.68
   1240.17493    0.9768000      47.70
   1240.17664    0.9775000      47.73
   1240.17847    0.9786500      47.79
   1240.18018    0.9797200      47.84
   1240.18201    0.9804300      47.88
   1240.18372    0.9811700      47.91
   1240.18555    0.9824200      47.97
   1240.18726    0.9839200      48.05
   1240.18909    0.9849100      48.09
   1240.19092    0.9850600      48.10
   1240.19263    0.9849300      48.10
   1240.19446    0.9852000      48.11
   1240.19617    0.9858200      48.14
   1240.19800    0.9861500      48.15
   1240.19971    0.9860100      48.15
   1240.20154    0.9859700      48.15
   1240.20325    0.9865700      48.17
   1240.20508    0.9874400      48.22
   1240.20679    0.9877000      48.23
   1240.20862    0.9871500      48.20
   1240.21045    0.9865300      48.17
   1240.21216    0.9864700      48.17
   1240.21399    0.9867500      48.18
   1240.21570    0.9867200      48.18
   1240.21753    0.9863800      48.16
   1240.21924    0.9863300      48.16
   1240.22107    0.9867400      48.18
   1240.22278    0.9870000      48.19
   1240.22461    0.9865400      48.17
   1240.22632    0.9856700      48.13
   1240.22815    0.9851800      48.10
   1240.22998    0.9852900      48.11
   1240.23169    0.9855000      48.12
   1240.23352    0.9854700      48.12
   1240.23523    0.9855200      48.12
   1240.23706    0.9860100      48.14
   1240.23877    0.9866100      48.17
   1240.24060    0.9867100      48.18
   1240.24231    0.9863100      48.16
   1240.24414    0.9859400      48.14
   1240.24597    0.9858100      48.13
   1240.24768    0.9854500      48.12
   1240.24951    0.9845100      48.07
   1240.25122    0.9834700      48.02
   1240.25305    0.9830300      48.00
   1240.25476    0.9831200      48.00
   1240.25659    0.9830400      48.00
   1240.25830    0.9824400      47.97
   1240.26013    0.9816000      47.93
   1240.26184    0.9806900      47.88
   1240.26367    0.9793900      47.82
   1240.26550    0.9774600      47.72
   1240.26721    0.9752700      47.62
   1240.26904    0.9733200      47.52
   1240.27075    0.9716500      47.44
   1240.27258    0.9700800      47.36
   1240.27429    0.9687900      47.30
   1240.27612    0.9680800      47.27
   1240.27783    0.9679500      47.26
   1240.27966    0.9681900      47.27
   1240.28149    0.9689200      47.31
   1240.28320    0.9703000      47.37
   1240.28503    0.9720300      47.46
   1240.28674    0.9736100      47.54
   1240.28857    0.9751800      47.61
   1240.29028    0.9771700      47.71
   1240.29211    0.9792100      47.81
   1240.29382    0.9803400      47.86
   1240.29565    0.9804100      47.87
   1240.29736    0.9805100      47.87
   1240.29919    0.9812500      47.91
   1240.30103    0.9819600      47.94
   1240.30273    0.9820200      47.94
   1240.30457    0.9821300      47.95
   1240.30627    0.9829800      47.99
   1240.30811    0.9837000      48.03
   1240.30981    0.9831000      48.00
   1240.31165    0.9819200      47.94
   1240.31335    0.9818500      47.94
   1240.31519    0.9826800      47.98
   1240.31702    0.9825100      47.97
   1240.31873    0.9809800      47.89
   1240.32056    0.9797900      47.83
   1240.32227    0.9793700      47.81
   1240.32410    0.9776100      47.73
   1240.32581    0.9733900      47.52
   1240.32764    0.9684400      47.28
   1240.32935    0.9628700      47.01
   1240.33118    0.9514600      46.45
   1240.33289    0.9299300      45.40
   1240.33472    0.9047700      44.17
   1240.33655    0.8915400      43.52
   1240.33826    0.8999400      43.93
   1240.34009    0.9235400      45.09
   1240.34180    0.9469800      46.23
   1240.34363    0.9612400      46.93
   1240.34534    0.9684000      47.28
   1240.34717    0.9736500      47.53
   1240.34888    0.9779600      47.74
   1240.35071    0.9798200      47.83
   1240.35254    0.9798100      47.83
   1240.35425    0.9801600      47.85
   1240.35608    0.9814200      47.91
   1240.35779    0.9823500      47.96
   1240.35962    0.9823900      47.96
   1240.36133    0.9824100      47.96
   1240.36316    0.9829700      47.99
   1240.36487    0.9835300      48.01
   1240.36670    0.9835900      48.02
   1240.36841    0.9834000      48.01
   1240.37024    0.9833300      48.00
   1240.37207    0.9833000      48.00
   1240.37378    0.9832100      48.00
   1240.37561    0.9831800      48.00
   1240.37732    0.9830600      47.99
   1240.37915    0.9825600      47.96
   1240.38086    0.9818300      47.93
   1240.38269    0.9814200      47.91
   1240.38440    0.9814200      47.91
   1240.38623    0.9810900      47.89
   1240.38806    0.9799600      47.84
   1240.38977    0.9785700      47.77
   1240.39160    0.9777900      47.73
   1240.39331    0.9776900      47.73
   1240.39514    0.9777200      47.73
   1240.39685    0.9775600      47.72
   1240.39868    0.9774400      47.71
   1240.40039    0.9776500      47.72
   1240.40222    0.9781700      47.75
   1240.40405    0.9788300      47.78
   1240.40576    0.9793500      47.81
   1240.40759    0.9794700      47.81
   1240.40930    0.9791300      47.79
   1240.41113    0.9787100      47.77
   1240.41284    0.9786900      47.77
   1240.41467    0.9791500      47.80
   1240.41638    0.9797400      47.82
   1240.41821    0.9801800      47.85
   1240.42004    0.9804500      47.86
   1240.42175    0.9806000      47.87
   1240.42358    0.9806300      47.87
   1240.42529    0.9806900      47.87
   1240.42712    0.9810500      47.89
   1240.42883    0.9817500      47.92
   1240.43066    0.9824000      47.95
   1240.43237    0.9826000      47.96
   1240.43420    0.9824000      47.95
   1240.43591    0.9821900      47.94
   1240.43774    0.9822600      47.95
   1240.43958    0.9826700      47.97
   1240.44128    0.9832900      48.00
   1240.44312    0.9839100      48.03
   1240.44482    0.9842900      48.04
   1240.44666    0.9842500      48.04
   1240.44836    0.9838300      48.02
   1240.45020    0.9832500      47.99
   1240.45190    0.9827100      47.97
   1240.45374    0.9822500      47.94
   1240.45557    0.9818000      47.92
   1240.45728    0.9812800      47.90
   1240.45911    0.9806600      47.87
   1240.46082    0.9801100      47.84
   1240.46265    0.9799400      47.83
   1240.46436    0.9802400      47.84
   1240.46619    0.9807200      47.87
   1240.46790    0.9809700      47.88
   1240.46973    0.9810000      47.88
   1240.47156    0.9811900      47.89
   1240.47327    0.9818500      47.92
   1240.47510    0.9827700      47.97
   1240.47681    0.9835000      48.00
   1240.47864    0.9838400      48.02
   1240.48035    0.9839900      48.03
   1240.48218    0.9842400      48.04
   1240.48389    0.9846100      48.06
   1240.48572    0.9849600      48.07
   1240.48755    0.9851600      48.08
   1240.48926    0.9852500      48.09
   1240.49109    0.9852800      48.09
   1240.49280    0.9852100      48.08
   1240.49463    0.9850200      48.08
   1240.49634    0.9847000      48.06
   1240.49817    0.9843500      48.04
   1240.49988    0.9840900      48.03
   1240.50171    0.9840100      48.03
   1240.50354    0.9840600      48.03
   1240.50525    0.9840700      48.03
   1240.50708    0.9838900      48.02
   1240.50879    0.9836100      48.01
   1240.51062    0.9835200      48.00
   1240.51233    0.9837900      48.01
   1240.51416    0.9842800      48.04
   1240.51587    0.9847100      48.06
   1240.51770    0.9849900      48.07
   1240.51953    0.9852600      48.08
   1240.52124    0.9856400      48.10
   1240.52307    0.9860400      48.12
   1240.52478    0.9863000      48.14
   1240.52661    0.9863100      48.14
   1240.52832    0.9859800      48.12
   1240.53015    0.9852400      48.08
   1240.53186    0.9841100      48.03
   1240.53369    0.9828800      47.97
   1240.53552    0.9820300      47.93
   1240.53723    0.9818900      47.92
   1240.53906    0.9824200      47.94
   1240.54077    0.9832100      47.98
   1240.54260    0.9837700      48.01
   1240.54431    0.9837300      48.01
   1240.54614    0.9831500      47.98
   1240.54785    0.9824300      47.94
   1240.54968    0.9820500      47.93
   1240.55151    0.9820600      47.93
   1240.55322    0.9821000      47.93
   1240.55505    0.9818800      47.92
   1240.55676    0.9815100      47.90
   1240.55859    0.9812400      47.89
   1240.56030    0.9811600      47.88
   1240.56213    0.9811200      47.88
   1240.56384    0.9811400      47.88
   1240.56567    0.9813400      47.89
   1240.56750    0.9816900      47.91
   1240.56921    0.9819200      47.92
   1240.57104    0.9819400      47.92
   1240.57275    0.9820300      47.92
   1240.57458    0.9824000      47.94
   1240.57629    0.9828100      47.96
   1240.57812    0.9828700      47.96
   1240.57983    0.9826400      47.95
   1240.58167    0.9825100      47.95
   1240.58350    0.9826100      47.95
   1240.58521    0.9826500      47.95
   1240.58704    0.9824600      47.94
   1240.58875    0.9823300      47.94
   1240.59058    0.9826100      47.95
   1240.59229    0.9831400      47.98
   1240.59412    0.9834400      47.99
   1240.59583    0.9834300      47.99
   1240.59766    0.9835500      48.00
   1240.59949    0.9841200      48.02
   1240.60120    0.9848500      48.06
   1240.60303    0.9852000      48.08
   1240.60474    0.9850400      48.07
   1240.60657    0.9847300      48.05
   1240.60828    0.9846300      48.05
   1240.61011    0.9847900      48.05
   1240.61182    0.9851100      48.07
   1240.61365    0.9854900      48.09
   1240.61548    0.9858200      48.10
   1240.61719    0.9859600      48.11
   1240.61902    0.9859400      48.11
   1240.62073    0.9859100      48.11
   1240.62256    0.9858800      48.11
   1240.62427    0.9856100      48.09
   1240.62610    0.9848800      48.06
   1240.62781    0.9839300      48.01
   1240.62964    0.9832900      47.98
   1240.63147    0.9831200      47.97
   1240.63318    0.9830600      47.97
   1240.63501    0.9826600      47.95
   1240.63672    0.9820100      47.92
   1240.63855    0.9815100      47.89
   1240.64026    0.9812700      47.88
   1240.64209    0.9810700      47.87
   1240.64392    0.9808200      47.86
   1240.64563    0.9807700      47.86
   1240.64746    0.9810400      47.87
   1240.64917    0.9813200      47.88
   1240.65100    0.9811900      47.88
   1240.65271    0.9807300      47.85
   1240.65454    0.9804600      47.84
   1240.65625    0.9806300      47.85
   1240.65808    0.9808500      47.86
   1240.65991    0.9805400      47.84
   1240.66162    0.9796300      47.80
   1240.66345    0.9785000      47.74
   1240.66516    0.9774500      47.69
   1240.66699    0.9763600      47.64
   1240.66870    0.9749800      47.57
   1240.67053    0.9733100      47.49
   1240.67224    0.9715600      47.40
   1240.67407    0.9697900      47.32
   1240.67590    0.9676900      47.21
   1240.67761    0.9649600      47.08
   1240.67944    0.9616500      46.92
   1240.68115    0.9582700      46.75
   1240.68298    0.9553600      46.61
   1240.68469    0.9532000      46.51
   1240.68652    0.9517800      46.44
   1240.68823    0.9510600      46.40
   1240.69006    0.9508800      46.39
   1240.69189    0.9508000      46.39
   1240.69360    0.9503100      46.37
   1240.69543    0.9494100      46.32
   1240.69714    0.9486400      46.28
   1240.69897    0.9483400      46.27
   1240.70068    0.9480600      46.26
   1240.70251    0.9471700      46.21
   1240.70435    0.9460200      46.16
   1240.70605    0.9457900      46.14
   1240.70789    0.9471700      46.21
   1240.70959    0.9495400      46.33
   1240.71143    0.9518200      46.44
   1240.71313    0.9538600      46.54
   1240.71497    0.9563000      46.66
   1240.71667    0.9593200      46.80
   1240.71851    0.9622100      46.94
   1240.72034    0.9643100      47.05
   1240.72205    0.9659800      47.13
   1240.72388    0.9678600      47.22
   1240.72559    0.9697900      47.31
   1240.72742    0.9709600      47.37
   1240.72913    0.9711200      47.38
   1240.73096    0.9709300      47.37
   1240.73267    0.9711000      47.38
   1240.73450    0.9715100      47.40
   1240.73633    0.9715800      47.40
   1240.73804    0.9710700      47.37
   1240.73987    0.9701100      47.33
   1240.74158    0.9687300      47.26
   1240.74341    0.9667900      47.17
   1240.74512    0.9644200      47.05
   1240.74695    0.9620800      46.94
   1240.74878    0.9599900      46.83
   1240.75049    0.9580100      46.74
   1240.75232    0.9561200      46.64
   1240.75403    0.9547500      46.58
   1240.75586    0.9543700      46.56
   1240.75757    0.9548200      46.58
   1240.75940    0.9557500      46.63
   1240.76111    0.9572600      46.70
   1240.76294    0.9598100      46.82
   1240.76477    0.9632400      46.99
   1240.76648    0.9666500      47.16
   1240.76831    0.9693400      47.29
   1240.77002    0.9715400      47.40
   1240.77185    0.9738200      47.51
   1240.77356    0.9760700      47.62
   1240.77539    0.9775900      47.69
   1240.77722    0.9781100      47.71
   1240.77893    0.9781000      47.71
   1240.78076    0.9780700      47.71
   1240.78247    0.9779900      47.71
   1240.78430    0.9777300      47.70
   1240.78601    0.9776400      47.69
   1240.78784    0.9783100      47.72
   1240.78955    0.9797600      47.79
   1240.79138    0.9812900      47.87
   1240.79321    0.9822500      47.92
   1240.79492    0.9826200      47.93
   1240.79675    0.9828300      47.94
   1240.79846    0.9831700      47.96
   1240.80029    0.9834400      47.97
   1240.80200    0.9833300      47.97
   1240.80383    0.9828300      47.94
   1240.80554    0.9824400      47.92
   1240.80737    0.9826100      47.93
   1240.80920    0.9831500      47.96
   1240.81091    0.9834100      47.97
   1240.81274    0.9831300      47.96
   1240.81445    0.9828300      47.94
   1240.81628    0.9831500      47.96
   1240.81799    0.9839400      48.00
   1240.81982    0.9845000      48.02
   1240.82166    0.9846200      48.03
   1240.82336    0.9846800      48.03
   1240.82520    0.9848600      48.04
   1240.82690    0.9847600      48.04
   1240.82874    0.9840100      48.00
   1240.83044    0.9829300      47.95
   1240.83228    0.9819500      47.90
   1240.83398    0.9808600      47.84
   1240.83582    0.9790800      47.76
   1240.83765    0.9766000      47.64
   1240.83936    0.9739100      47.51
   1240.84119    0.9712800      47.38
   1240.84290    0.9685400      47.24
   1240.84473    0.9658600      47.11
   1240.84644    0.9639700      47.02
   1240.84827    0.9633800      46.99
   1240.85010    0.9637200      47.01
   1240.85181    0.9644000      47.04
   1240.85364    0.9654900      47.09
   1240.85535    0.9673600      47.18
   1240.85718    0.9698900      47.31
   1240.85889    0.9724800      47.43
   1240.86072    0.9748500      47.55
   1240.86243    0.9771600      47.66
   1240.86426    0.9794400      47.77
   1240.86609    0.9813000      47.86
   1240.86780    0.9825900      47.93
   1240.86963    0.9836600      47.98
   1240.87134    0.9848000      48.03
   1240.87317    0.9857700      48.08
   1240.87488    0.9862300      48.10
   1240.87671    0.9863900      48.11
   1240.87854    0.9867100      48.13
   1240.88025    0.9872500      48.15
   1240.88208    0.9875900      48.17
   1240.88379    0.9874600      48.16
   1240.88562    0.9870700      48.14
   1240.88733    0.9867200      48.13
   1240.88916    0.9866100      48.12
   1240.89099    0.9868000      48.13
   1240.89270    0.9871600      48.15
   1240.89453    0.9872600      48.15
   1240.89624    0.9868400      48.13
   1240.89807    0.9862800      48.10
   1240.89978    0.9862700      48.10
   1240.90161    0.9867900      48.13
   1240.90332    0.9869500      48.14
   1240.90515    0.9862000      48.10
   1240.90698    0.9852700      48.05
   1240.90869    0.9851600      48.05
   1240.91052    0.9857400      48.08
   1240.91223    0.9859600      48.09
   1240.91406    0.9854200      48.06
   1240.91577    0.9848800      48.03
   1240.91760    0.9850400      48.04
   1240.91943    0.9856100      48.07
   1240.92114    0.9859700      48.09
   1240.92297    0.9861600      48.10
   1240.92468    0.9865600      48.12
   1240.92651    0.9869800      48.14
   1240.92822    0.9868400      48.13
   1240.93005    0.9862400      48.10
   1240.93176    0.9859800      48.09
   1240.93359    0.9863900      48.11
   1240.93542    0.9867800      48.12
   1240.93713    0.9865200      48.11
   1240.93896    0.9860500      48.09
   1240.94067    0.9862900      48.10
   1240.94250    0.9872000      48.14
   1240.94421    0.9877900      48.17
   1240.94604    0.9875900      48.16
   1240.94788    0.9872300      48.15
   1240.94958    0.9874300      48.16
   1240.95142    0.9879200      48.18
   1240.95312    0.9878000      48.17
   1240.95496    0.9868600      48.13
   1240.95667    0.9858900      48.08
   1240.95850    0.9856200      48.07
   1240.96033    0.9859900      48.08
   1240.96204    0.9864300      48.11
   1240.96387    0.9866200      48.11
   1240.96558    0.9866400      48.12
   1240.96741    0.9866400      48.12
   1240.96912    0.9866600      48.12
   1240.97095    0.9868600      48.13
   1240.97266    0.9873100      48.15
   1240.97449    0.9877700      48.17
   1240.97632    0.9877900      48.17
   1240.97803    0.9873500      48.15
   1240.97986    0.9869500      48.13
   1240.98157    0.9870200      48.13
   1240.98340    0.9873800      48.15
   1240.98511    0.9875400      48.16
   1240.98694    0.9874200      48.15
   1240.98877    0.9874100      48.15
   1240.99048    0.9877700      48.17
   1240.99231    0.9882300      48.19
   1240.99402    0.9883700      48.20
   1240.99585    0.9882100      48.19
   1240.99756    0.9881000      48.18
   1240.99939    0.9882100      48.19
   1241.00122    0.9883300      48.20
   1241.00293    0.9882100      48.19
   1241.00476    0.9878800      48.17
   1241.00647    0.9875800      48.16
   1241.00830    0.9873500      48.15
   1241.01001    0.9870800      48.13
   1241.01184    0.9866700      48.11
   1241.01367    0.9862900      48.09
   1241.01538    0.9862100      48.09
   1241.01721    0.9865100      48.11
   1241.01892    0.9869900      48.13
   1241.02075    0.9873000      48.14
   1241.02246    0.9872900      48.14
   1241.02429    0.9871000      48.13
   1241.02600    0.9870500      48.13
   1241.02783    0.9872400      48.14
   1241.02966    0.9874200      48.15
   1241.03137    0.9872700      48.14
   1241.03320    0.9866800      48.11
   1241.03491    0.9859300      48.08
   1241.03674    0.9853900      48.05
   1241.03845    0.9851000      48.03
   1241.04028    0.9846900      48.01
   1241.04211    0.9838500      47.97
   1241.04382    0.9826600      47.92
   1241.04565    0.9814900      47.86
   1241.04736    0.9804900      47.81
   1241.04919    0.9793900      47.76
   1241.05090    0.9780700      47.69
   1241.05273    0.9768500      47.63
   1241.05457    0.9761200      47.60
   1241.05627    0.9758200      47.58
   1241.05811    0.9755900      47.57
   1241.05981    0.9754200      47.56
   1241.06165    0.9757300      47.58
   1241.06335    0.9766400      47.62
   1241.06519    0.9776700      47.67
   1241.06702    0.9784000      47.71
   1241.06873    0.9790600      47.74
   1241.07056    0.9801700      47.79
   1241.07227    0.9816400      47.86
   1241.07410    0.9828400      47.92
   1241.07581    0.9834000      47.95
   1241.07764    0.9836000      47.96
   1241.07947    0.9837900      47.97
   1241.08118    0.9839800      47.98
   1241.08301    0.9839800      47.98
   1241.08472    0.9837600      47.97
   1241.08655    0.9832700      47.94
   1241.08826    0.9824200      47.90
   1241.09009    0.9814300      47.85
   1241.09192    0.9809200      47.83
   1241.09363    0.9812200      47.84
   1241.09546    0.9818900      47.87
   1241.09717    0.9822000      47.89
   1241.09900    0.9821400      47.89
   1241.10071    0.9823400      47.89
   1241.10254    0.9829800      47.93
   1241.10425    0.9834500      47.95
   1241.10608    0.9833100      47.94
   1241.10791    0.9829000      47.92
   1241.10962    0.9828100      47.92
   1241.11145    0.9830000      47.93
   1241.11316    0.9830600      47.93
   1241.11499    0.9830400      47.93
   1241.11670    0.9833600      47.94
   1241.11853    0.9840400      47.98
   1241.12036    0.9845500      48.00
   1241.12207    0.9846200      48.00
   1241.12390    0.9846100      48.00
   1241.12561    0.9849700      48.02
   1241.12744    0.9855600      48.05
   1241.12915    0.9859300      48.07
   1241.13098    0.9859300      48.07
   1241.13281    0.9856800      48.06
   1241.13452    0.9851400      48.03
   1241.13635    0.9842800      47.99
   1241.13806    0.9833700      47.94
   1241.13989    0.9829100      47.92
   1241.14160    0.9829200      47.92
   1241.14343    0.9829300      47.92
   1241.14526    0.9826700      47.91
   1241.14697    0.9824200      47.90
   1241.14880    0.9825300      47.90
   1241.15051    0.9827200      47.91
   1241.15234    0.9825300      47.90
   1241.15405    0.9819300      47.87
   1241.15588    0.9813600      47.84
   1241.15771    0.9810100      47.83
   1241.15942    0.9805800      47.80
   1241.16125    0.9797800      47.77
   1241.16296    0.9787000      47.71
   1241.16479    0.9776900      47.66
   1241.16650    0.9769700      47.63
   1241.16833    0.9766500      47.61
   1241.17017    0.9767100      47.61
   1241.17188    0.9769500      47.63
   1241.17371    0.9770500      47.63
   1241.17542    0.9769400      47.63
   1241.17725    0.9770600      47.63
   1241.17896    0.9778200      47.67
   1241.18079    0.9790900      47.73
   1241.18262    0.9803300      47.79
   1241.18433    0.9812500      47.83
   1241.18616    0.9820500      47.87
   1241.18787    0.9829800      47.92
   1241.18970    0.9839200      47.96
   1241.19141    0.9846100      48.00
   1241.19324    0.9849700      48.02
   1241.19507    0.9851100      48.02
   1241.19678    0.9851200      48.02
   1241.19861    0.9850400      48.02
   1241.20032    0.9850100      48.02
   1241.20215    0.9851800      48.03
   1241.20386    0.9855500      48.04
   1241.20569    0.9859800      48.06
   1241.20752    0.9862700      48.08
   1241.20923    0.9862600      48.08
   1241.21106    0.9859400      48.06
   1241.21277    0.9855500      48.04
   1241.21460    0.9854300      48.04
   1241.21631    0.9856500      48.05
   1241.21814    0.9858500      48.06
   1241.21997    0.9856800      48.05
   1241.22168    0.9852500      48.03
   1241.22351    0.9849700      48.01
   1241.22522    0.9849000      48.01
   1241.22705    0.9847700      48.00
   1241.22876    0.9844100      47.99
   1241.23059    0.9839200      47.96
   1241.23242    0.9833500      47.93
   1241.23413    0.9825800      47.90
   1241.23596    0.9817000      47.85
   1241.23767    0.9810800      47.82
   1241.23950    0.9807200      47.80
   1241.24121    0.9799500      47.77
   1241.24304    0.9782100      47.68
   1241.24487    0.9759400      47.57
   1241.24658    0.9740400      47.48
   1241.24841    0.9727000      47.41
   1241.25012    0.9712000      47.34
   1241.25195    0.9690500      47.23
   1241.25366    0.9666400      47.12
   1241.25549    0.9646100      47.02
   1241.25732    0.9630300      46.94
   1241.25903    0.9615900      46.87
   1241.26086    0.9602800      46.81
   1241.26257    0.9594100      46.76
   1241.26440    0.9591300      46.75
   1241.26611    0.9593800      46.76
   1241.26794    0.9600300      46.79
   1241.26978    0.9609000      46.84
   1241.27148    0.9615800      46.87
   1241.27332    0.9619500      46.89
   1241.27502    0.9625000      46.91
   1241.27686    0.9638500      46.98
   1241.27856    0.9658700      47.08
   1241.28040    0.9677700      47.17
   1241.28223    0.9692200      47.24
   1241.28394    0.9707700      47.32
   1241.28577    0.9728600      47.42
   1241.28748    0.9749900      47.52
   1241.28931    0.9763700      47.59
   1241.29102    0.9770900      47.62
   1241.29285    0.9779500      47.67
   1241.29468    0.9793200      47.73
   1241.29639    0.9806700      47.80
   1241.29822    0.9814000      47.83
   1241.29993    0.9815600      47.84
   1241.30176    0.9816000      47.84
   1241.30347    0.9817900      47.85
   1241.30530    0.9821400      47.87
   1241.30713    0.9827000      47.90
   1241.30884    0.9834300      47.93
   1241.31067    0.9840300      47.96
   1241.31238    0.9842200      47.97
   1241.31421    0.9841900      47.97
   1241.31604    0.9843400      47.97
   1241.31775    0.9847900      48.00
   1241.31958    0.9852300      48.02
   1241.32129    0.9853400      48.02
   1241.32312    0.9851700      48.01
   1241.32483    0.9849100      48.00
   1241.32666    0.9847000      47.99
   1241.32849    0.9845500      47.98
   1241.33020    0.9844700      47.98
   1241.33203    0.9843400      47.97
   1241.33374    0.9840700      47.96
   1241.33557    0.9837500      47.94
   1241.33728    0.9836300      47.94
   1241.33911    0.9836900      47.94
   1241.34094    0.9835900      47.94
   1241.34265    0.9830700      47.91
   1241.34448    0.9823500      47.88
   1241.34619    0.9818200      47.85
   1241.34802    0.9814400      47.83
   1241.34973    0.9807200      47.80
   1241.35156    0.9793200      47.73
   1241.35339    0.9776900      47.65
   1241.35510    0.9766200      47.60
   1241.35693    0.9764400      47.59
   1241.35864    0.9767400      47.60
   1241.36047    0.9769500      47.61
   1241.36218    0.9769700      47.61
   1241.36401    0.9772100      47.62
   1241.36584    0.9779100      47.66
   1241.36755    0.9787600      47.70
   1241.36938    0.9791400      47.72
   1241.37109    0.9787500      47.70
   1241.37292    0.9777600      47.65
   1241.37463    0.9764500      47.59
   1241.37646    0.9747800      47.50
   1241.37830    0.9725900      47.40
   1241.38000    0.9699300      47.27
   1241.38184    0.9670800      47.13
   1241.38354    0.9641900      46.99
   1241.38538    0.9611900      46.84
   1241.38721    0.9581900      46.69
   1241.38892    0.9555900      46.57
   1241.39075    0.9538700      46.48
   1241.39246    0.9530800      46.45
   1241.39429    0.9529500      46.44
   1241.39600    0.9533400      46.46
   1241.39783    0.9544200      46.51
   1241.39966    0.9562400      46.60
   1241.40137    0.9584200      46.70
   1241.40320    0.9605200      46.81
   1241.40491    0.9624400      46.90
   1241.40674    0.9644600      47.00
   1241.40845    0.9667400      47.11
   1241.41028    0.9690700      47.22
   1241.41211    0.9711500      47.32
   1241.41382    0.9729300      47.41
   1241.41565    0.9745200      47.49
   1241.41736    0.9759500      47.56
   1241.41919    0.9772100      47.62
   1241.42090    0.9783900      47.68
   1241.42273    0.9796200      47.74
   1241.42456    0.9807900      47.79
   1241.42627    0.9815800      47.83
   1241.42810    0.9819800      47.85
   1241.42981    0.9823900      47.87
   1241.43164    0.9831500      47.91
   1241.43335    0.9840600      47.95
   1241.43518    0.9846500      47.98
   1241.43701    0.9847900      47.99
   1241.43872    0.9847600      47.99
   1241.44055    0.9848400      47.99
   1241.44226    0.9849600      47.99
   1241.44409    0.9850900      48.00
   1241.44592    0.9854000      48.02
   1241.44763    0.9859800      48.04
   1241.44946    0.9864900      48.07
   1241.45117    0.9863800      48.06
   1241.45300    0.9856200      48.03
   1241.45471    0.9848300      47.99
   1241.45654    0.9846600      47.98
   1241.45837    0.9851400      48.00
   1241.46008    0.9857500      48.03
   1241.46191    0.9859700      48.04
   1241.46362    0.9857900      48.03
   1241.46545    0.9856200      48.02
   1241.46716    0.9857600      48.03
   1241.46899    0.9861200      48.05
   1241.47083    0.9863200      48.06
   1241.47253    0.9862200      48.05
   1241.47437    0.9860600      48.05
   1241.47607    0.9860900      48.05
   1241.47791    0.9861600      48.05
   1241.47961    0.9859400      48.04
   1241.48145    0.9854400      48.01
   1241.48328    0.9850400      48.00
   1241.48499    0.9849600      47.99
   1241.48682    0.9849900      47.99
   1241.48853    0.9848300      47.98
   1241.49036    0.9845100      47.97
   1241.49219    0.9843400      47.96
   1241.49390    0.9844600      47.97
   1241.49573    0.9848100      47.98
   1241.49744    0.9853100      48.01
   1241.49927    0.9858200      48.03
   1241.50098    0.9860700      48.04
   1241.50281    0.9858400      48.03
   1241.50464    0.9853100      48.01
   1241.50635    0.9850800      48.00
   1241.50818    0.9855100      48.02
   1241.50989    0.9863200      48.06
   1241.51172    0.9869200      48.08
   1241.51343    0.9869900      48.09
   1241.51526    0.9867900      48.08
   1241.51709    0.9867200      48.07
   1241.51880    0.9869200      48.08
   1241.52063    0.9871500      48.09
   1241.52234    0.9870900      48.09
   1241.52417    0.9867900      48.08
   1241.52600    0.9866300      48.07
   1241.52771    0.9868900      48.08
   1241.52954    0.9873300      48.10
   1241.53125    0.9873900      48.11
   1241.53308    0.9869900      48.09
   1241.53479    0.9866600      48.07
   1241.53662    0.9867800      48.08
   1241.53845    0.9870000      48.09
   1241.54016    0.9867500      48.07
   1241.54199    0.9861700      48.05
   1241.54370    0.9859400      48.03
   1241.54553    0.9862300      48.05
   1241.54724    0.9864200      48.06
   1241.54907    0.9860100      48.04
   1241.55090    0.9853300      48.00
   1241.55261    0.9850200      47.99
   1241.55444    0.9849900      47.99
   1241.55615    0.9847100      47.97
   1241.55798    0.9840200      47.94
   1241.55981    0.9833900      47.91
   1241.56152    0.9830000      47.89
   1241.56335    0.9824200      47.86
   1241.56506    0.9812500      47.80
   1241.56689    0.9797100      47.73
   1241.56860    0.9782300      47.66
   1241.57043    0.9767200      47.58
   1241.57227    0.9747300      47.49
   1241.57397    0.9720400      47.35
   1241.57581    0.9689100      47.20
   1241.57751    0.9656200      47.04
   1241.57935    0.9622800      46.88
   1241.58105    0.9589900      46.72
   1241.58289    0.9559200      46.57
   1241.58472    0.9531000      46.43
   1241.58643    0.9506100      46.31
   1241.58826    0.9488400      46.22
   1241.58997    0.9483600      46.20
   1241.59180    0.9493200      46.25
   1241.59363    0.9512900      46.34
   1241.59534    0.9538600      46.47
   1241.59717    0.9571200      46.63
   1241.59888    0.9611800      46.82
   1241.60071    0.9655100      47.03
   1241.60242    0.9691800      47.21
   1241.60425    0.9717900      47.34
   1241.60608    0.9737500      47.44
   1241.60779    0.9756100      47.53
   1241.60962    0.9774000      47.61
   1241.61133    0.9787100      47.68
   1241.61316    0.9793200      47.71
   1241.61499    0.9794500      47.71
   1241.61670    0.9795500      47.72
   1241.61853    0.9799800      47.74
   1241.62024    0.9807700      47.78
   1241.62207    0.9816200      47.82
   1241.62378    0.9821800      47.84
   1241.62561    0.9824600      47.86
   1241.62744    0.9828600      47.88
   1241.62915    0.9836500      47.92
   1241.63098    0.9845800      47.96
   1241.63269    0.9852100      47.99
   1241.63452    0.9853700      48.00
   1241.63635    0.9853300      48.00
   1241.63806    0.9854000      48.00
   1241.63989    0.9857200      48.02
   1241.64160    0.9862100      48.04
   1241.64343    0.9866800      48.06
   1241.64514    0.9869300      48.07
   1241.64697    0.9869400      48.07
   1241.64880    0.9869200      48.07
   1241.65051    0.9870100      48.08
   1241.65234    0.9870700      48.08
   1241.65405    0.9869200      48.07
   1241.65588    0.9867600      48.06
   1241.65759    0.9869100      48.07
   1241.65942    0.9873100      48.09
   1241.66125    0.9874300      48.10
   1241.66296    0.9870000      48.08
   1241.66479    0.9864300      48.05
   1241.66650    0.9862600      48.04
   1241.66833    0.9865000      48.05
   1241.67017    0.9867000      48.06
   1241.67188    0.9866800      48.06
   1241.67371    0.9866300      48.06
   1241.67542    0.9866500      48.06
   1241.67725    0.9866000      48.06
   1241.67896    0.9864700      48.05
   1241.68079    0.9865300      48.05
   1241.68262    0.9868900      48.07
   1241.68433    0.9871700      48.08
   1241.68616    0.9870100      48.07
   1241.68787    0.9865900      48.05
   1241.68970    0.9864800      48.05
   1241.69153    0.9868100      48.06
   1241.69324    0.9871600      48.08
   1241.69507    0.9871800      48.08
   1241.69678    0.9870100      48.07
   1241.69861    0.9870300      48.07
   1241.70032    0.9872700      48.09
   1241.70215    0.9873900      48.09
   1241.70398    0.9871900      48.08
   1241.70569    0.9867400      48.06
   1241.70752    0.9863200      48.04
   1241.70923    0.9860600      48.03
   1241.71106    0.9859500      48.02
   1241.71289    0.9858300      48.01
   1241.71460    0.9855900      48.00
   1241.71643    0.9852800      47.99
   1241.71814    0.9850800      47.98
   1241.71997    0.9850200      47.97
   1241.72168    0.9849300      47.97
   1241.72351    0.9846700      47.96
   1241.72534    0.9845000      47.95
   1241.72705    0.9847600      47.96
   1241.72888    0.9853400      47.99
   1241.73059    0.9856000      48.00
   1241.73242    0.9851600      47.98
   1241.73425    0.9844800      47.95
   1241.73596    0.9843000      47.94
   1241.73779    0.9845700      47.95
   1241.73950    0.9845000      47.95
   1241.74133    0.9836800      47.91
   1241.74304    0.9827400      47.86
   1241.74487    0.9824700      47.85
   1241.74670    0.9827100      47.86
   1241.74841    0.9826200      47.86
   1241.75024    0.9818200      47.82
   1241.75195    0.9807700      47.77
   1241.75378    0.9799500      47.73
   1241.75562    0.9792000      47.69
   1241.75732    0.9781800      47.64
   1241.75916    0.9769600      47.58
   1241.76086    0.9756800      47.52
   1241.76270    0.9740100      47.44
   1241.76440    0.9713800      47.31
   1241.76624    0.9677700      47.13
   1241.76807    0.9636200      46.93
   1241.76978    0.9590900      46.71
   1241.77161    0.9538300      46.45
   1241.77332    0.9475800      46.15
   1241.77515    0.9404500      45.80
   1241.77698    0.9325300      45.41
   1241.77869    0.9235500      44.98
   1241.78052    0.9135400      44.49
   1241.78223    0.9032800      43.99
   1241.78406    0.8936200      43.52
   1241.78589    0.8846900      43.08
   1241.78760    0.8762000      42.67
   1241.78943    0.8685800      42.30
   1241.79114    0.8630600      42.03
   1241.79297    0.8605600      41.91
   1241.79468    0.8610400      41.93
   1241.79651    0.8640900      42.08
   1241.79834    0.8696300      42.35
   1241.80005    0.8775400      42.73
   1241.80188    0.8871300      43.20
   1241.80359    0.8974800      43.71
   1241.80542    0.9081800      44.23
   1241.80725    0.9191100      44.76
   1241.80896    0.9296400      45.27
   1241.81079    0.9387300      45.71
   1241.81250    0.9460100      46.07
   1241.81433    0.9521300      46.37
   1241.81604    0.9578600      46.64
   1241.81787    0.9631200      46.90
   1241.81970    0.9673600      47.11
   1241.82141    0.9704700      47.26
   1241.82324    0.9729100      47.38
   1241.82495    0.9749800      47.48
   1241.82678    0.9765700      47.55
   1241.82861    0.9776100      47.61
   1241.83032    0.9783700      47.64
   1241.83215    0.9791800      47.68
   1241.83386    0.9800300      47.72
   1241.83569    0.9807200      47.76
   1241.83740    0.9810400      47.77
   1241.83923    0.9809000      47.76
   1241.84106    0.9804000      47.74
   1241.84277    0.9798600      47.71
   1241.84460    0.9796800      47.70
   1241.84631    0.9799500      47.72
   1241.84814    0.9803600      47.74
   1241.84998    0.9805700      47.75
   1241.85168    0.9805300      47.75
   1241.85352    0.9804300      47.74
   1241.85522    0.9804000      47.74
   1241.85706    0.9805200      47.74
   1241.85889    0.9809400      47.76
   1241.86060    0.9815900      47.80
   1241.86243    0.9820600      47.82
   1241.86414    0.9819900      47.82
   1241.86597    0.9815700      47.79
   1241.86768    0.9813100      47.78
   1241.86951    0.9813100      47.78
   1241.87134    0.9812000      47.78
   1241.87305    0.9808500      47.76
   1241.87488    0.9806600      47.75
   1241.87659    0.9810000      47.77
   1241.87842    0.9815700      47.79
   1241.88025    0.9818400      47.81
   1241.88196    0.9818200      47.81
   1241.88379    0.9819700      47.81
   1241.88550    0.9824000      47.83
   1241.88733    0.9827700      47.85
   1241.88904    0.9829500      47.86
   1241.89087    0.9832400      47.87
   1241.89270    0.9837600      47.90
   1241.89441    0.9841300      47.92
   1241.89624    0.9840700      47.91
   1241.89795    0.9839600      47.91
   1241.89978    0.9843200      47.93
   1241.90161    0.9849200      47.96
   1241.90332    0.9851200      47.96
   1241.90515    0.9848700      47.95
   1241.90686    0.9848500      47.95
   1241.90869    0.9854500      47.98
   1241.91052    0.9862000      48.02
   1241.91223    0.9863300      48.02
   1241.91406    0.9857800      48.00
   1241.91577    0.9850500      47.96
   1241.91760    0.9844600      47.93
   1241.91931    0.9839100      47.90
   1241.92114    0.9833600      47.88
   1241.92297    0.9829900      47.86
   1241.92468    0.9829200      47.86
   1241.92651    0.9829500      47.86
   1241.92822    0.9828600      47.85
   1241.93005    0.9828200      47.85
   1241.93188    0.9831600      47.87
   1241.93359    0.9838800      47.90
   1241.93542    0.9845700      47.94
   1241.93713    0.9848000      47.95
   1241.93896    0.9846400      47.94
   1241.94080    0.9845800      47.94
   1241.94250    0.9848900      47.95
   1241.94434    0.9853700      47.97
   1241.94604    0.9855700      47.98
   1241.94788    0.9854500      47.98
   1241.94971    0.9854000      47.97
   1241.95142    0.9856300      47.99
   1241.95325    0.9858400      48.00
   1241.95496    0.9856500      47.99
   1241.95679    0.9852500      47.97
   1241.95850    0.9851800      47.96
   1241.96033    0.9855000      47.98
   1241.96216    0.9857000      47.99
   1241.96387    0.9854000      47.97
   1241.96570    0.9850000      47.95
   1241.96741    0.9851000      47.96
   1241.96924    0.9856800      47.99
   1241.97107    0.9861600      48.01
   1241.97278    0.9862400      48.01
   1241.97461    0.9861900      48.01
   1241.97632    0.9862700      48.01
   1241.97815    0.9863000      48.02
   1241.97998    0.9860300      48.00
   1241.98169    0.9855600      47.98
   1241.98352    0.9852100      47.96
   1241.98523    0.9850700      47.96
   1241.98706    0.9849700      47.95
   1241.98877    0.9848600      47.95
   1241.99060    0.9848600      47.94
   1241.99243    0.9851000      47.96
   1241.99414    0.9855500      47.98
   1241.99597    0.9861300      48.01
   1241.99768    0.9866800      48.03
   1241.99951    0.9868900      48.04
   1242.00134    0.9865800      48.03
   1242.00305    0.9859700      48.00
   1242.00488    0.9856300      47.98
   1242.00659    0.9857400      47.99
   1242.00842    0.9859300      48.00
   1242.01025    0.9857600      47.99
   1242.01196    0.9853800      47.97
   1242.01379    0.9852800      47.96
   1242.01550    0.9856100      47.98
   1242.01733    0.9859700      48.00
   1242.01904    0.9859300      47.99
   1242.02087    0.9856100      47.98
   1242.02271    0.9854900      47.97
   1242.02441    0.9857800      47.99
   1242.02625    0.9862300      48.01
   1242.02795    0.9864000      48.02
   1242.02979    0.9861600      48.01
   1242.03162    0.9857300      47.98
   1242.03333    0.9854900      47.97
   1242.03516    0.9856100      47.98
   1242.03687    0.9859200      47.99
   1242.03870    0.9860500      48.00
   1242.04053    0.9858500      47.99
   1242.04224    0.9854900      47.97
   1242.04407    0.9852800      47.96
   1242.04578    0.9853600      47.96
   1242.04761    0.9855500      47.97
   1242.04944    0.9856800      47.98
   1242.05115    0.9858200      47.99
   1242.05298    0.9861100      48.00
   1242.05469    0.9865200      48.02
   1242.05652    0.9868300      48.04
   1242.05835    0.9868500      48.04
   1242.06006    0.9865800      48.02
   1242.06189    0.9861700      48.00
   1242.06360    0.9858300      47.99
   1242.06543    0.9857400      47.98
   1242.06714    0.9858900      47.99
   1242.06897    0.9860500      48.00
   1242.07080    0.9859500      47.99
   1242.07251    0.9855900      47.97
   1242.07434    0.9852600      47.96
   1242.07605    0.9852100      47.96
   1242.07788    0.9853900      47.96
   1242.07971    0.9855800      47.97
   1242.08142    0.9856300      47.98
   1242.08325    0.9855600      47.97
   1242.08496    0.9853600      47.96
   1242.08679    0.9849800      47.94
   1242.08862    0.9845300      47.92
   1242.09033    0.9843000      47.91
   1242.09216    0.9844600      47.92
   1242.09387    0.9849000      47.94
   1242.09570    0.9853600      47.96
   1242.09753    0.9856600      47.98
   1242.09924    0.9856900      47.98
   1242.10107    0.9853400      47.96
   1242.10278    0.9846400      47.93
   1242.10461    0.9839200      47.89
   1242.10632    0.9835600      47.87
   1242.10815    0.9835800      47.87
   1242.10999    0.9836700      47.88
   1242.11169    0.9836600      47.88
   1242.11353    0.9837600      47.88
   1242.11523    0.9842500      47.91
   1242.11707    0.9849400      47.94
   1242.11890    0.9853400      47.96
   1242.12061    0.9852900      47.96
   1242.12244    0.9850800      47.94
   1242.12415    0.9850900      47.95
   1242.12598    0.9853600      47.96
   1242.12781    0.9856400      47.97
   1242.12952    0.9857200      47.98
   1242.13135    0.9856200      47.97
   1242.13306    0.9854200      47.96
   1242.13489    0.9852900      47.95
   1242.13672    0.9853600      47.96
   1242.13843    0.9856400      47.97
   1242.14026    0.9858800      47.98
   1242.14197    0.9858200      47.98
   1242.14380    0.9855100      47.96
   1242.14563    0.9852500      47.95
   1242.14734    0.9851800      47.95
   1242.14917    0.9851100      47.94
   1242.15088    0.9848800      47.93
   1242.15271    0.9846300      47.92
   1242.15454    0.9845900      47.92
   1242.15625    0.9846600      47.92
   1242.15808    0.9845500      47.92
   1242.15979    0.9842100      47.90
   1242.16162    0.9840000      47.89
   1242.16333    0.9841200      47.89
   1242.16516    0.9843000      47.90
   1242.16699    0.9841500      47.90
   1242.16870    0.9836700      47.87
   1242.17053    0.9831400      47.85
   1242.17224    0.9826400      47.82
   1242.17407    0.9818700      47.78
   1242.17590    0.9807700      47.73
   1242.17761    0.9797400      47.68
   1242.17944    0.9791900      47.65
   1242.18115    0.9790700      47.65
   1242.18298    0.9789900      47.64
   1242.18481    0.9788300      47.64
   1242.18652    0.9790100      47.64
   1242.18835    0.9799100      47.69
   1242.19006    0.9812500      47.75
   1242.19189    0.9822400      47.80
   1242.19373    0.9823600      47.81
   1242.19543    0.9819200      47.79
   1242.19727    0.9816800      47.77
   1242.19897    0.9819800      47.79
   1242.20081    0.9823800      47.81
   1242.20264    0.9822500      47.80
   1242.20435    0.9815300      47.77
   1242.20618    0.9807000      47.72
   1242.20789    0.9801300      47.70
   1242.20972    0.9797300      47.68
   1242.21155    0.9793000      47.66
   1242.21326    0.9788900      47.64
   1242.21509    0.9787200      47.63
   1242.21680    0.9787900      47.63
   1242.21863    0.9788700      47.63
   1242.22034    0.9787800      47.63
   1242.22217    0.9785500      47.62
   1242.22400    0.9783500      47.61
   1242.22571    0.9783500      47.61
   1242.22754    0.9785300      47.62
   1242.22925    0.9786300      47.62
   1242.23108    0.9782900      47.61
   1242.23291    0.9775200      47.57
   1242.23462    0.9768200      47.53
   1242.23645    0.9766700      47.53
   1242.23816    0.9769100      47.54
   1242.23999    0.9770100      47.54
   1242.24182    0.9768100      47.53
   1242.24353    0.9765800      47.52
   1242.24536    0.9764100      47.51
   1242.24707    0.9759300      47.49
   1242.24890    0.9749600      47.44
   1242.25073    0.9738400      47.39
   1242.25244    0.9727600      47.33
   1242.25427    0.9711300      47.26
   1242.25598    0.9684300      47.12
   1242.25781    0.9652800      46.97
   1242.25964    0.9631300      46.87
   1242.26135    0.9623900      46.83
   1242.26318    0.9618800      46.80
   1242.26489    0.9602100      46.72
   1242.26672    0.9573800      46.59
   1242.26855    0.9542600      46.43
   1242.27026    0.9510100      46.28
   1242.27209    0.9468300      46.07
   1242.27380    0.9411100      45.79
   1242.27563    0.9342400      45.46
   1242.27747    0.9268300      45.10
   1242.27917    0.9187000      44.70
   1242.28101    0.9090800      44.23
   1242.28271    0.8975200      43.67
   1242.28455    0.8841800      43.02
   1242.28638    0.8693100      42.30
   1242.28809    0.8530200      41.51
   1242.28992    0.8357100      40.66
   1242.29163    0.8182200      39.81
   1242.29346    0.8014400      39.00
   1242.29529    0.7857400      38.23
   1242.29700    0.7713500      37.53
   1242.29883    0.7589600      36.93
   1242.30054    0.7498500      36.48
   1242.30237    0.7451600      36.26
   1242.30420    0.7452300      36.26
   1242.30591    0.7497200      36.48
   1242.30774    0.7582100      36.89
   1242.30945    0.7704700      37.49
   1242.31128    0.7861000      38.25
   1242.31311    0.8041700      39.13
   1242.31482    0.8233800      40.06
   1242.31665    0.8425100      40.99
   1242.31836    0.8608000      41.88
   1242.32019    0.8778100      42.71
   1242.32190    0.8932100      43.46
   1242.32373    0.9066000      44.11
   1242.32556    0.9177400      44.65
   1242.32727    0.9267900      45.09
   1242.32910    0.9343400      45.46
   1242.33081    0.9409600      45.78
   1242.33264    0.9467600      46.06
   1242.33447    0.9513500      46.29
   1242.33618    0.9544500      46.44
   1242.33801    0.9564500      46.53
   1242.33972    0.9580700      46.61
   1242.34155    0.9596000      46.69
   1242.34338    0.9606500      46.74
   1242.34509    0.9607500      46.74
   1242.34692    0.9599600      46.70
   1242.34863    0.9587400      46.64
   1242.35046    0.9573100      46.58
   1242.35229    0.9554700      46.49
   1242.35400    0.9530100      46.37
   1242.35583    0.9500800      46.22
   1242.35754    0.9470300      46.07
   1242.35938    0.9439700      45.93
   1242.36121    0.9407600      45.77
   1242.36292    0.9374600      45.61
   1242.36475    0.9345000      45.46
   1242.36646    0.9324100      45.36
   1242.36829    0.9314000      45.31
   1242.37012    0.9313900      45.31
   1242.37183    0.9324100      45.36
   1242.37366    0.9346700      45.47
   1242.37537    0.9381400      45.64
   1242.37720    0.9423200      45.84
   1242.37903    0.9464600      46.05
   1242.38074    0.9501900      46.23
   1242.38257    0.9536700      46.40
   1242.38428    0.9571700      46.57
   1242.38611    0.9605800      46.73
   1242.38794    0.9634300      46.87
   1242.38965    0.9654800      46.97
   1242.39148    0.9669900      47.04
   1242.39319    0.9684400      47.11
   1242.39502    0.9700300      47.19
   1242.39685    0.9715900      47.27
   1242.39856    0.9729200      47.33
   1242.40039    0.9740200      47.38
   1242.40210    0.9750200      47.43
   1242.40393    0.9759800      47.48
   1242.40576    0.9768400      47.52
   1242.40747    0.9775900      47.56
   1242.40930    0.9782000      47.59
   1242.41101    0.9786100      47.61
   1242.41284    0.9787300      47.61
   1242.41467    0.9787300      47.61
   1242.41638    0.9789600      47.62
   1242.41821    0.9795300      47.65
   1242.41992    0.9800800      47.68
   1242.42175    0.9802000      47.68
   1242.42358    0.9799900      47.67
   1242.42529    0.9799400      47.67
   1242.42712    0.9803000      47.69
   1242.42883    0.9808400      47.71
   1242.43066    0.9813400      47.74
   1242.43250    0.9818700      47.76
   1242.43420    0.9824000      47.79
   1242.43604    0.9826200      47.80
   1242.43774    0.9823600      47.79
   1242.43958    0.9820800      47.77
   1242.44141    0.9823600      47.79
   1242.44312    0.9830600      47.82
   1242.44495    0.9835500      47.84
   1242.44666    0.9836700      47.85
   1242.44849    0.9838900      47.86
   1242.45032    0.9844200      47.89
   1242.45203    0.9847600      47.90
   1242.45386    0.9845100      47.89
   1242.45557    0.9841000      47.87
   1242.45740    0.9841200      47.87
   1242.45923    0.9843300      47.88
   1242.46094    0.9841200      47.87
   1242.46277    0.9836100      47.85
   1242.46448    0.9835700      47.84
   1242.46631    0.9841800      47.87
   1242.46814    0.9846700      47.90
   1242.46985    0.9845100      47.89
   1242.47168    0.9841400      47.87
   1242.47339    0.9840600      47.87
   1242.47522    0.9839000      47.86
   1242.47705    0.9831300      47.82
   1242.47876    0.9821800      47.77
   1242.48059    0.9819500      47.76
   1242.48230    0.9824000      47.79
   1242.48413    0.9826000      47.79
   1242.48596    0.9822500      47.78
   1242.48767    0.9821600      47.77
   1242.48950    0.9829500      47.81
   1242.49121    0.9839700      47.86
   1242.49304    0.9843100      47.88
   1242.49487    0.9841500      47.87
   1242.49658    0.9843800      47.88
   1242.49841    0.9851400      47.92
   1242.50012    0.9857100      47.94
   1242.50195    0.9856700      47.94
   1242.50378    0.9854600      47.93
   1242.50549    0.9855200      47.94
   1242.50732    0.9855900      47.94
   1242.50903    0.9853100      47.92
   1242.51086    0.9849300      47.91
   1242.51270    0.9849000      47.90
   1242.51440    0.9851400      47.92
   1242.51624    0.9851800      47.92
   1242.51794    0.9849000      47.90
   1242.51978    0.9846800      47.89
   1242.52161    0.9847600      47.90
   1242.52332    0.9849500      47.91
   1242.52515    0.9850300      47.91
   1242.52686    0.9850000      47.91
   1242.52869    0.9849600      47.91
   1242.53052    0.9849100      47.90
   1242.53223    0.9848900      47.90
   1242.53406    0.9850100      47.91
   1242.53589    0.9852700      47.92
   1242.53760    0.9854900      47.93
   1242.53943    0.9855900      47.94
   1242.54114    0.9857100      47.94
   1242.54297    0.9858800      47.95
   1242.54480    0.9858900      47.95
   1242.54651    0.9856400      47.94
   1242.54834    0.9854400      47.93
   1242.55005    0.9856000      47.94
   1242.55188    0.9858700      47.95
   1242.55371    0.9856700      47.94
   1242.55542    0.9849000      47.90
   1242.55725    0.9841400      47.86
   1242.55896    0.9838500      47.85
   1242.56079    0.9838300      47.85
   1242.56262    0.9837000      47.84
   1242.56433    0.9835300      47.83
   1242.56616    0.9836700      47.84
   1242.56787    0.9841100      47.86
   1242.56970    0.9844500      47.88
   1242.57153    0.9844600      47.88
   1242.57324    0.9843800      47.87
   1242.57507    0.9844500      47.88
   1242.57678    0.9845300      47.88
   1242.57861    0.9843200      47.87
   1242.58044    0.9838400      47.85
   1242.58215    0.9834900      47.83
   1242.58398    0.9835600      47.83
   1242.58569    0.9839200      47.85
   1242.58752    0.9842400      47.87
   1242.58936    0.9842700      47.87
   1242.59106    0.9840400      47.86
   1242.59290    0.9836700      47.84
   1242.59460    0.9832300      47.82
   1242.59644    0.9825200      47.78
   1242.59827    0.9812700      47.72
   1242.59998    0.9795200      47.64
   1242.60181    0.9775800      47.54
   1242.60352    0.9756000      47.44
   1242.60535    0.9732400      47.33
   1242.60718    0.9701700      47.18
   1242.60889    0.9666800      47.01
   1242.61072    0.9635000      46.86
   1242.61243    0.9609900      46.73
   1242.61426    0.9589500      46.63
   1242.61609    0.9573600      46.56
   1242.61780    0.9568300      46.53
   1242.61963    0.9577900      46.58
   1242.62134    0.9597100      46.67
   1242.62317    0.9617100      46.77
   1242.62500    0.9638100      46.87
   1242.62671    0.9668000      47.01
   1242.62854    0.9706900      47.20
   1242.63037    0.9742400      47.38
   1242.63208    0.9763700      47.48
   1242.63391    0.9775500      47.54
   1242.63562    0.9789500      47.60
   1242.63745    0.9808200      47.70
   1242.63928    0.9822700      47.77
   1242.64099    0.9827800      47.79
   1242.64282    0.9829500      47.80
   1242.64453    0.9835500      47.83
   1242.64636    0.9844200      47.87
   1242.64819    0.9849000      47.89
   1242.64990    0.9847700      47.89
   1242.65173    0.9844100      47.87
   1242.65344    0.9842600      47.86
   1242.65527    0.9844300      47.87
   1242.65710    0.9848000      47.89
   1242.65881    0.9850700      47.90
   1242.66064    0.9849900      47.90
   1242.66235    0.9846700      47.88
   1242.66418    0.9845800      47.88
   1242.66602    0.9849000      47.89
   1242.66772    0.9851400      47.90
   1242.66956    0.9847100      47.88
   1242.67126    0.9839000      47.84
   1242.67310    0.9835800      47.83
   1242.67493    0.9840100      47.85
   1242.67664    0.9845500      47.87
   1242.67847    0.9845800      47.88
   1242.68018    0.9843300      47.86
   1242.68201    0.9843300      47.86
   1242.68384    0.9846000      47.88
   1242.68555    0.9847500      47.88
   1242.68738    0.9846500      47.88
   1242.68909    0.9845200      47.87
   1242.69092    0.9844600      47.87
   1242.69275    0.9844100      47.87
   1242.69446    0.9843900      47.86
   1242.69629    0.9844800      47.87
   1242.69812    0.9845000      47.87
   1242.69983    0.9841400      47.85
   1242.70166    0.9835000      47.82
   1242.70337    0.9830300      47.80
   1242.70520    0.9830000      47.80
   1242.70703    0.9832100      47.81
   1242.70874    0.9834200      47.82
   1242.71057    0.9836400      47.83
   1242.71228    0.9839300      47.84
   1242.71411    0.9841400      47.85
   1242.71594    0.9842100      47.85
   1242.71765    0.9842600      47.86
   1242.71948    0.9842400      47.86
   1242.72119    0.9838200      47.83
   1242.72302    0.9828500      47.79
   1242.72485    0.9818000      47.74
   1242.72656    0.9812500      47.71
   1242.72839    0.9811100      47.70
   1242.73010    0.9808400      47.69
   1242.73193    0.9802600      47.66
   1242.73376    0.9797800      47.64
   1242.73547    0.9796000      47.63
   1242.73730    0.9793500      47.62
   1242.73901    0.9786600      47.58
   1242.74084    0.9777500      47.54
   1242.74268    0.9771300      47.51
   1242.74438    0.9769700      47.50
   1242.74622    0.9770900      47.51
   1242.74805    0.9773200      47.52
   1242.74976    0.9775700      47.53
   1242.75159    0.9776600      47.53
   1242.75330    0.9775200      47.53
   1242.75513    0.9774000      47.52
   1242.75696    0.9777000      47.53
   1242.75867    0.9783900      47.57
   1242.76050    0.9790400      47.60
   1242.76221    0.9793600      47.61
   1242.76404    0.9795400      47.62
   1242.76587    0.9798200      47.64
   1242.76758    0.9800600      47.65
   1242.76941    0.9800200      47.65
   1242.77112    0.9797000      47.63
   1242.77295    0.9793700      47.61
   1242.77478    0.9791300      47.60
   1242.77649    0.9787800      47.59
   1242.77832    0.9781700      47.56
   1242.78003    0.9774600      47.52
   1242.78186    0.9768800      47.49
   1242.78369    0.9764500      47.47
   1242.78540    0.9759200      47.45
   1242.78723    0.9750200      47.40
   1242.78906    0.9736700      47.34
   1242.79077    0.9720800      47.26
   1242.79260    0.9704000      47.18
   1242.79431    0.9686100      47.09
   1242.79614    0.9665000      46.99
   1242.79797    0.9640400      46.87
   1242.79968    0.9615400      46.75
   1242.80151    0.9594600      46.64
   1242.80322    0.9580400      46.57
   1242.80505    0.9572700      46.54
   1242.80688    0.9570500      46.53
   1242.80859    0.9574200      46.54
   1242.81042    0.9583900      46.59
   1242.81213    0.9598000      46.66
   1242.81396    0.9613300      46.73
   1242.81580    0.9626900      46.80
   1242.81750    0.9637800      46.85
   1242.81934    0.9646800      46.90
   1242.82104    0.9654700      46.93
   1242.82288    0.9660700      46.96
   1242.82471    0.9662400      46.97
   1242.82642    0.9658900      46.95
   1242.82825    0.9652800      46.92
   1242.83008    0.9647500      46.90
   1242.83179    0.9643200      46.88
   1242.83362    0.9637300      46.85
   1242.83533    0.9629000      46.81
   1242.83716    0.9622600      46.78
   1242.83899    0.9623200      46.78
   1242.84070    0.9631200      46.82
   1242.84253    0.9642400      46.87
   1242.84424    0.9654500      46.93
   1242.84607    0.9668400      47.00
   1242.84790    0.9685300      47.08
   1242.84961    0.9703200      47.17
   1242.85144    0.9719000      47.24
   1242.85315    0.9732500      47.31
   1242.85498    0.9745500      47.37
   1242.85681    0.9758600      47.44
   1242.85852    0.9770600      47.50
   1242.86035    0.9780200      47.54
   1242.86218    0.9788200      47.58
   1242.86389    0.9796500      47.62
   1242.86572    0.9805800      47.67
   1242.86743    0.9815100      47.71
   1242.86926    0.9821600      47.74
   1242.87109    0.9823400      47.75
   1242.87280    0.9820900      47.74
   1242.87463    0.9817400      47.72
   1242.87634    0.9815500      47.71
   1242.87817    0.9814900      47.71
   1242.88000    0.9814200      47.71
   1242.88171    0.9814300      47.71
   1242.88354    0.9817400      47.72
   1242.88525    0.9822000      47.74
   1242.88708    0.9823100      47.75
   1242.88892    0.9818000      47.72
   1242.89062    0.9809900      47.68
   1242.89246    0.9804400      47.66
   1242.89417    0.9802100      47.65
   1242.89600    0.9798800      47.63
   1242.89783    0.9791700      47.59
   1242.89954    0.9781800      47.55
   1242.90137    0.9771400      47.50
   1242.90320    0.9761700      47.45
   1242.90491    0.9753700      47.41
   1242.90674    0.9748500      47.38
   1242.90845    0.9745700      47.37
   1242.91028    0.9743100      47.36
   1242.91211    0.9740500      47.34
   1242.91382    0.9740900      47.35
   1242.91565    0.9746400      47.37
   1242.91736    0.9753900      47.41
   1242.91919    0.9759100      47.43
   1242.92102    0.9763000      47.45
   1242.92273    0.9769400      47.48
   1242.92456    0.9777900      47.53
   1242.92627    0.9783300      47.55
   1242.92810    0.9783700      47.55
   1242.92993    0.9784500      47.56
   1242.93164    0.9790500      47.59
   1242.93347    0.9798100      47.62
   1242.93530    0.9799600      47.63
   1242.93701    0.9794300      47.60
   1242.93884    0.9790100      47.58
   1242.94055    0.9793000      47.60
   1242.94238    0.9800200      47.63
   1242.94421    0.9804900      47.65
   1242.94592    0.9805800      47.66
   1242.94775    0.9807100      47.67
   1242.94946    0.9811100      47.68
   1242.95129    0.9815500      47.71
   1242.95312    0.9817100      47.71
   1242.95483    0.9816700      47.71
   1242.95667    0.9817000      47.71
   1242.95850    0.9818700      47.72
   1242.96021    0.9819900      47.73
   1242.96204    0.9819200      47.72
   1242.96375    0.9816700      47.71
   1242.96558    0.9812900      47.69
   1242.96741    0.9808300      47.67
   1242.96912    0.9803900      47.65
   1242.97095    0.9801000      47.63
   1242.97266    0.9799300      47.63
   1242.97449    0.9797900      47.62
   1242.97632    0.9796700      47.61
   1242.97803    0.9797200      47.61
   1242.97986    0.9798800      47.62
   1242.98157    0.9797900      47.62
   1242.98340    0.9792000      47.59
   1242.98523    0.9784500      47.55
   1242.98694    0.9782600      47.54
   1242.98877    0.9789200      47.57
   1242.99060    0.9798400      47.62
   1242.99231    0.9802400      47.64
   1242.99414    0.9800200      47.63
   1242.99585    0.9798000      47.62
   1242.99768    0.9800300      47.63
   1242.99951    0.9805700      47.65
   1243.00122    0.9809900      47.67
   1243.00305    0.9812100      47.69
   1243.00476    0.9815200      47.70
   1243.00659    0.9820700      47.73
   1243.00842    0.9826400      47.75
   1243.01013    0.9829400      47.77
   1243.01196    0.9830100      47.77
   1243.01379    0.9831500      47.78
   1243.01550    0.9835300      47.80
   1243.01733    0.9839500      47.82
   1243.01904    0.9841700      47.83
   1243.02087    0.9841400      47.83
   1243.02271    0.9840600      47.82
   1243.02441    0.9841500      47.83
   1243.02625    0.9844000      47.84
   1243.02795    0.9846100      47.85
   1243.02979    0.9845900      47.85
   1243.03162    0.9843500      47.84
   1243.03333    0.9841000      47.82
   1243.03516    0.9840500      47.82
   1243.03699    0.9842400      47.83
   1243.03870    0.9844700      47.84
   1243.04053    0.9844900      47.84
   1243.04224    0.9842200      47.83
   1243.04407    0.9839200      47.81
   1243.04590    0.9838300      47.81
   1243.04761    0.9839300      47.81
   1243.04944    0.9839600      47.81
   1243.05115    0.9838200      47.81
   1243.05298    0.9837000      47.80
   1243.05481    0.9837100      47.80
   1243.05652    0.9836100      47.80
   1243.05835    0.9831000      47.77
   1243.06018    0.9823400      47.74
   1243.06189    0.9817700      47.71
   1243.06372    0.9815700      47.70
   1243.06543    0.9814700      47.69
   1243.06726    0.9812200      47.68
   1243.06909    0.9810000      47.67
   1243.07080    0.9810600      47.67
   1243.07263    0.9813300      47.69
   1243.07434    0.9816000      47.70
   1243.07617    0.9819400      47.71
   1243.07800    0.9826000      47.75
   1243.07971    0.9834300      47.79
   1243.08154    0.9839600      47.81
   1243.08337    0.9839800      47.81
   1243.08508    0.9838400      47.81
   1243.08691    0.9838700      47.81
   1243.08862    0.9839400      47.81
   1243.09045    0.9838000      47.80
   1243.09229    0.9837100      47.80
   1243.09399    0.9840800      47.82
   1243.09583    0.9846300      47.84
   1243.09753    0.9845400      47.84
   1243.09937    0.9836000      47.79
   1243.10120    0.9826900      47.75
   1243.10291    0.9828400      47.76
   1243.10474    0.9838500      47.81
   1243.10657    0.9845700      47.84
   1243.10828    0.9843200      47.83
   1243.11011    0.9836300      47.79
   1243.11182    0.9834100      47.78
   1243.11365    0.9838800      47.81
   1243.11548    0.9845200      47.84
   1243.11719    0.9848900      47.85
   1243.11902    0.9850700      47.86
   1243.12073    0.9852300      47.87
   1243.12256    0.9852200      47.87
   1243.12439    0.9848800      47.85
   1243.12610    0.9843400      47.83
   1243.12793    0.9838900      47.81
   1243.12976    0.9835000      47.79
   1243.13147    0.9829300      47.76
   1243.13330    0.9822600      47.73
   1243.13501    0.9819500      47.71
   1243.13684    0.9822500      47.72
   1243.13867    0.9826900      47.75
   1243.14038    0.9826300      47.74
   1243.14221    0.9821100      47.72
   1243.14392    0.9818100      47.70
   1243.14575    0.9820800      47.72
   1243.14758    0.9824700      47.73
   1243.14929    0.9824500      47.73
   1243.15112    0.9822100      47.72
   1243.15295    0.9823900      47.73
   1243.15466    0.9830700      47.76
   1243.15649    0.9836000      47.79
   1243.15820    0.9834800      47.78
   1243.16003    0.9829500      47.76
   1243.16187    0.9825400      47.74
   1243.16357    0.9823400      47.73
   1243.16541    0.9820300      47.71
   1243.16711    0.9815700      47.69
   1243.16895    0.9812600      47.67
   1243.17078    0.9812500      47.67
   1243.17249    0.9812700      47.67
   1243.17432    0.9810100      47.66
   1243.17615    0.9804600      47.63
   1243.17786    0.9798200      47.60
   1243.17969    0.9791300      47.57
   1243.18140    0.9783100      47.53
   1243.18323    0.9772500      47.48
   1243.18506    0.9759300      47.41
   1243.18677    0.9743500      47.34
   1243.18860    0.9726100      47.25
   1243.19043    0.9709100      47.17
   1243.19214    0.9694400      47.10
   1243.19397    0.9681700      47.04
   1243.19568    0.9668700      46.97
   1243.19751    0.9653800      46.90
   1243.19934    0.9636500      46.82
   1243.20105    0.9616400      46.72
   1243.20288    0.9591200      46.60
   1243.20459    0.9557700      46.43
   1243.20642    0.9511900      46.21
   1243.20825    0.9449700      45.91
   1243.20996    0.9367500      45.51
   1243.21179    0.9263600      45.00
   1243.21362    0.9138100      44.39
   1243.21533    0.8991900      43.68
   1243.21716    0.8826700      42.88
   1243.21887    0.8648300      42.01
   1243.22070    0.8467600      41.14
   1243.22253    0.8300000      40.32
   1243.22424    0.8162000      39.65
   1243.22607    0.8068800      39.20
   1243.22778    0.8030800      39.01
   1243.22961    0.8051000      39.11
   1243.23145    0.8124000      39.47
   1243.23315    0.8239800      40.03
   1243.23499    0.8386700      40.74
   1243.23682    0.8550700      41.54
   1243.23853    0.8716800      42.35
   1243.24036    0.8872500      43.10
   1243.24207    0.9012500      43.78
   1243.24390    0.9136900      44.39
   1243.24573    0.9245400      44.91
   1243.24744    0.9335900      45.35
   1243.24927    0.9408700      45.71
   1243.25110    0.9468100      45.99
   1243.25281    0.9518300      46.24
   1243.25464    0.9560300      46.44
   1243.25635    0.9593600      46.60
   1243.25818    0.9619500      46.73
   1243.26001    0.9639800      46.83
   1243.26172    0.9653300      46.89
   1243.26355    0.9658000      46.92
   1243.26538    0.9655500      46.90
   1243.26709    0.9649700      46.87
   1243.26892    0.9641700      46.84
   1243.27063    0.9629200      46.77
   1243.27246    0.9611900      46.69
   1243.27429    0.9593000      46.60
   1243.27600    0.9574400      46.51
   1243.27783    0.9554400      46.41
   1243.27954    0.9532800      46.31
   1243.28137    0.9515000      46.22
   1243.28320    0.9507200      46.18
   1243.28491    0.9508900      46.19
   1243.28674    0.9514500      46.22
   1243.28857    0.9520900      46.25
   1243.29028    0.9529500      46.29
   1243.29211    0.9541100      46.35
   1243.29382    0.9553000      46.40
   1243.29565    0.9562200      46.45
   1243.29749    0.9567900      46.47
   1243.29919    0.9568900      46.48
   1243.30103    0.9562300      46.45
   1243.30286    0.9547900      46.38
   1243.30457    0.9530500      46.29
   1243.30640    0.9513400      46.21
   1243.30811    0.9491600      46.10
   1243.30994    0.9455900      45.93
   1243.31177    0.9403600      45.68
   1243.31348    0.9340300      45.37
   1243.31531    0.9270300      45.03
   1243.31702    0.9190600      44.64
   1243.31885    0.9096200      44.18
   1243.32068    0.8986200      43.65
   1243.32239    0.8861900      43.04
   1243.32422    0.8722200      42.37
   1243.32605    0.8565200      41.60
   1243.32776    0.8394200      40.77
   1243.32959    0.8216000      39.91
   1243.33130    0.8033500      39.02
   1243.33313    0.7843900      38.10
   1243.33496    0.7647400      37.14
   1243.33667    0.7453700      36.20
   1243.33850    0.7276700      35.34
   1243.34033    0.7126000      34.61
   1243.34204    0.7006300      34.03
   1243.34387    0.6924600      33.63
   1243.34558    0.6891500      33.47
   1243.34741    0.6913500      33.58
   1243.34924    0.6987400      33.94
   1243.35095    0.7104800      34.51
   1243.35278    0.7259500      35.26
   1243.35461    0.7446700      36.17
   1243.35632    0.7657300      37.19
   1243.35815    0.7876700      38.26
   1243.35986    0.8092400      39.30
   1243.36169    0.8298100      40.30
   1243.36353    0.8490200      41.24
   1243.36523    0.8663200      42.08
   1243.36707    0.8812500      42.80
   1243.36890    0.8940000      43.42
   1243.37061    0.9050700      43.96
   1243.37244    0.9145900      44.42
   1243.37415    0.9221600      44.79
   1243.37598    0.9276500      45.05
   1243.37781    0.9316300      45.25
   1243.37952    0.9347100      45.40
   1243.38135    0.9367900      45.50
   1243.38318    0.9374100      45.53
   1243.38489    0.9366600      45.49
   1243.38672    0.9351700      45.42
   1243.38843    0.9334100      45.33
   1243.39026    0.9313700      45.23
   1243.39209    0.9291900      45.13
   1243.39380    0.9274500      45.04
   1243.39563    0.9266900      45.01
   1243.39734    0.9267900      45.01
   1243.39917    0.9275100      45.04
   1243.40100    0.9291700      45.13
   1243.40271    0.9322700      45.28
   1243.40454    0.9365700      45.48
   1243.40637    0.9410300      45.70
   1243.40808    0.9448500      45.89
   1243.40991    0.9482100      46.05
   1243.41162    0.9517200      46.22
   1243.41345    0.9554200      46.40
   1243.41528    0.9588000      46.56
   1243.41699    0.9615800      46.70
   1243.41882    0.9640400      46.82
   1243.42065    0.9664400      46.93
   1243.42236    0.9686000      47.04
   1243.42419    0.9701100      47.11
   1243.42590    0.9709300      47.15
   1243.42773    0.9712900      47.17
   1243.42957    0.9713900      47.17
   1243.43127    0.9711800      47.16
   1243.43311    0.9706300      47.14
   1243.43494    0.9700100      47.11
   1243.43665    0.9696100      47.09
   1243.43848    0.9694000      47.08
   1243.44019    0.9690700      47.06
   1243.44202    0.9685000      47.03
   1243.44385    0.9679800      47.01
   1243.44556    0.9678700      47.00
   1243.44739    0.9680800      47.01
   1243.44922    0.9682500      47.02
   1243.45093    0.9683300      47.02
   1243.45276    0.9687700      47.04
   1243.45447    0.9698600      47.10
   1243.45630    0.9712400      47.16
   1243.45813    0.9722900      47.21
   1243.45984    0.9729500      47.25
   1243.46167    0.9738200      47.29
   1243.46350    0.9752300      47.36
   1243.46521    0.9767400      47.43
   1243.46704    0.9776600      47.47
   1243.46875    0.9779000      47.49
   1243.47058    0.9780000      47.49
   1243.47241    0.9784100      47.51
   1243.47412    0.9790400      47.54
   1243.47595    0.9795900      47.57
   1243.47778    0.9799200      47.58
   1243.47949    0.9800600      47.59
   1243.48132    0.9800300      47.59
   1243.48303    0.9798300      47.58
   1243.48486    0.9795600      47.57
   1243.48669    0.9792600      47.55
   1243.48840    0.9788000      47.53
   1243.49023    0.9780900      47.49
   1243.49207    0.9774500      47.46
   1243.49377    0.9773500      47.46
   1243.49561    0.9777900      47.48
   1243.49731    0.9781900      47.50
   1243.49915    0.9780700      47.49
   1243.50098    0.9776000      47.47
   1243.50269    0.9773100      47.46
   1243.50452    0.9773200      47.46
   1243.50635    0.9773100      47.45
   1243.50806    0.9770900      47.44
   1243.50989    0.9768900      47.43
   1243.51160    0.9768200      47.43
   1243.51343    0.9765200      47.42
   1243.51526    0.9756100      47.37
   1243.51697    0.9742800      47.31
   1243.51880    0.9730300      47.25
   1243.52063    0.9719500      47.19
   1243.52234    0.9706200      47.13
   1243.52417    0.9688000      47.04
   1243.52588    0.9668200      46.94
   1243.52771    0.9650100      46.86
   1243.52954    0.9631600      46.77
   1243.53125    0.9608200      46.65
   1243.53308    0.9580300      46.52
   1243.53491    0.9552900      46.38
   1243.53662    0.9530400      46.27
   1243.53845    0.9513900      46.19
   1243.54016    0.9503200      46.14
   1243.54199    0.9499200      46.12
   1243.54382    0.9502700      46.14
   1243.54553    0.9513000      46.19
   1243.54736    0.9529300      46.27
   1243.54919    0.9550900      46.37
   1243.55090    0.9576400      46.50
   1243.55273    0.9603800      46.63
   1243.55444    0.9631000      46.76
   1243.55627    0.9656600      46.89
   1243.55811    0.9679200      46.99
   1243.55981    0.9697400      47.08
   1243.56165    0.9712300      47.16
   1243.56348    0.9726200      47.22
   1243.56519    0.9739600      47.29
   1243.56702    0.9749900      47.34
   1243.56873    0.9755000      47.36
   1243.57056    0.9757300      47.37
   1243.57239    0.9760900      47.39
   1243.57410    0.9767000      47.42
   1243.57593    0.9772700      47.45
   1243.57776    0.9773800      47.45
   1243.57947    0.9768200      47.43
   1243.58130    0.9758400      47.38
   1243.58313    0.9751200      47.34
   1243.58484    0.9751000      47.34
   1243.58667    0.9751100      47.34
   1243.58838    0.9737500      47.28
   1243.59021    0.9706200      47.12
   1243.59204    0.9675100      46.97
   1243.59375    0.9670300      46.95
   1243.59558    0.9698600      47.09
   1243.59741    0.9740600      47.29
   1243.59912    0.9771700      47.44
   1243.60095    0.9784300      47.50
   1243.60266    0.9786600      47.51
   1243.60449    0.9786600      47.51
   1243.60632    0.9786200      47.51
   1243.60803    0.9786600      47.51
   1243.60986    0.9790200      47.53
   1243.61169    0.9795500      47.56
   1243.61340    0.9797500      47.56
   1243.61523    0.9794200      47.55
   1243.61694    0.9789800      47.53
   1243.61877    0.9787700      47.52
   1243.62061    0.9786200      47.51
   1243.62231    0.9782200      47.49
   1243.62415    0.9775800      47.46
   1243.62598    0.9768100      47.42
   1243.62769    0.9758500      47.37
   1243.62952    0.9746400      47.32
   1243.63123    0.9734700      47.26
   1243.63306    0.9724500      47.21
   1243.63489    0.9711500      47.15
   1243.63660    0.9690800      47.04
   1243.63843    0.9665000      46.92
   1243.64026    0.9641200      46.80
   1243.64197    0.9621100      46.71
   1243.64380    0.9599800      46.60
   1243.64551    0.9575900      46.49
   1243.64734    0.9556700      46.39
   1243.64917    0.9550300      46.36
   1243.65088    0.9556800      46.39
   1243.65271    0.9570200      46.46
   1243.65454    0.9586900      46.54
   1243.65625    0.9606600      46.63
   1243.65808    0.9627700      46.74
   1243.65991    0.9647100      46.83
   1243.66162    0.9664800      46.92
   1243.66345    0.9683400      47.01
   1243.66516    0.9703500      47.10
   1243.66699    0.9721000      47.19
   1243.66882    0.9733100      47.25
   1243.67053    0.9742400      47.29
   1243.67236    0.9752900      47.34
   1243.67419    0.9764200      47.40
   1243.67590    0.9772600      47.44
   1243.67773    0.9777600      47.46
   1243.67944    0.9782100      47.48
   1243.68127    0.9788000      47.51
   1243.68311    0.9793300      47.54
   1243.68481    0.9796000      47.55
   1243.68665    0.9797200      47.56
   1243.68848    0.9798900      47.57
   1243.69019    0.9800100      47.57
   1243.69202    0.9798800      47.56
   1243.69373    0.9796300      47.55
   1243.69556    0.9796300      47.55
   1243.69739    0.9799000      47.57
   1243.69910    0.9800100      47.57
   1243.70093    0.9796300      47.55
   1243.70276    0.9790500      47.52
   1243.70447    0.9787200      47.51
   1243.70630    0.9786300      47.50
   1243.70813    0.9783400      47.49
   1243.70984    0.9777300      47.46
   1243.71167    0.9771800      47.43
   1243.71338    0.9770400      47.42
   1243.71521    0.9770200      47.42
   1243.71704    0.9765500      47.40
   1243.71875    0.9754500      47.35
   1243.72058    0.9740300      47.28
   1243.72241    0.9726100      47.21
   1243.72412    0.9710400      47.13
   1243.72595    0.9690300      47.04
   1243.72766    0.9664500      46.91
   1243.72949    0.9635200      46.77
   1243.73132    0.9605100      46.62
   1243.73303    0.9575800      46.48
   1243.73486    0.9547300      46.34
   1243.73669    0.9519000      46.20
   1243.73840    0.9492300      46.07
   1243.74023    0.9470900      45.97
   1243.74194    0.9459300      45.91
   1243.74377    0.9458700      45.91
   1243.74561    0.9466600      45.95
   1243.74731    0.9479800      46.01
   1243.74915    0.9497100      46.10
   1243.75098    0.9517300      46.19
   1243.75269    0.9537000      46.29
   1243.75452    0.9551500      46.36
   1243.75635    0.9558000      46.39
   1243.75806    0.9555600      46.38
   1243.75989    0.9545300      46.33
   1243.76160    0.9528500      46.25
   1243.76343    0.9507900      46.15
   1243.76526    0.9485100      46.04
   1243.76697    0.9459500      45.91
   1243.76880    0.9430700      45.77
   1243.77063    0.9404100      45.64
   1243.77234    0.9388500      45.57
   1243.77417    0.9388600      45.57
   1243.77588    0.9400300      45.62
   1243.77771    0.9416700      45.70
   1243.77954    0.9437700      45.80
   1243.78125    0.9468200      45.95
   1243.78308    0.9509000      46.15
   1243.78491    0.9551700      46.36
   1243.78662    0.9585900      46.52
   1243.78845    0.9609600      46.64
   1243.79028    0.9628600      46.73
   1243.79199    0.9648700      46.83
   1243.79382    0.9670600      46.93
   1243.79553    0.9691900      47.04
   1243.79736    0.9710700      47.13
   1243.79919    0.9725800      47.20
   1243.80090    0.9736300      47.25
   1243.80273    0.9743200      47.29
   1243.80457    0.9750000      47.32
   1243.80627    0.9759200      47.36
   1243.80811    0.9769100      47.41
   1243.80994    0.9776100      47.44
   1243.81165    0.9778600      47.46
   1243.81348    0.9779000      47.46
   1243.81519    0.9779500      47.46
   1243.81702    0.9780500      47.47
   1243.81885    0.9781700      47.47
   1243.82056    0.9783600      47.48
   1243.82239    0.9786700      47.50
   1243.82422    0.9789900      47.51
   1243.82593    0.9792300      47.52
   1243.82776    0.9794300      47.53
   1243.82947    0.9796300      47.54
   1243.83130    0.9798000      47.55
   1243.83313    0.9799300      47.56
   1243.83484    0.9801300      47.57
   1243.83667    0.9804000      47.58
   1243.83850    0.9804900      47.58
   1243.84021    0.9802900      47.57
   1243.84204    0.9801400      47.57
   1243.84387    0.9804100      47.58
   1243.84558    0.9809500      47.60
   1243.84741    0.9812900      47.62
   1243.84912    0.9813900      47.63
   1243.85095    0.9817300      47.64
   1243.85278    0.9824700      47.68
   1243.85449    0.9829400      47.70
   1243.85632    0.9825800      47.68
   1243.85815    0.9818500      47.65
   1243.85986    0.9817700      47.64
   1243.86169    0.9825600      47.68
   1243.86353    0.9834200      47.72
   1243.86523    0.9836400      47.73
   1243.86707    0.9834000      47.72
   1243.86877    0.9833200      47.72
   1243.87061    0.9835800      47.73
   1243.87244    0.9839400      47.75
   1243.87415    0.9842500      47.76
   1243.87598    0.9844500      47.77
   1243.87781    0.9844200      47.77
   1243.87952    0.9840200      47.75
   1243.88135    0.9834700      47.72
   1243.88306    0.9831800      47.71
   1243.88489    0.9832200      47.71
   1243.88672    0.9833000      47.71
   1243.88843    0.9832200      47.71
   1243.89026    0.9831300      47.71
   1243.89209    0.9831800      47.71
   1243.89380    0.9831200      47.71
   1243.89563    0.9826800      47.68
   1243.89746    0.9820700      47.65
   1243.89917    0.9818600      47.64
   1243.90100    0.9822200      47.66
   1243.90271    0.9826700      47.68
   1243.90454    0.9826200      47.68
   1243.90637    0.9820400      47.65
   1243.90808    0.9813200      47.62
   1243.90991    0.9805200      47.58
   1243.91174    0.9793000      47.52
   1243.91345    0.9773900      47.43
   1243.91528    0.9750600      47.31
   1243.91711    0.9726800      47.20
   1243.91882    0.9702200      47.08
   1243.92065    0.9674400      46.94
   1243.92236    0.9644900      46.80
   1243.92419    0.9618700      46.67
   1243.92603    0.9599000      46.58
   1243.92773    0.9584300      46.50
   1243.92957    0.9573500      46.45
   1243.93140    0.9568000      46.43
   1243.93311    0.9570100      46.44
   1243.93494    0.9578100      46.47
   1243.93677    0.9588500      46.52
   1243.93848    0.9599600      46.58
   1243.94031    0.9610600      46.63
   1243.94202    0.9620000      46.68
   1243.94385    0.9626200      46.71
   1243.94568    0.9628500      46.72
   1243.94739    0.9627000      46.71
   1243.94922    0.9622300      46.69
   1243.95105    0.9617700      46.66
   1243.95276    0.9617500      46.66
   1243.95459    0.9621700      46.68
   1243.95642    0.9624800      46.70
   1243.95813    0.9625700      46.70
   1243.95996    0.9632700      46.74
   1243.96167    0.9650700      46.82
   1243.96350    0.9669200      46.91
   1243.96533    0.9673700      46.94
   1243.96704    0.9667500      46.91
   1243.96887    0.9664000      46.89
   1243.97070    0.9653200      46.84
   1243.97241    0.9597600      46.57
   1243.97424    0.9483300      46.01
   1243.97607    0.9362300      45.42
   1243.97778    0.9315700      45.20
   1243.97961    0.9369500      45.46
   1243.98132    0.9465900      45.93
   1243.98315    0.9526000      46.22
   1243.98499    0.9525700      46.22
   1243.98669    0.9494800      46.07
   1243.98853    0.9463300      45.91
   1243.99036    0.9430900      45.76
   1243.99207    0.9388300      45.55
   1243.99390    0.9342000      45.32
   1243.99573    0.9306800      45.15
   1243.99744    0.9288500      45.06
   1243.99927    0.9283000      45.04
   1244.00098    0.9289500      45.07
   1244.00281    0.9310900      45.17
   1244.00464    0.9346600      45.35
   1244.00635    0.9390100      45.56
   1244.00818    0.9435800      45.78
   1244.01001    0.9481600      46.00
   1244.01172    0.9525500      46.21
   1244.01355    0.9564200      46.40
   1244.01538    0.9596300      46.56
   1244.01709    0.9622800      46.68
   1244.01892    0.9645000      46.79
   1244.02063    0.9661800      46.87
   1244.02246    0.9672000      46.92
   1244.02429    0.9676300      46.94
   1244.02600    0.9677300      46.95
   1244.02783    0.9676900      46.95
   1244.02966    0.9676600      46.94
   1244.03137    0.9676700      46.94
   1244.03320    0.9678200      46.95
   1244.03503    0.9683600      46.98
   1244.03674    0.9695300      47.03
   1244.03857    0.9711800      47.11
   1244.04028    0.9726800      47.19
   1244.04211    0.9736100      47.23
   1244.04395    0.9743400      47.27
   1244.04565    0.9755600      47.33
   1244.04749    0.9772700      47.41
   1244.04932    0.9786200      47.47
   1244.05103    0.9789900      47.49
   1244.05286    0.9789000      47.49
   1244.05469    0.9793500      47.51
   1244.05640    0.9806300      47.57
   1244.05823    0.9820000      47.64
   1244.05994    0.9826800      47.67
   1244.06177    0.9826800      47.67
   1244.06360    0.9825400      47.66
   1244.06531    0.9826000      47.67
   1244.06714    0.9827000      47.67
   1244.06897    0.9826400      47.67
   1244.07068    0.9825500      47.66
   1244.07251    0.9827500      47.67
   1244.07434    0.9832400      47.70
   1244.07605    0.9836000      47.71
   1244.07788    0.9834500      47.71
   1244.07971    0.9829800      47.68
   1244.08142    0.9827500      47.67
   1244.08325    0.9830600      47.69
   1244.08496    0.9835300      47.71
   1244.08679    0.9836200      47.71
   1244.08862    0.9832900      47.70
   1244.09033    0.9830700      47.69
   1244.09216    0.9833000      47.70
   1244.09399    0.9837500      47.72
   1244.09570    0.9839800      47.73
   1244.09753    0.9839100      47.73
   1244.09937    0.9838500      47.72
