   1200.00024    0.9856000      51.60
   1200.00195    0.9848200      51.56
   1200.00354    0.9840300      51.51
   1200.00525    0.9832600      51.47
   1200.00696    0.9825000      51.43
   1200.00854    0.9818100      51.40
   1200.01025    0.9812800      51.37
   1200.01196    0.9810100      51.36
   1200.01355    0.9810500      51.36
   1200.01526    0.9813500      51.37
   1200.01685    0.9817400      51.39
   1200.01855    0.9820600      51.41
   1200.02026    0.9823800      51.43
   1200.02185    0.9829300      51.46
   1200.02356    0.9837900      51.50
   1200.02515    0.9847000      51.55
   1200.02686    0.9853400      51.58
   1200.02856    0.9857000      51.60
   1200.03015    0.9860000      51.62
   1200.03186    0.9863300      51.63
   1200.03357    0.9864800      51.64
   1200.03516    0.9862500      51.63
   1200.03687    0.9857500      51.60
   1200.03845    0.9852900      51.58
   1200.04016    0.9851500      51.57
   1200.04187    0.9853300      51.58
   1200.04346    0.9857000      51.60
   1200.04517    0.9861100      51.62
   1200.04688    0.9864700      51.64
   1200.04846    0.9866900      51.65
   1200.05017    0.9866800      51.65
   1200.05176    0.9863200      51.63
   1200.05347    0.9856300      51.59
   1200.05518    0.9847400      51.55
   1200.05676    0.9837800      51.50
   1200.05847    0.9827400      51.44
   1200.06018    0.9815900      51.38
   1200.06177    0.9804400      51.32
   1200.06348    0.9795600      51.28
   1200.06506    0.9791900      51.26
   1200.06677    0.9793400      51.26
   1200.06848    0.9798200      51.29
   1200.07007    0.9803900      51.32
   1200.07178    0.9807600      51.34
   1200.07336    0.9807200      51.34
   1200.07507    0.9802300      51.31
   1200.07678    0.9794600      51.27
   1200.07837    0.9785600      51.22
   1200.08008    0.9775700      51.17
   1200.08179    0.9765100      51.11
   1200.08337    0.9754900      51.06
   1200.08508    0.9745100      51.01
   1200.08667    0.9733100      50.95
   1200.08838    0.9716500      50.86
   1200.09009    0.9696000      50.75
   1200.09167    0.9675100      50.64
   1200.09338    0.9654600      50.53
   1200.09509    0.9632800      50.42
   1200.09668    0.9609400      50.30
   1200.09839    0.9588300      50.19
   1200.09998    0.9572700      50.11
   1200.10168    0.9560400      50.04
   1200.10339    0.9546600      49.97
   1200.10498    0.9529300      49.88
   1200.10669    0.9509500      49.77
   1200.10840    0.9486000      49.65
   1200.10999    0.9455100      49.49
   1200.11169    0.9415400      49.28
   1200.11328    0.9368400      49.03
   1200.11499    0.9313000      48.74
   1200.11670    0.9242100      48.37
   1200.11829    0.9148200      47.88
   1200.12000    0.9030000      47.26
   1200.12170    0.8889100      46.53
   1200.12329    0.8722500      45.65
   1200.12500    0.8522300      44.61
   1200.12659    0.8282100      43.35
   1200.12830    0.8001800      41.88
   1200.13000    0.7688500      40.24
   1200.13159    0.7360400      38.52
   1200.13330    0.7055300      36.93
   1200.13501    0.6830500      35.75
   1200.13660    0.6740400      35.28
   1200.13831    0.6808000      35.63
   1200.13989    0.7012200      36.70
   1200.14160    0.7302200      38.22
   1200.14331    0.7623000      39.90
   1200.14490    0.7934200      41.53
   1200.14661    0.8214300      42.99
   1200.14832    0.8457700      44.27
   1200.14990    0.8667700      45.36
   1200.15161    0.8849200      46.31
   1200.15320    0.9004200      47.13
   1200.15491    0.9132600      47.80
   1200.15662    0.9236700      48.34
   1200.15820    0.9321300      48.78
   1200.15991    0.9392000      49.15
   1200.16150    0.9452300      49.47
   1200.16321    0.9505000      49.75
   1200.16492    0.9552100      49.99
   1200.16650    0.9593800      50.21
   1200.16821    0.9629000      50.39
   1200.16992    0.9657500      50.54
   1200.17151    0.9681800      50.67
   1200.17322    0.9704500      50.79
   1200.17480    0.9725100      50.90
   1200.17651    0.9741900      50.98
   1200.17822    0.9755600      51.06
   1200.17981    0.9769600      51.13
   1200.18152    0.9784700      51.21
   1200.18323    0.9798000      51.28
   1200.18481    0.9807400      51.33
   1200.18652    0.9814900      51.37
   1200.18811    0.9823800      51.41
   1200.18982    0.9834000      51.46
   1200.19153    0.9842300      51.51
   1200.19312    0.9848000      51.54
   1200.19482    0.9852900      51.56
   1200.19653    0.9858300      51.59
   1200.19812    0.9863400      51.62
   1200.19983    0.9867900      51.64
   1200.20142    0.9873000      51.67
   1200.20312    0.9879400      51.70
   1200.20483    0.9884900      51.73
   1200.20642    0.9888600      51.75
   1200.20813    0.9892000      51.77
   1200.20984    0.9896300      51.79
   1200.21143    0.9899200      51.80
   1200.21313    0.9898400      51.80
   1200.21472    0.9896500      51.79
   1200.21643    0.9898300      51.80
   1200.21814    0.9904300      51.83
   1200.21973    0.9909600      51.86
   1200.22144    0.9910800      51.86
   1200.22314    0.9910100      51.86
   1200.22473    0.9910400      51.86
   1200.22644    0.9911100      51.87
   1200.22803    0.9910100      51.86
   1200.22974    0.9907900      51.85
   1200.23145    0.9906300      51.84
   1200.23303    0.9904500      51.83
   1200.23474    0.9900300      51.81
   1200.23645    0.9894400      51.78
   1200.23804    0.9890700      51.76
   1200.23975    0.9890800      51.76
   1200.24133    0.9892600      51.77
   1200.24304    0.9894100      51.77
   1200.24475    0.9895600      51.78
   1200.24634    0.9897800      51.79
   1200.24805    0.9899300      51.80
   1200.24976    0.9898900      51.80
   1200.25134    0.9897900      51.79
   1200.25305    0.9898600      51.80
   1200.25464    0.9901100      51.81
   1200.25635    0.9904200      51.83
   1200.25806    0.9907700      51.84
   1200.25964    0.9912000      51.87
   1200.26135    0.9915900      51.89
   1200.26306    0.9917700      51.90
   1200.26465    0.9917800      51.90
   1200.26636    0.9919400      51.90
   1200.26794    0.9924100      51.93
   1200.26965    0.9929400      51.96
   1200.27136    0.9931400      51.97
   1200.27295    0.9929100      51.96
   1200.27466    0.9925100      51.93
   1200.27637    0.9921600      51.92
   1200.27795    0.9918200      51.90
   1200.27966    0.9914200      51.88
   1200.28125    0.9910500      51.86
   1200.28296    0.9909300      51.85
   1200.28467    0.9910900      51.86
   1200.28625    0.9913200      51.87
   1200.28796    0.9915200      51.88
   1200.28967    0.9918000      51.90
   1200.29126    0.9922900      51.92
   1200.29297    0.9928400      51.95
   1200.29468    0.9931900      51.97
   1200.29626    0.9933900      51.98
   1200.29797    0.9937600      52.00
   1200.29956    0.9943500      52.03
   1200.30127    0.9947600      52.05
   1200.30298    0.9946600      52.04
   1200.30457    0.9943400      52.03
   1200.30627    0.9943000      52.02
   1200.30798    0.9945300      52.04
   1200.30957    0.9945300      52.04
   1200.31128    0.9941200      52.01
   1200.31287    0.9936600      51.99
   1200.31458    0.9934100      51.98
   1200.31628    0.9930700      51.96
   1200.31787    0.9923500      51.92
   1200.31958    0.9916200      51.88
   1200.32129    0.9914200      51.87
   1200.32288    0.9916700      51.89
   1200.32458    0.9917200      51.89
   1200.32617    0.9913100      51.87
   1200.32788    0.9909200      51.85
   1200.32959    0.9908900      51.84
   1200.33118    0.9908800      51.84
   1200.33289    0.9904500      51.82
   1200.33459    0.9898000      51.79
   1200.33618    0.9894500      51.77
   1200.33789    0.9894100      51.77
   1200.33948    0.9891000      51.75
   1200.34119    0.9882100      51.70
   1200.34290    0.9871200      51.65
   1200.34448    0.9863200      51.60
   1200.34619    0.9858600      51.58
   1200.34790    0.9855500      51.56
   1200.34949    0.9853700      51.55
   1200.35120    0.9855000      51.56
   1200.35278    0.9859100      51.58
   1200.35449    0.9864000      51.61
   1200.35620    0.9868300      51.63
   1200.35779    0.9872800      51.65
   1200.35950    0.9878300      51.68
   1200.36121    0.9884200      51.71
   1200.36279    0.9889600      51.74
   1200.36450    0.9894100      51.76
   1200.36609    0.9898600      51.79
   1200.36780    0.9903400      51.81
   1200.36951    0.9907600      51.83
   1200.37109    0.9908200      51.84
   1200.37280    0.9902800      51.81
   1200.37451    0.9893500      51.76
   1200.37610    0.9886400      51.72
   1200.37781    0.9885700      51.72
   1200.37952    0.9888600      51.73
   1200.38110    0.9888600      51.73
   1200.38281    0.9883400      51.71
   1200.38440    0.9876700      51.67
   1200.38611    0.9872100      51.65
   1200.38782    0.9868300      51.63
   1200.38940    0.9862400      51.60
   1200.39111    0.9855200      51.56
   1200.39282    0.9849600      51.53
   1200.39441    0.9844800      51.50
   1200.39612    0.9837900      51.47
   1200.39771    0.9828600      51.42
   1200.39941    0.9820100      51.37
   1200.40112    0.9813000      51.34
   1200.40271    0.9801800      51.28
   1200.40442    0.9779900      51.16
   1200.40613    0.9745500      50.98
   1200.40771    0.9701200      50.75
   1200.40942    0.9649000      50.48
   1200.41101    0.9589000      50.16
   1200.41272    0.9522800      49.82
   1200.41443    0.9454200      49.46
   1200.41602    0.9388300      49.11
   1200.41772    0.9329800      48.81
   1200.41943    0.9282400      48.56
   1200.42102    0.9248600      48.38
   1200.42273    0.9228700      48.28
   1200.42444    0.9221400      48.24
   1200.42603    0.9223800      48.25
   1200.42773    0.9230500      48.29
   1200.42932    0.9233500      48.30
   1200.43103    0.9225300      48.26
   1200.43274    0.9203400      48.14
   1200.43433    0.9169300      47.97
   1200.43604    0.9125000      47.73
   1200.43774    0.9075300      47.47
   1200.43933    0.9032700      47.25
   1200.44104    0.9016000      47.16
   1200.44263    0.9038700      47.28
   1200.44434    0.9097800      47.59
   1200.44604    0.9177300      48.01
   1200.44763    0.9259700      48.44
   1200.44934    0.9334700      48.83
   1200.45105    0.9398400      49.16
   1200.45264    0.9450600      49.44
   1200.45435    0.9493200      49.66
   1200.45593    0.9527700      49.84
   1200.45764    0.9553100      49.97
   1200.45935    0.9568900      50.05
   1200.46094    0.9578000      50.10
   1200.46265    0.9585200      50.14
   1200.46436    0.9590300      50.17
   1200.46594    0.9588700      50.16
   1200.46765    0.9580000      50.11
   1200.46936    0.9570300      50.06
   1200.47095    0.9564100      50.03
   1200.47266    0.9557000      49.99
   1200.47424    0.9542900      49.92
   1200.47595    0.9524800      49.82
   1200.47766    0.9510500      49.75
   1200.47925    0.9500300      49.69
   1200.48096    0.9485000      49.61
   1200.48267    0.9459100      49.48
   1200.48425    0.9427800      49.31
   1200.48596    0.9396700      49.15
   1200.48755    0.9361700      48.97
   1200.48926    0.9315300      48.72
   1200.49097    0.9258400      48.43
   1200.49255    0.9199900      48.12
   1200.49426    0.9142800      47.82
   1200.49597    0.9079300      47.49
   1200.49756    0.9000200      47.08
   1200.49927    0.8903500      46.57
   1200.50098    0.8791500      45.98
   1200.50256    0.8663900      45.32
   1200.50427    0.8516600      44.55
   1200.50586    0.8345900      43.65
   1200.50757    0.8149100      42.62
   1200.50928    0.7920800      41.43
   1200.51086    0.7652900      40.03
   1200.51257    0.7337100      38.38
   1200.51428    0.6967400      36.44
   1200.51587    0.6542300      34.22
   1200.51758    0.6065400      31.72
   1200.51917    0.5546600      29.01
   1200.52087    0.5003700      26.17
   1200.52258    0.4468700      23.37
   1200.52417    0.3994500      20.89
   1200.52588    0.3648800      19.08
   1200.52759    0.3487100      18.24
   1200.52917    0.3525000      18.44
   1200.53088    0.3732300      19.52
   1200.53259    0.4050900      21.19
   1200.53418    0.4420700      23.12
   1200.53589    0.4794200      25.07
   1200.53748    0.5142800      26.90
   1200.53918    0.5457300      28.54
   1200.54089    0.5742400      30.03
   1200.54248    0.6005000      31.41
   1200.54419    0.6248700      32.68
   1200.54590    0.6475700      33.87
   1200.54749    0.6691000      34.99
   1200.54919    0.6898200      36.08
   1200.55078    0.7094900      37.11
   1200.55249    0.7277400      38.06
   1200.55420    0.7448400      38.96
   1200.55579    0.7616700      39.84
   1200.55750    0.7787900      40.73
   1200.55920    0.7960700      41.63
   1200.56079    0.8132300      42.53
   1200.56250    0.8302900      43.42
   1200.56421    0.8472800      44.31
   1200.56580    0.8637900      45.18
   1200.56750    0.8791800      45.98
   1200.56909    0.8931400      46.71
   1200.57080    0.9056500      47.36
   1200.57251    0.9166500      47.94
   1200.57410    0.9260600      48.43
   1200.57581    0.9340200      48.85
   1200.57751    0.9408600      49.21
   1200.57910    0.9467600      49.51
   1200.58081    0.9517300      49.77
   1200.58240    0.9558500      49.99
   1200.58411    0.9593200      50.17
   1200.58582    0.9623100      50.33
   1200.58740    0.9648500      50.46
   1200.58911    0.9670400      50.57
   1200.59082    0.9690700      50.68
   1200.59241    0.9710900      50.78
   1200.59412    0.9730800      50.89
   1200.59583    0.9749300      50.99
   1200.59741    0.9764300      51.06
   1200.59912    0.9774400      51.12
   1200.60071    0.9779400      51.14
   1200.60242    0.9782100      51.16
   1200.60413    0.9785800      51.18
   1200.60571    0.9791000      51.20
   1200.60742    0.9795300      51.22
   1200.60913    0.9797400      51.24
   1200.61072    0.9798100      51.24
   1200.61243    0.9797800      51.24
   1200.61414    0.9795300      51.22
   1200.61572    0.9790000      51.20
   1200.61743    0.9782700      51.16
   1200.61902    0.9773600      51.11
   1200.62073    0.9761200      51.05
   1200.62244    0.9745800      50.96
   1200.62402    0.9731700      50.89
   1200.62573    0.9723100      50.85
   1200.62744    0.9720000      50.83
   1200.62903    0.9720400      50.83
   1200.63074    0.9725800      50.86
   1200.63245    0.9739200      50.93
   1200.63403    0.9759100      51.03
   1200.63574    0.9780100      51.14
   1200.63733    0.9799300      51.24
   1200.63904    0.9818700      51.34
   1200.64075    0.9838900      51.45
   1200.64233    0.9855800      51.54
   1200.64404    0.9865900      51.59
   1200.64575    0.9871800      51.62
   1200.64734    0.9878000      51.65
   1200.64905    0.9884400      51.69
   1200.65063    0.9888100      51.71
   1200.65234    0.9890000      51.72
   1200.65405    0.9893400      51.73
   1200.65564    0.9897900      51.76
   1200.65735    0.9899400      51.76
   1200.65906    0.9897800      51.76
   1200.66064    0.9898800      51.76
   1200.66235    0.9905900      51.80
   1200.66406    0.9914000      51.84
   1200.66565    0.9915800      51.85
   1200.66736    0.9912300      51.83
   1200.66895    0.9910500      51.82
   1200.67065    0.9913100      51.84
   1200.67236    0.9915600      51.85
   1200.67395    0.9914300      51.84
   1200.67566    0.9911700      51.83
   1200.67737    0.9912400      51.83
   1200.67896    0.9916400      51.85
   1200.68066    0.9919800      51.87
   1200.68237    0.9919900      51.87
   1200.68396    0.9917100      51.85
   1200.68567    0.9912800      51.83
   1200.68726    0.9908500      51.81
   1200.68896    0.9906700      51.80
   1200.69067    0.9908800      51.81
   1200.69226    0.9912400      51.83
   1200.69397    0.9912600      51.83
   1200.69568    0.9906800      51.80
   1200.69727    0.9897800      51.75
   1200.69897    0.9889300      51.71
   1200.70068    0.9882300      51.67
   1200.70227    0.9875800      51.64
   1200.70398    0.9869700      51.61
   1200.70557    0.9864500      51.58
   1200.70728    0.9859100      51.55
   1200.70898    0.9852000      51.51
   1200.71057    0.9844000      51.47
   1200.71228    0.9837000      51.43
   1200.71399    0.9829900      51.40
   1200.71558    0.9819200      51.34
   1200.71729    0.9804500      51.26
   1200.71899    0.9790400      51.19
   1200.72058    0.9780400      51.14
   1200.72229    0.9770800      51.09
   1200.72388    0.9755400      51.01
   1200.72559    0.9733500      50.89
   1200.72729    0.9710800      50.77
   1200.72888    0.9690300      50.66
   1200.73059    0.9668900      50.55
   1200.73230    0.9643600      50.42
   1200.73389    0.9616800      50.28
   1200.73560    0.9593400      50.16
   1200.73730    0.9572200      50.05
   1200.73889    0.9547100      49.92
   1200.74060    0.9515200      49.75
   1200.74219    0.9479600      49.56
   1200.74390    0.9446600      49.39
   1200.74561    0.9421800      49.26
   1200.74719    0.9410800      49.20
   1200.74890    0.9418300      49.24
   1200.75061    0.9442600      49.37
   1200.75220    0.9475200      49.54
   1200.75391    0.9506200      49.70
   1200.75562    0.9531800      49.83
   1200.75720    0.9551600      49.94
   1200.75891    0.9562900      50.00
   1200.76050    0.9560600      49.98
   1200.76221    0.9543400      49.89
   1200.76392    0.9514600      49.74
   1200.76550    0.9474700      49.53
   1200.76721    0.9417300      49.23
   1200.76892    0.9335200      48.80
   1200.77051    0.9234100      48.28
   1200.77222    0.9137600      47.77
   1200.77393    0.9076900      47.45
   1200.77551    0.9073700      47.44
   1200.77722    0.9127900      47.72
   1200.77881    0.9220700      48.21
   1200.78052    0.9327600      48.76
   1200.78223    0.9431000      49.30
   1200.78381    0.9522700      49.78
   1200.78552    0.9599800      50.19
   1200.78723    0.9660800      50.51
   1200.78882    0.9706700      50.75
   1200.79053    0.9742200      50.93
   1200.79224    0.9772300      51.09
   1200.79382    0.9798300      51.22
   1200.79553    0.9819000      51.33
   1200.79712    0.9834200      51.41
   1200.79883    0.9845900      51.47
   1200.80054    0.9856300      51.53
   1200.80212    0.9865700      51.58
   1200.80383    0.9874500      51.62
   1200.80554    0.9882500      51.66
   1200.80713    0.9888100      51.69
   1200.80884    0.9889200      51.70
   1200.81055    0.9887200      51.69
   1200.81213    0.9887000      51.69
   1200.81384    0.9892000      51.71
   1200.81555    0.9899600      51.75
   1200.81714    0.9904600      51.78
   1200.81885    0.9906200      51.79
   1200.82043    0.9908100      51.80
   1200.82214    0.9912800      51.82
   1200.82385    0.9918000      51.85
   1200.82544    0.9921000      51.86
   1200.82715    0.9922300      51.87
   1200.82886    0.9924600      51.88
   1200.83044    0.9927900      51.90
   1200.83215    0.9929900      51.91
   1200.83386    0.9930500      51.91
   1200.83545    0.9931800      51.92
   1200.83716    0.9934100      51.93
   1200.83875    0.9934300      51.93
   1200.84045    0.9929900      51.91
   1200.84216    0.9923400      51.87
   1200.84375    0.9919300      51.85
   1200.84546    0.9918800      51.85
   1200.84717    0.9919100      51.85
   1200.84875    0.9917400      51.84
   1200.85046    0.9913700      51.82
   1200.85217    0.9909500      51.80
   1200.85376    0.9904800      51.78
   1200.85547    0.9899600      51.75
   1200.85706    0.9894900      51.72
   1200.85876    0.9893000      51.71
   1200.86047    0.9895100      51.72
   1200.86206    0.9900200      51.75
   1200.86377    0.9905800      51.78
   1200.86548    0.9910100      51.80
   1200.86707    0.9913400      51.82
   1200.86877    0.9917200      51.84
   1200.87048    0.9922500      51.87
   1200.87207    0.9927800      51.89
   1200.87378    0.9930600      51.91
   1200.87549    0.9930500      51.91
   1200.87708    0.9929900      51.90
   1200.87878    0.9931100      51.91
   1200.88037    0.9933000      51.92
   1200.88208    0.9933300      51.92
   1200.88379    0.9932000      51.91
   1200.88538    0.9931200      51.91
   1200.88708    0.9931900      51.91
   1200.88879    0.9931600      51.91
   1200.89038    0.9928900      51.90
   1200.89209    0.9926100      51.88
   1200.89380    0.9926100      51.88
   1200.89539    0.9928300      51.89
   1200.89709    0.9930200      51.90
   1200.89868    0.9931100      51.91
   1200.90039    0.9932300      51.91
   1200.90210    0.9933300      51.92
   1200.90369    0.9930800      51.91
   1200.90540    0.9924200      51.87
   1200.90710    0.9917500      51.84
   1200.90869    0.9915000      51.82
   1200.91040    0.9915600      51.83
   1200.91211    0.9914700      51.82
   1200.91370    0.9910900      51.80
   1200.91541    0.9907200      51.78
   1200.91711    0.9906500      51.78
   1200.91870    0.9908300      51.79
   1200.92041    0.9909900      51.80
   1200.92200    0.9909400      51.79
   1200.92371    0.9905900      51.77
   1200.92542    0.9899600      51.74
   1200.92700    0.9892100      51.70
   1200.92871    0.9886000      51.67
   1200.93042    0.9881900      51.65
   1200.93201    0.9877900      51.63
   1200.93372    0.9872700      51.60
   1200.93542    0.9868000      51.58
   1200.93701    0.9865400      51.56
   1200.93872    0.9863500      51.55
   1200.94043    0.9859200      51.53
   1200.94202    0.9853200      51.50
   1200.94373    0.9848000      51.47
   1200.94531    0.9843400      51.45
   1200.94702    0.9835900      51.41
   1200.94873    0.9825000      51.35
   1200.95032    0.9815300      51.30
   1200.95203    0.9809400      51.27
   1200.95374    0.9803300      51.24
   1200.95532    0.9791300      51.17
   1200.95703    0.9774300      51.08
   1200.95874    0.9758600      51.00
   1200.96033    0.9746900      50.94
   1200.96204    0.9734400      50.87
   1200.96362    0.9716300      50.78
   1200.96533    0.9693000      50.66
   1200.96704    0.9666600      50.52
   1200.96863    0.9635800      50.36
   1200.97034    0.9597000      50.16
   1200.97205    0.9550400      49.91
   1200.97363    0.9498900      49.64
   1200.97534    0.9443000      49.35
   1200.97705    0.9378900      49.02
   1200.97864    0.9304100      48.62
   1200.98035    0.9221800      48.19
   1200.98206    0.9139200      47.76
   1200.98364    0.9061900      47.36
   1200.98535    0.8990800      46.99
   1200.98694    0.8923200      46.63
   1200.98865    0.8856400      46.28
   1200.99036    0.8788500      45.93
   1200.99194    0.8717800      45.56
   1200.99365    0.8639500      45.15
   1200.99536    0.8544300      44.65
   1200.99695    0.8422200      44.01
   1200.99866    0.8266000      43.20
   1201.00037    0.8071100      42.18
   1201.00195    0.7831600      40.93
   1201.00366    0.7540600      39.41
   1201.00537    0.7196000      37.61
   1201.00696    0.6804200      35.56
   1201.00867    0.6378500      33.33
   1201.01025    0.5942000      31.05
   1201.01196    0.5536300      28.93
   1201.01367    0.5224700      27.30
   1201.01526    0.5075000      26.52
   1201.01697    0.5124500      26.78
   1201.01868    0.5359400      28.01
   1201.02026    0.5723200      29.91
   1201.02197    0.6149200      32.13
   1201.02368    0.6586200      34.42
   1201.02527    0.7004300      36.60
   1201.02698    0.7386900      38.60
   1201.02869    0.7723800      40.36
   1201.03027    0.8011300      41.86
   1201.03198    0.8253500      43.13
   1201.03357    0.8459100      44.20
   1201.03528    0.8634600      45.12
   1201.03699    0.8782100      45.89
   1201.03857    0.8902600      46.52
   1201.04028    0.9001200      47.04
   1201.04199    0.9084800      47.47
   1201.04358    0.9157000      47.85
   1201.04529    0.9216500      48.16
   1201.04700    0.9262000      48.40
   1201.04858    0.9295400      48.57
   1201.05029    0.9319000      48.70
   1201.05200    0.9333300      48.77
   1201.05359    0.9339400      48.80
   1201.05530    0.9342800      48.82
   1201.05688    0.9349900      48.86
   1201.05859    0.9362200      48.92
   1201.06030    0.9377200      49.00
   1201.06189    0.9394100      49.09
   1201.06360    0.9416300      49.20
   1201.06531    0.9445200      49.35
   1201.06689    0.9477600      49.52
   1201.06860    0.9509600      49.69
   1201.07031    0.9540700      49.85
   1201.07190    0.9571500      50.01
   1201.07361    0.9599400      50.16
   1201.07532    0.9620400      50.27
   1201.07690    0.9635100      50.35
   1201.07861    0.9647700      50.41
   1201.08032    0.9659800      50.47
   1201.08191    0.9668300      50.52
   1201.08362    0.9669800      50.53
   1201.08521    0.9664800      50.50
   1201.08691    0.9655600      50.45
   1201.08862    0.9643200      50.39
   1201.09021    0.9628700      50.31
   1201.09192    0.9614400      50.24
   1201.09363    0.9600000      50.16
   1201.09521    0.9581000      50.06
   1201.09692    0.9552100      49.91
   1201.09863    0.9513300      49.71
   1201.10022    0.9468400      49.47
   1201.10193    0.9417300      49.21
   1201.10364    0.9354000      48.87
   1201.10522    0.9272300      48.45
   1201.10693    0.9171300      47.92
   1201.10852    0.9053800      47.31
   1201.11023    0.8921200      46.61
   1201.11194    0.8774600      45.85
   1201.11353    0.8619700      45.04
   1201.11523    0.8473200      44.27
   1201.11694    0.8362300      43.69
   1201.11853    0.8316000      43.45
   1201.12024    0.8350100      43.63
   1201.12195    0.8456300      44.18
   1201.12354    0.8604900      44.96
   1201.12524    0.8763600      45.79
   1201.12695    0.8914100      46.57
   1201.12854    0.9052300      47.30
   1201.13025    0.9177000      47.95
   1201.13196    0.9282800      48.50
   1201.13354    0.9365900      48.93
   1201.13525    0.9430500      49.27
   1201.13684    0.9485000      49.56
   1201.13855    0.9534100      49.81
   1201.14026    0.9575500      50.03
   1201.14185    0.9606800      50.19
   1201.14355    0.9629700      50.31
   1201.14526    0.9649100      50.41
   1201.14685    0.9668400      50.51
   1201.14856    0.9688000      50.62
   1201.15027    0.9707100      50.72
   1201.15186    0.9725400      50.81
   1201.15356    0.9741900      50.90
   1201.15527    0.9755300      50.97
   1201.15686    0.9765300      51.02
   1201.15857    0.9773300      51.06
   1201.16016    0.9781200      51.10
   1201.16187    0.9789100      51.14
   1201.16357    0.9796300      51.18
   1201.16516    0.9803000      51.21
   1201.16687    0.9811400      51.26
   1201.16858    0.9822700      51.32
   1201.17017    0.9834600      51.38
   1201.17188    0.9844200      51.43
   1201.17358    0.9851300      51.47
   1201.17517    0.9858500      51.50
   1201.17688    0.9866800      51.55
   1201.17859    0.9874000      51.58
   1201.18018    0.9878600      51.61
   1201.18188    0.9882700      51.63
   1201.18359    0.9889400      51.66
   1201.18518    0.9898200      51.71
   1201.18689    0.9904800      51.74
   1201.18848    0.9906700      51.75
   1201.19019    0.9905700      51.75
   1201.19189    0.9905000      51.75
   1201.19348    0.9905600      51.75
   1201.19519    0.9907100      51.76
   1201.19690    0.9908900      51.77
   1201.19849    0.9910700      51.77
   1201.20020    0.9912200      51.78
   1201.20190    0.9913700      51.79
   1201.20349    0.9916600      51.80
   1201.20520    0.9921500      51.83
   1201.20691    0.9926100      51.85
   1201.20850    0.9927900      51.86
   1201.21021    0.9926200      51.85
   1201.21191    0.9922900      51.84
   1201.21350    0.9919000      51.82
   1201.21521    0.9914200      51.79
   1201.21680    0.9909300      51.77
   1201.21851    0.9905800      51.75
   1201.22021    0.9903700      51.74
   1201.22180    0.9900100      51.72
   1201.22351    0.9893300      51.68
   1201.22522    0.9885900      51.64
   1201.22681    0.9882000      51.62
   1201.22852    0.9881200      51.62
   1201.23022    0.9878200      51.60
   1201.23181    0.9868500      51.55
   1201.23352    0.9854000      51.48
   1201.23523    0.9841600      51.41
   1201.23682    0.9838400      51.39
   1201.23853    0.9845800      51.43
   1201.24023    0.9858900      51.50
   1201.24182    0.9870800      51.56
   1201.24353    0.9878300      51.60
   1201.24524    0.9883300      51.63
   1201.24683    0.9888600      51.65
   1201.24854    0.9893800      51.68
   1201.25012    0.9895200      51.69
   1201.25183    0.9892300      51.67
   1201.25354    0.9889100      51.66
   1201.25513    0.9889700      51.66
   1201.25684    0.9892200      51.67
   1201.25854    0.9890800      51.67
   1201.26013    0.9883000      51.62
   1201.26184    0.9872400      51.57
   1201.26355    0.9864300      51.53
   1201.26514    0.9860300      51.51
   1201.26685    0.9859200      51.50
   1201.26855    0.9859600      51.50
   1201.27014    0.9861300      51.51
   1201.27185    0.9864400      51.53
   1201.27356    0.9868700      51.55
   1201.27515    0.9874600      51.58
   1201.27686    0.9881700      51.62
   1201.27844    0.9888400      51.65
   1201.28015    0.9893000      51.67
   1201.28186    0.9896900      51.69
   1201.28345    0.9903000      51.73
   1201.28516    0.9910400      51.77
   1201.28687    0.9914700      51.79
   1201.28845    0.9912900      51.78
   1201.29016    0.9908800      51.76
   1201.29187    0.9907900      51.75
   1201.29346    0.9910400      51.76
   1201.29517    0.9911800      51.77
   1201.29688    0.9910000      51.76
   1201.29846    0.9908400      51.75
   1201.30017    0.9909900      51.76
   1201.30188    0.9912300      51.77
   1201.30347    0.9912100      51.77
   1201.30518    0.9910300      51.76
   1201.30688    0.9911500      51.77
   1201.30847    0.9916400      51.79
   1201.31018    0.9920000      51.81
   1201.31177    0.9918400      51.80
   1201.31348    0.9913800      51.78
   1201.31519    0.9911000      51.77
   1201.31677    0.9911600      51.77
   1201.31848    0.9912600      51.77
   1201.32019    0.9911300      51.77
   1201.32178    0.9907900      51.75
   1201.32349    0.9904700      51.73
   1201.32520    0.9903600      51.73
   1201.32678    0.9903700      51.73
   1201.32849    0.9903200      51.72
   1201.33020    0.9900400      51.71
   1201.33179    0.9896700      51.69
   1201.33350    0.9894700      51.68
   1201.33521    0.9894900      51.68
   1201.33679    0.9894600      51.68
   1201.33850    0.9890900      51.66
   1201.34021    0.9884200      51.62
   1201.34180    0.9877300      51.59
   1201.34351    0.9871800      51.56
   1201.34509    0.9867300      51.53
   1201.34680    0.9863100      51.51
   1201.34851    0.9859100      51.49
   1201.35010    0.9854200      51.47
   1201.35181    0.9847700      51.43
   1201.35352    0.9841200      51.40
   1201.35510    0.9837800      51.38
   1201.35681    0.9837500      51.38
   1201.35852    0.9836300      51.37
   1201.36011    0.9830600      51.34
   1201.36182    0.9820900      51.29
   1201.36353    0.9809000      51.23
   1201.36511    0.9793500      51.15
   1201.36682    0.9772500      51.04
   1201.36853    0.9750100      50.92
   1201.37012    0.9736000      50.85
   1201.37183    0.9736400      50.85
   1201.37354    0.9747800      50.91
   1201.37512    0.9761600      50.98
   1201.37683    0.9772000      51.03
   1201.37842    0.9778300      51.07
   1201.38013    0.9781400      51.08
   1201.38184    0.9781100      51.08
   1201.38342    0.9777400      51.06
   1201.38513    0.9771000      51.03
   1201.38684    0.9762300      50.98
   1201.38843    0.9751000      50.92
   1201.39014    0.9738400      50.86
   1201.39185    0.9727500      50.80
   1201.39343    0.9720100      50.76
   1201.39514    0.9715100      50.74
   1201.39685    0.9711000      50.71
   1201.39844    0.9709100      50.70
   1201.40015    0.9712300      50.72
   1201.40186    0.9720400      50.76
   1201.40344    0.9729200      50.81
   1201.40515    0.9734800      50.84
   1201.40686    0.9737600      50.85
   1201.40845    0.9740200      50.87
   1201.41016    0.9743300      50.88
   1201.41187    0.9744400      50.89
   1201.41345    0.9742200      50.88
   1201.41516    0.9738800      50.86
   1201.41675    0.9736800      50.85
   1201.41846    0.9735700      50.84
   1201.42017    0.9732400      50.82
   1201.42175    0.9725700      50.79
   1201.42346    0.9718000      50.75
   1201.42517    0.9712800      50.72
   1201.42676    0.9709800      50.70
   1201.42847    0.9706200      50.69
   1201.43018    0.9699300      50.65
   1201.43176    0.9689600      50.60
   1201.43347    0.9678700      50.54
   1201.43518    0.9667500      50.48
   1201.43677    0.9655200      50.42
   1201.43848    0.9641000      50.34
   1201.44019    0.9624900      50.26
   1201.44177    0.9607500      50.17
   1201.44348    0.9588900      50.07
   1201.44519    0.9568400      49.96
   1201.44678    0.9545800      49.85
   1201.44849    0.9522500      49.72
   1201.45020    0.9500400      49.61
   1201.45178    0.9479000      49.50
   1201.45349    0.9455600      49.37
   1201.45508    0.9426900      49.22
   1201.45679    0.9391800      49.04
   1201.45850    0.9351900      48.83
   1201.46008    0.9308500      48.61
   1201.46179    0.9261500      48.36
   1201.46350    0.9209800      48.09
   1201.46509    0.9153600      47.80
   1201.46680    0.9094000      47.49
   1201.46851    0.9031000      47.16
   1201.47009    0.8962200      46.80
   1201.47180    0.8885900      46.40
   1201.47351    0.8802000      45.96
   1201.47510    0.8710800      45.48
   1201.47681    0.8609000      44.95
   1201.47852    0.8491000      44.34
   1201.48010    0.8352200      43.61
   1201.48181    0.8191500      42.77
   1201.48352    0.8007000      41.81
   1201.48511    0.7792900      40.69
   1201.48682    0.7539900      39.37
   1201.48853    0.7239500      37.80
   1201.49011    0.6887200      35.96
   1201.49182    0.6481200      33.84
   1201.49353    0.6024200      31.45
   1201.49512    0.5524500      28.85
   1201.49683    0.4994200      26.08
   1201.49841    0.4441600      23.19
   1201.50012    0.3869500      20.20
   1201.50183    0.3284800      17.15
   1201.50342    0.2712900      14.16
   1201.50513    0.2202200      11.50
   1201.50684    0.1811900       9.46
   1201.50842    0.1593700       8.32
   1201.51013    0.1580100       8.25
   1201.51184    0.1778200       9.28
   1201.51343    0.2168000      11.32
   1201.51514    0.2703200      14.11
   1201.51685    0.3322400      17.35
   1201.51843    0.3966400      20.71
   1201.52014    0.4591500      23.97
   1201.52185    0.5171000      27.00
   1201.52344    0.5689400      29.71
   1201.52515    0.6138000      32.05
   1201.52686    0.6515700      34.02
   1201.52844    0.6828500      35.65
   1201.53015    0.7085600      36.99
   1201.53186    0.7295000      38.09
   1201.53345    0.7462700      38.96
   1201.53516    0.7593600      39.65
   1201.53687    0.7691300      40.16
   1201.53845    0.7757100      40.50
   1201.54016    0.7791200      40.68
   1201.54175    0.7795900      40.70
   1201.54346    0.7775000      40.59
   1201.54517    0.7727300      40.34
   1201.54675    0.7645500      39.92
   1201.54846    0.7521000      39.27
   1201.55017    0.7351400      38.38
   1201.55176    0.7137400      37.26
   1201.55347    0.6874200      35.89
   1201.55518    0.6551500      34.20
   1201.55676    0.6161900      32.17
   1201.55847    0.5710000      29.81
   1201.56018    0.5211300      27.21
   1201.56177    0.4691800      24.49
   1201.56348    0.4195900      21.91
   1201.56519    0.3791200      19.79
   1201.56677    0.3551700      18.54
   1201.56848    0.3525400      18.41
   1201.57019    0.3713400      19.39
   1201.57178    0.4076300      21.28
   1201.57349    0.4555800      23.78
   1201.57520    0.5091400      26.58
   1201.57678    0.5630100      29.39
   1201.57849    0.6135600      32.03
   1201.58020    0.6592200      34.42
   1201.58179    0.6997900      36.53
   1201.58350    0.7352100      38.38
   1201.58521    0.7652500      39.95
   1201.58679    0.7902200      41.25
   1201.58850    0.8112000      42.35
   1201.59021    0.8292900      43.29
   1201.59180    0.8449700      44.11
   1201.59351    0.8584300      44.81
   1201.59509    0.8700900      45.42
   1201.59680    0.8805400      45.97
   1201.59851    0.8900100      46.46
   1201.60010    0.8984800      46.90
   1201.60181    0.9061100      47.30
   1201.60352    0.9131900      47.67
   1201.60510    0.9197500      48.01
   1201.60681    0.9255200      48.32
   1201.60852    0.9304800      48.57
   1201.61011    0.9348900      48.80
   1201.61182    0.9388900      49.01
   1201.61353    0.9424100      49.20
   1201.61511    0.9455400      49.36
   1201.61682    0.9487000      49.52
   1201.61853    0.9520500      49.70
   1201.62012    0.9551600      49.86
   1201.62183    0.9575300      49.99
   1201.62354    0.9593800      50.08
   1201.62512    0.9613400      50.18
   1201.62683    0.9636300      50.30
   1201.62854    0.9657000      50.41
   1201.63013    0.9670700      50.48
   1201.63184    0.9679800      50.53
   1201.63354    0.9690100      50.58
   1201.63513    0.9703300      50.65
   1201.63684    0.9715400      50.72
   1201.63855    0.9722800      50.75
   1201.64014    0.9727000      50.78
   1201.64185    0.9731900      50.80
   1201.64355    0.9737900      50.83
   1201.64514    0.9741100      50.85
   1201.64685    0.9738100      50.83
   1201.64856    0.9730300      50.79
   1201.65015    0.9723400      50.76
   1201.65186    0.9719500      50.74
   1201.65344    0.9715100      50.71
   1201.65515    0.9705800      50.66
   1201.65686    0.9692500      50.59
   1201.65845    0.9681200      50.53
   1201.66016    0.9675700      50.51
   1201.66187    0.9675400      50.50
   1201.66345    0.9679400      50.52
   1201.66516    0.9689700      50.58
   1201.66687    0.9706700      50.67
   1201.66846    0.9726700      50.77
   1201.67017    0.9745300      50.87
   1201.67188    0.9762900      50.96
   1201.67346    0.9781800      51.06
   1201.67517    0.9800100      51.15
   1201.67688    0.9813500      51.22
   1201.67847    0.9822600      51.27
   1201.68018    0.9832400      51.32
   1201.68188    0.9844300      51.38
   1201.68347    0.9852400      51.43
   1201.68518    0.9852200      51.42
   1201.68689    0.9847000      51.40
   1201.68848    0.9843900      51.38
   1201.69019    0.9844100      51.38
   1201.69189    0.9844600      51.38
   1201.69348    0.9845300      51.39
   1201.69519    0.9849600      51.41
   1201.69690    0.9857400      51.45
   1201.69849    0.9864200      51.49
   1201.70020    0.9868500      51.51
   1201.70190    0.9874700      51.54
   1201.70349    0.9885100      51.60
   1201.70520    0.9894600      51.64
   1201.70691    0.9898000      51.66
   1201.70850    0.9898500      51.66
   1201.71021    0.9903100      51.69
   1201.71191    0.9911400      51.73
   1201.71350    0.9916000      51.76
   1201.71521    0.9913600      51.74
   1201.71680    0.9910300      51.73
   1201.71851    0.9911700      51.73
   1201.72021    0.9916000      51.75
   1201.72180    0.9918900      51.77
   1201.72351    0.9920100      51.78
   1201.72522    0.9922000      51.79
   1201.72681    0.9922900      51.79
   1201.72852    0.9920600      51.78
   1201.73022    0.9917900      51.76
   1201.73181    0.9920000      51.77
   1201.73352    0.9925600      51.80
   1201.73523    0.9928100      51.82
   1201.73682    0.9925700      51.80
   1201.73853    0.9925100      51.80
   1201.74023    0.9930900      51.83
   1201.74182    0.9937700      51.87
   1201.74353    0.9937800      51.87
   1201.74524    0.9932300      51.84
   1201.74683    0.9929000      51.82
   1201.74854    0.9929900      51.82
   1201.75024    0.9930100      51.83
   1201.75183    0.9927000      51.81
   1201.75354    0.9924400      51.80
   1201.75525    0.9924600      51.80
   1201.75684    0.9923800      51.79
   1201.75854    0.9918400      51.76
   1201.76025    0.9912000      51.73
   1201.76184    0.9910200      51.72
   1201.76355    0.9912100      51.73
   1201.76526    0.9912500      51.73
   1201.76685    0.9910800      51.72
   1201.76855    0.9911100      51.72
   1201.77026    0.9913200      51.74
   1201.77185    0.9912900      51.73
   1201.77356    0.9909800      51.72
   1201.77527    0.9910700      51.72
   1201.77686    0.9919900      51.77
   1201.77856    0.9931900      51.83
   1201.78027    0.9938600      51.87
   1201.78186    0.9940000      51.87
   1201.78357    0.9941400      51.88
   1201.78528    0.9944900      51.90
   1201.78687    0.9946900      51.91
   1201.78857    0.9946300      51.91
   1201.79028    0.9945400      51.90
   1201.79187    0.9944500      51.90
   1201.79358    0.9939900      51.87
   1201.79517    0.9930600      51.82
   1201.79688    0.9923200      51.79
   1201.79858    0.9924000      51.79
   1201.80017    0.9930400      51.82
   1201.80188    0.9934600      51.84
   1201.80359    0.9933900      51.84
   1201.80518    0.9932200      51.83
   1201.80688    0.9932600      51.83
   1201.80859    0.9933500      51.84
   1201.81018    0.9932900      51.83
   1201.81189    0.9933100      51.84
   1201.81360    0.9936800      51.85
   1201.81519    0.9942000      51.88
   1201.81689    0.9944300      51.89
   1201.81860    0.9943000      51.89
   1201.82019    0.9941700      51.88
   1201.82190    0.9943700      51.89
   1201.82361    0.9947600      51.91
   1201.82520    0.9949800      51.92
   1201.82690    0.9948200      51.91
   1201.82861    0.9943800      51.89
   1201.83020    0.9938400      51.86
   1201.83191    0.9933100      51.83
   1201.83362    0.9928500      51.81
   1201.83521    0.9925900      51.80
   1201.83691    0.9926800      51.80
   1201.83862    0.9930700      51.82
   1201.84021    0.9935600      51.85
   1201.84192    0.9939800      51.87
   1201.84363    0.9943700      51.89
   1201.84521    0.9948200      51.91
   1201.84692    0.9952600      51.93
   1201.84863    0.9954500      51.94
   1201.85022    0.9953500      51.94
   1201.85193    0.9952200      51.93
   1201.85364    0.9952600      51.93
   1201.85522    0.9953900      51.94
   1201.85693    0.9953900      51.94
   1201.85864    0.9952300      51.93
   1201.86023    0.9951000      51.92
   1201.86194    0.9951300      51.93
   1201.86365    0.9952100      51.93
   1201.86523    0.9951600      51.93
   1201.86694    0.9949500      51.92
   1201.86865    0.9946800      51.90
   1201.87024    0.9945100      51.89
   1201.87195    0.9944000      51.89
   1201.87366    0.9941500      51.87
   1201.87524    0.9935200      51.84
   1201.87695    0.9925300      51.79
   1201.87866    0.9915300      51.74
   1201.88025    0.9908700      51.70
   1201.88196    0.9904800      51.68
   1201.88367    0.9900000      51.66
   1201.88525    0.9892800      51.62
   1201.88696    0.9885600      51.58
   1201.88867    0.9880900      51.56
   1201.89026    0.9878200      51.54
   1201.89197    0.9876100      51.53
   1201.89368    0.9875600      51.53
   1201.89526    0.9879200      51.55
   1201.89697    0.9886900      51.59
   1201.89868    0.9896100      51.63
   1201.90027    0.9904300      51.68
   1201.90198    0.9910800      51.71
   1201.90369    0.9915200      51.73
   1201.90527    0.9917500      51.75
   1201.90698    0.9919800      51.76
   1201.90869    0.9924700      51.78
   1201.91028    0.9932600      51.82
   1201.91199    0.9940300      51.86
   1201.91370    0.9945300      51.89
   1201.91528    0.9948700      51.91
   1201.91699    0.9952000      51.92
   1201.91870    0.9954400      51.94
   1201.92029    0.9954200      51.94
   1201.92200    0.9952200      51.93
   1201.92358    0.9951000      51.92
   1201.92529    0.9949700      51.91
   1201.92700    0.9945200      51.89
   1201.92859    0.9937400      51.85
   1201.93030    0.9931600      51.82
   1201.93201    0.9931400      51.82
   1201.93359    0.9934000      51.83
   1201.93530    0.9934200      51.83
   1201.93701    0.9932400      51.82
   1201.93860    0.9933900      51.83
   1201.94031    0.9941300      51.87
   1201.94202    0.9950400      51.91
   1201.94360    0.9955600      51.94
   1201.94531    0.9956400      51.95
   1201.94702    0.9956500      51.95
   1201.94861    0.9957600      51.95
   1201.95032    0.9957600      51.95
   1201.95203    0.9954700      51.94
   1201.95361    0.9951100      51.92
   1201.95532    0.9950800      51.92
   1201.95703    0.9953200      51.93
   1201.95862    0.9953800      51.93
   1201.96033    0.9950100      51.91
   1201.96204    0.9945200      51.89
   1201.96362    0.9943800      51.88
   1201.96533    0.9945400      51.89
   1201.96704    0.9945100      51.88
   1201.96863    0.9940800      51.86
   1201.97034    0.9935600      51.83
   1201.97205    0.9932600      51.82
   1201.97363    0.9930000      51.80
   1201.97534    0.9924700      51.78
   1201.97705    0.9918200      51.74
   1201.97864    0.9916200      51.73
   1201.98035    0.9920600      51.76
   1201.98206    0.9927500      51.79
   1201.98364    0.9932500      51.82
   1201.98535    0.9935500      51.83
   1201.98706    0.9939000      51.85
   1201.98865    0.9943000      51.87
   1201.99036    0.9945000      51.88
   1201.99207    0.9943900      51.88
   1201.99365    0.9941100      51.86
   1201.99536    0.9939400      51.85
   1201.99707    0.9940900      51.86
   1201.99866    0.9945800      51.88
   1202.00037    0.9952100      51.92
   1202.00208    0.9956800      51.94
   1202.00366    0.9959300      51.95
   1202.00537    0.9961600      51.97
   1202.00708    0.9965200      51.99
   1202.00867    0.9967200      52.00
   1202.01038    0.9964800      51.98
   1202.01208    0.9960500      51.96
   1202.01367    0.9959400      51.95
   1202.01538    0.9961500      51.97
   1202.01709    0.9961500      51.97
   1202.01868    0.9956900      51.94
   1202.02039    0.9953300      51.92
   1202.02209    0.9956000      51.94
   1202.02368    0.9961400      51.96
   1202.02539    0.9960800      51.96
   1202.02710    0.9953000      51.92
   1202.02869    0.9945800      51.88
   1202.03040    0.9945200      51.88
   1202.03210    0.9947900      51.89
   1202.03369    0.9946900      51.89
   1202.03540    0.9940400      51.85
   1202.03711    0.9932700      51.81
   1202.03870    0.9927400      51.79
   1202.04041    0.9923500      51.76
   1202.04211    0.9918300      51.74
   1202.04370    0.9910900      51.70
   1202.04541    0.9902200      51.65
   1202.04712    0.9894100      51.61
   1202.04871    0.9890100      51.59
   1202.05042    0.9892100      51.60
   1202.05212    0.9898600      51.63
   1202.05371    0.9904800      51.67
   1202.05542    0.9907900      51.68
   1202.05713    0.9909300      51.69
   1202.05872    0.9912000      51.70
   1202.06042    0.9916000      51.72
   1202.06213    0.9918400      51.74
   1202.06372    0.9917700      51.73
   1202.06543    0.9916200      51.72
   1202.06714    0.9917400      51.73
   1202.06873    0.9922000      51.75
   1202.07043    0.9927500      51.78
   1202.07214    0.9931500      51.80
   1202.07373    0.9934600      51.82
   1202.07544    0.9939600      51.85
   1202.07715    0.9947100      51.88
   1202.07874    0.9954800      51.92
   1202.08044    0.9959800      51.95
   1202.08215    0.9961700      51.96
   1202.08374    0.9963000      51.97
   1202.08545    0.9964700      51.98
   1202.08716    0.9964900      51.98
   1202.08875    0.9961400      51.96
   1202.09045    0.9955200      51.93
   1202.09216    0.9950400      51.90
   1202.09375    0.9949200      51.89
   1202.09546    0.9950100      51.90
   1202.09717    0.9950300      51.90
   1202.09875    0.9948700      51.89
   1202.10046    0.9946400      51.88
   1202.10217    0.9943900      51.87
   1202.10376    0.9940500      51.85
   1202.10547    0.9936000      51.82
   1202.10718    0.9931100      51.80
   1202.10876    0.9926100      51.77
   1202.11047    0.9919400      51.74
   1202.11218    0.9908400      51.68
   1202.11377    0.9891900      51.59
   1202.11548    0.9870800      51.48
   1202.11719    0.9846500      51.36
   1202.11877    0.9821200      51.22
   1202.12048    0.9797100      51.10
   1202.12219    0.9776400      50.99
   1202.12378    0.9762100      50.92
   1202.12549    0.9758300      50.90
   1202.12720    0.9768400      50.95
   1202.12878    0.9791500      51.07
   1202.13049    0.9819800      51.22
   1202.13220    0.9844200      51.34
   1202.13379    0.9861500      51.43
   1202.13550    0.9875400      51.51
   1202.13721    0.9888800      51.58
   1202.13879    0.9899800      51.63
   1202.14050    0.9905300      51.66
   1202.14221    0.9908100      51.68
   1202.14380    0.9913800      51.70
   1202.14551    0.9922800      51.75
   1202.14722    0.9929200      51.78
   1202.14880    0.9929200      51.78
   1202.15051    0.9926200      51.77
   1202.15222    0.9925200      51.76
   1202.15381    0.9925700      51.77
   1202.15552    0.9923400      51.75
   1202.15723    0.9917700      51.72
   1202.15881    0.9912100      51.69
   1202.16052    0.9908000      51.67
   1202.16223    0.9902600      51.64
   1202.16382    0.9894200      51.60
   1202.16553    0.9886400      51.56
   1202.16724    0.9883300      51.54
   1202.16882    0.9883500      51.54
   1202.17053    0.9882500      51.54
   1202.17224    0.9879600      51.52
   1202.17383    0.9878500      51.52
   1202.17554    0.9880900      51.53
   1202.17725    0.9883700      51.54
   1202.17883    0.9883100      51.54
   1202.18054    0.9880800      51.53
   1202.18225    0.9881200      51.53
   1202.18384    0.9885600      51.55
   1202.18555    0.9890600      51.58
   1202.18726    0.9892500      51.59
   1202.18896    0.9891100      51.58
   1202.19055    0.9889600      51.57
   1202.19226    0.9891000      51.58
   1202.19397    0.9895600      51.61
   1202.19556    0.9901000      51.63
   1202.19727    0.9903500      51.65
   1202.19897    0.9902000      51.64
   1202.20056    0.9899100      51.62
   1202.20227    0.9898100      51.62
   1202.20398    0.9898100      51.62
   1202.20557    0.9894800      51.60
   1202.20728    0.9887100      51.56
   1202.20898    0.9879900      51.52
   1202.21057    0.9877900      51.51
   1202.21228    0.9880100      51.52
   1202.21399    0.9881700      51.53
   1202.21558    0.9880800      51.53
   1202.21729    0.9879600      51.52
   1202.21899    0.9880000      51.52
   1202.22058    0.9880600      51.52
   1202.22229    0.9880000      51.52
   1202.22400    0.9879600      51.52
   1202.22559    0.9879700      51.52
   1202.22729    0.9878300      51.51
   1202.22900    0.9873700      51.49
   1202.23059    0.9869200      51.46
   1202.23230    0.9869300      51.46
   1202.23401    0.9872300      51.48
   1202.23560    0.9871600      51.48
   1202.23730    0.9864800      51.44
   1202.23901    0.9857200      51.40
   1202.24060    0.9855100      51.39
   1202.24231    0.9857000      51.40
   1202.24402    0.9856700      51.40
   1202.24561    0.9851200      51.37
   1202.24731    0.9843700      51.33
   1202.24902    0.9836700      51.29
   1202.25061    0.9828800      51.25
   1202.25232    0.9816700      51.19
   1202.25403    0.9799700      51.10
   1202.25562    0.9778700      50.99
   1202.25732    0.9752800      50.86
   1202.25903    0.9720100      50.68
   1202.26062    0.9680300      50.48
   1202.26233    0.9635000      50.24
   1202.26404    0.9584900      49.98
   1202.26562    0.9530400      49.69
   1202.26733    0.9473700      49.40
   1202.26904    0.9419300      49.12
   1202.27063    0.9370600      48.86
   1202.27234    0.9328300      48.64
   1202.27405    0.9292400      48.45
   1202.27563    0.9264000      48.30
   1202.27734    0.9243200      48.20
   1202.27905    0.9225600      48.10
   1202.28064    0.9205100      48.00
   1202.28235    0.9177900      47.86
   1202.28406    0.9142200      47.67
   1202.28564    0.9092900      47.41
   1202.28735    0.9021600      47.04
   1202.28906    0.8921900      46.52
   1202.29065    0.8791200      45.84
   1202.29236    0.8624200      44.97
   1202.29407    0.8406400      43.83
   1202.29565    0.8119800      42.34
   1202.29736    0.7754300      40.43
   1202.29907    0.7310900      38.12
   1202.30066    0.6803000      35.47
   1202.30237    0.6268600      32.68
   1202.30408    0.5788800      30.18
   1202.30566    0.5476800      28.56
   1202.30737    0.5426200      28.29
   1202.30908    0.5652300      29.47
   1202.31067    0.6082600      31.71
   1202.31238    0.6604400      34.43
   1202.31409    0.7124200      37.14
   1202.31580    0.7591900      39.58
   1202.31738    0.7990400      41.66
   1202.31909    0.8318600      43.37
   1202.32080    0.8583800      44.75
   1202.32239    0.8797200      45.87
   1202.32410    0.8968200      46.76
   1202.32581    0.9102800      47.46
   1202.32739    0.9208100      48.01
   1202.32910    0.9294100      48.46
   1202.33081    0.9369200      48.85
   1202.33240    0.9435400      49.19
   1202.33411    0.9491000      49.48
   1202.33582    0.9537100      49.72
   1202.33740    0.9577400      49.93
   1202.33911    0.9613600      50.12
   1202.34082    0.9644000      50.28
   1202.34241    0.9668100      50.41
   1202.34412    0.9688800      50.51
   1202.34583    0.9708900      50.62
   1202.34741    0.9727000      50.71
   1202.34912    0.9739600      50.78
   1202.35083    0.9746900      50.82
   1202.35242    0.9753600      50.85
   1202.35413    0.9763000      50.90
   1202.35583    0.9772900      50.95
   1202.35742    0.9778300      50.98
   1202.35913    0.9777900      50.98
   1202.36084    0.9775000      50.96
   1202.36243    0.9772600      50.95
   1202.36414    0.9770800      50.94
   1202.36584    0.9768700      50.93
   1202.36743    0.9767800      50.92
   1202.36914    0.9769000      50.93
   1202.37085    0.9769700      50.93
   1202.37244    0.9765600      50.91
   1202.37415    0.9756500      50.86
   1202.37585    0.9747200      50.82
   1202.37744    0.9742600      50.79
   1202.37915    0.9743000      50.79
   1202.38086    0.9744500      50.80
   1202.38245    0.9743500      50.80
   1202.38416    0.9737500      50.76
   1202.38586    0.9725800      50.70
   1202.38745    0.9708800      50.61
   1202.38916    0.9688000      50.51
   1202.39087    0.9663300      50.38
   1202.39246    0.9631900      50.21
   1202.39417    0.9590800      50.00
   1202.39587    0.9541100      49.74
   1202.39758    0.9486700      49.46
   1202.39917    0.9433300      49.18
   1202.40088    0.9388600      48.94
   1202.40259    0.9362500      48.81
   1202.40417    0.9361800      48.80
   1202.40588    0.9382200      48.91
   1202.40759    0.9410200      49.06
   1202.40918    0.9435900      49.19
   1202.41089    0.9461700      49.32
   1202.41260    0.9496700      49.51
   1202.41418    0.9543700      49.75
   1202.41589    0.9595700      50.02
   1202.41760    0.9644400      50.28
   1202.41919    0.9686600      50.50
   1202.42090    0.9723000      50.69
   1202.42261    0.9754100      50.85
   1202.42419    0.9779900      50.98
   1202.42590    0.9801000      51.09
   1202.42761    0.9818300      51.18
   1202.42920    0.9831900      51.25
   1202.43091    0.9843100      51.31
   1202.43262    0.9853900      51.37
   1202.43420    0.9865300      51.43
   1202.43591    0.9875600      51.48
   1202.43762    0.9882700      51.52
   1202.43921    0.9886900      51.54
   1202.44092    0.9890300      51.56
   1202.44263    0.9893400      51.57
   1202.44421    0.9895700      51.58
   1202.44592    0.9897400      51.59
   1202.44763    0.9898800      51.60
   1202.44922    0.9898700      51.60
   1202.45093    0.9896100      51.58
   1202.45264    0.9893900      51.57
   1202.45422    0.9896300      51.59
   1202.45593    0.9903600      51.62
   1202.45764    0.9910400      51.66
   1202.45923    0.9912600      51.67
   1202.46094    0.9912100      51.67
   1202.46265    0.9913000      51.67
   1202.46436    0.9914800      51.68
   1202.46594    0.9914400      51.68
   1202.46765    0.9912000      51.67
   1202.46936    0.9911300      51.66
   1202.47095    0.9913600      51.67
   1202.47266    0.9915600      51.68
   1202.47437    0.9915500      51.68
   1202.47595    0.9916200      51.69
   1202.47766    0.9921000      51.71
   1202.47937    0.9927300      51.74
   1202.48096    0.9929900      51.76
   1202.48267    0.9928100      51.75
   1202.48438    0.9925700      51.74
   1202.48596    0.9925500      51.73
   1202.48767    0.9926200      51.74
   1202.48938    0.9926100      51.74
   1202.49097    0.9926000      51.74
   1202.49268    0.9926500      51.74
   1202.49438    0.9926500      51.74
   1202.49597    0.9924900      51.73
   1202.49768    0.9923300      51.72
   1202.49939    0.9923700      51.72
   1202.50098    0.9925300      51.73
   1202.50269    0.9925900      51.74
   1202.50439    0.9925200      51.73
   1202.50598    0.9924600      51.73
   1202.50769    0.9924700      51.73
   1202.50940    0.9924400      51.73
   1202.51099    0.9923600      51.72
   1202.51270    0.9923000      51.72
   1202.51440    0.9922100      51.71
   1202.51599    0.9919000      51.70
   1202.51770    0.9914000      51.67
   1202.51941    0.9910100      51.65
   1202.52112    0.9908600      51.64
   1202.52271    0.9906800      51.63
   1202.52441    0.9902000      51.61
   1202.52612    0.9895400      51.57
   1202.52771    0.9889900      51.55
   1202.52942    0.9884200      51.52
   1202.53113    0.9874400      51.46
   1202.53271    0.9860200      51.39
   1202.53442    0.9845900      51.32
   1202.53613    0.9834100      51.25
   1202.53772    0.9820600      51.18
   1202.53943    0.9800100      51.08
   1202.54114    0.9773900      50.94
   1202.54272    0.9748000      50.80
   1202.54443    0.9724600      50.68
   1202.54614    0.9699500      50.55
   1202.54773    0.9671300      50.40
   1202.54944    0.9647800      50.28
   1202.55115    0.9640800      50.25
   1202.55273    0.9654300      50.32
   1202.55444    0.9681700      50.46
   1202.55615    0.9713200      50.62
   1202.55774    0.9743400      50.78
   1202.55945    0.9771000      50.92
   1202.56116    0.9794800      51.05
   1202.56274    0.9814200      51.15
   1202.56445    0.9831200      51.24
   1202.56616    0.9848300      51.33
   1202.56787    0.9864100      51.41
   1202.56946    0.9874200      51.46
   1202.57117    0.9877100      51.47
   1202.57288    0.9877600      51.48
   1202.57446    0.9881500      51.50
   1202.57617    0.9888800      51.54
   1202.57788    0.9894100      51.56
   1202.57947    0.9893600      51.56
   1202.58118    0.9889600      51.54
   1202.58289    0.9886900      51.52
   1202.58447    0.9887300      51.53
   1202.58618    0.9889100      51.54
   1202.58789    0.9891300      51.55
   1202.58948    0.9894700      51.56
   1202.59119    0.9898600      51.59
   1202.59290    0.9899600      51.59
   1202.59448    0.9895500      51.57
   1202.59619    0.9889500      51.54
   1202.59790    0.9886800      51.52
   1202.59949    0.9888500      51.53
   1202.60120    0.9890000      51.54
   1202.60291    0.9887900      51.53
   1202.60449    0.9884000      51.51
   1202.60620    0.9881600      51.50
   1202.60791    0.9880200      51.49
   1202.60950    0.9876000      51.47
   1202.61121    0.9869000      51.43
   1202.61292    0.9863500      51.40
   1202.61462    0.9862600      51.40
   1202.61621    0.9863400      51.40
   1202.61792    0.9861800      51.39
   1202.61963    0.9858200      51.37
   1202.62122    0.9855500      51.36
   1202.62292    0.9854000      51.35
   1202.62463    0.9851000      51.33
   1202.62622    0.9845700      51.31
   1202.62793    0.9841000      51.28
   1202.62964    0.9838000      51.27
   1202.63123    0.9833900      51.24
   1202.63293    0.9826700      51.21
   1202.63464    0.9819500      51.17
   1202.63623    0.9816700      51.15
   1202.63794    0.9817700      51.16
   1202.63965    0.9817900      51.16
   1202.64124    0.9816200      51.15
   1202.64294    0.9816100      51.15
   1202.64465    0.9820400      51.17
   1202.64624    0.9826300      51.20
   1202.64795    0.9829100      51.22
   1202.64966    0.9828200      51.21
   1202.65125    0.9827300      51.21
   1202.65295    0.9828900      51.22
   1202.65466    0.9832100      51.23
   1202.65637    0.9834900      51.25
   1202.65796    0.9836400      51.25
   1202.65967    0.9836300      51.25
   1202.66138    0.9834400      51.24
   1202.66296    0.9831000      51.23
   1202.66467    0.9827300      51.21
   1202.66638    0.9823300      51.19
   1202.66797    0.9817400      51.16
   1202.66968    0.9809000      51.11
   1202.67139    0.9799600      51.06
   1202.67297    0.9791400      51.02
   1202.67468    0.9785600      50.99
   1202.67639    0.9781700      50.97
   1202.67798    0.9778500      50.95
   1202.67969    0.9774200      50.93
   1202.68140    0.9766900      50.89
   1202.68298    0.9756300      50.84
   1202.68469    0.9744800      50.78
   1202.68640    0.9734700      50.72
   1202.68799    0.9725400      50.67
   1202.68970    0.9714200      50.62
   1202.69141    0.9700300      50.54
   1202.69299    0.9684700      50.46
   1202.69470    0.9666300      50.37
   1202.69641    0.9641600      50.24
   1202.69812    0.9610100      50.07
   1202.69971    0.9576000      49.89
   1202.70142    0.9542400      49.72
   1202.70312    0.9505100      49.52
   1202.70471    0.9456500      49.27
   1202.70642    0.9395100      48.95
   1202.70813    0.9325700      48.59
   1202.70972    0.9250000      48.19
   1202.71143    0.9161100      47.73
   1202.71313    0.9051200      47.16
   1202.71472    0.8918500      46.47
   1202.71643    0.8764300      45.66
   1202.71814    0.8585700      44.73
   1202.71973    0.8377600      43.65
   1202.72144    0.8142500      42.42
   1202.72314    0.7896400      41.14
   1202.72473    0.7666800      39.95
   1202.72644    0.7489700      39.02
   1202.72815    0.7403600      38.57
   1202.72974    0.7433500      38.73
   1202.73145    0.7572400      39.45
   1202.73315    0.7782000      40.54
   1202.73486    0.8016600      41.77
   1202.73645    0.8246700      42.97
   1202.73816    0.8459800      44.08
   1202.73987    0.8647600      45.05
   1202.74146    0.8803400      45.87
   1202.74316    0.8930900      46.53
   1202.74487    0.9042800      47.11
   1202.74646    0.9147200      47.66
   1202.74817    0.9239800      48.14
   1202.74988    0.9314200      48.53
   1202.75146    0.9373000      48.83
   1202.75317    0.9425300      49.10
   1202.75488    0.9474600      49.36
   1202.75647    0.9517600      49.59
   1202.75818    0.9551900      49.76
   1202.75989    0.9580300      49.91
   1202.76147    0.9605600      50.04
   1202.76318    0.9627000      50.15
   1202.76489    0.9643300      50.24
   1202.76648    0.9655300      50.30
   1202.76819    0.9664800      50.35
   1202.76990    0.9672000      50.39
   1202.77161    0.9676300      50.41
   1202.77319    0.9678000      50.42
   1202.77490    0.9676400      50.41
   1202.77661    0.9669300      50.37
   1202.77820    0.9655900      50.30
   1202.77991    0.9638600      50.21
   1202.78162    0.9621400      50.12
   1202.78320    0.9605600      50.04
   1202.78491    0.9589400      49.96
   1202.78662    0.9568600      49.85
   1202.78821    0.9539200      49.69
   1202.78992    0.9500200      49.49
   1202.79163    0.9455700      49.26
   1202.79321    0.9412500      49.03
   1202.79492    0.9373300      48.83
   1202.79663    0.9334400      48.63
   1202.79822    0.9292500      48.41
   1202.79993    0.9253100      48.20
   1202.80164    0.9226500      48.06
   1202.80334    0.9218000      48.02
   1202.80493    0.9224700      48.06
   1202.80664    0.9242800      48.15
   1202.80835    0.9273000      48.31
   1202.80994    0.9317200      48.54
   1202.81165    0.9371800      48.82
   1202.81335    0.9429500      49.12
   1202.81494    0.9485000      49.41
   1202.81665    0.9537200      49.68
   1202.81836    0.9585900      49.94
   1202.81995    0.9628500      50.16
   1202.82166    0.9662700      50.34
   1202.82336    0.9688900      50.47
   1202.82495    0.9709700      50.58
   1202.82666    0.9727200      50.67
   1202.82837    0.9741600      50.75
   1202.82996    0.9752900      50.80
   1202.83167    0.9761400      50.85
   1202.83337    0.9768600      50.89
   1202.83508    0.9775400      50.92
   1202.83667    0.9781700      50.95
   1202.83838    0.9785700      50.97
   1202.84009    0.9786700      50.98
   1202.84167    0.9786500      50.98
   1202.84338    0.9786900      50.98
   1202.84509    0.9786600      50.98
   1202.84668    0.9783200      50.96
   1202.84839    0.9777500      50.93
   1202.85010    0.9773900      50.91
   1202.85168    0.9774700      50.92
   1202.85339    0.9776800      50.93
   1202.85510    0.9776100      50.92
   1202.85669    0.9773000      50.91
   1202.85840    0.9771300      50.90
   1202.86011    0.9771200      50.90
   1202.86169    0.9768500      50.88
   1202.86340    0.9761700      50.85
   1202.86511    0.9755300      50.81
   1202.86682    0.9754300      50.81
   1202.86841    0.9757400      50.82
   1202.87012    0.9758500      50.83
   1202.87183    0.9755000      50.81
   1202.87341    0.9750100      50.79
   1202.87512    0.9747500      50.77
   1202.87683    0.9746400      50.77
   1202.87842    0.9744000      50.75
   1202.88013    0.9740600      50.74
   1202.88184    0.9739000      50.73
   1202.88342    0.9738700      50.73
   1202.88513    0.9736200      50.71
   1202.88684    0.9729200      50.68
   1202.88843    0.9720100      50.63
   1202.89014    0.9713400      50.59
   1202.89185    0.9711000      50.58
   1202.89355    0.9711000      50.58
   1202.89514    0.9710900      50.58
   1202.89685    0.9708800      50.57
   1202.89856    0.9704400      50.55
   1202.90015    0.9698700      50.52
   1202.90186    0.9694100      50.49
   1202.90356    0.9692000      50.48
   1202.90515    0.9691000      50.48
   1202.90686    0.9687400      50.46
   1202.90857    0.9679100      50.41
   1202.91016    0.9668100      50.36
   1202.91187    0.9658800      50.31
   1202.91357    0.9654600      50.29
   1202.91516    0.9654800      50.29
   1202.91687    0.9656000      50.29
   1202.91858    0.9654900      50.29
   1202.92017    0.9650700      50.26
   1202.92188    0.9644600      50.23
   1202.92358    0.9637700      50.20
   1202.92529    0.9629600      50.15
   1202.92688    0.9620100      50.10
   1202.92859    0.9611000      50.06
   1202.93030    0.9604000      50.02
   1202.93188    0.9598400      49.99
   1202.93359    0.9591900      49.96
   1202.93530    0.9584400      49.92
   1202.93689    0.9578400      49.89
   1202.93860    0.9573900      49.86
   1202.94031    0.9566900      49.83
   1202.94189    0.9553900      49.76
   1202.94360    0.9537400      49.67
   1202.94531    0.9522800      49.60
   1202.94690    0.9512100      49.54
   1202.94861    0.9501600      49.49
   1202.95032    0.9487500      49.41
   1202.95203    0.9470200      49.32
   1202.95361    0.9453200      49.23
   1202.95532    0.9439400      49.16
   1202.95703    0.9428600      49.10
   1202.95862    0.9418200      49.05
   1202.96033    0.9404300      48.98
   1202.96204    0.9385600      48.88
   1202.96362    0.9364200      48.77
   1202.96533    0.9343900      48.66
   1202.96704    0.9324600      48.56
   1202.96863    0.9303000      48.45
   1202.97034    0.9276500      48.31
   1202.97205    0.9246500      48.15
   1202.97363    0.9213400      47.98
   1202.97534    0.9174700      47.78
   1202.97705    0.9129100      47.54
   1202.97876    0.9079700      47.29
   1202.98035    0.9030000      47.03
   1202.98206    0.8976300      46.75
   1202.98376    0.8911200      46.41
   1202.98535    0.8832100      46.00
   1202.98706    0.8742300      45.53
   1202.98877    0.8641300      45.00
   1202.99036    0.8520300      44.37
   1202.99207    0.8370400      43.59
   1202.99377    0.8190200      42.65
   1202.99536    0.7980400      41.56
   1202.99707    0.7735500      40.28
   1202.99878    0.7446300      38.78
   1203.00037    0.7110000      37.03
   1203.00208    0.6735500      35.08
   1203.00378    0.6345500      33.04
   1203.00549    0.5982300      31.15
   1203.00708    0.5709100      29.73
   1203.00879    0.5588400      29.10
   1203.01050    0.5646000      29.40
   1203.01208    0.5854000      30.48
   1203.01379    0.6153800      32.05
   1203.01550    0.6490100      33.80
   1203.01709    0.6824000      35.54
   1203.01880    0.7126200      37.11
   1203.02051    0.7376200      38.41
   1203.02209    0.7568800      39.41
   1203.02380    0.7713500      40.17
   1203.02551    0.7819600      40.72
   1203.02710    0.7887500      41.07
   1203.02881    0.7914800      41.22
   1203.03052    0.7905800      41.17
   1203.03223    0.7870500      40.98
   1203.03381    0.7823300      40.74
   1203.03552    0.7785400      40.54
   1203.03723    0.7781900      40.52
   1203.03882    0.7826700      40.76
   1203.04053    0.7911400      41.20
   1203.04224    0.8014600      41.73
   1203.04382    0.8118500      42.27
   1203.04553    0.8214300      42.77
   1203.04724    0.8295000      43.19
   1203.04883    0.8356400      43.51
   1203.05054    0.8402300      43.75
   1203.05225    0.8439600      43.95
   1203.05396    0.8467600      44.09
   1203.05554    0.8480900      44.16
   1203.05725    0.8482300      44.17
   1203.05896    0.8482200      44.17
   1203.06055    0.8482300      44.17
   1203.06226    0.8472700      44.12
   1203.06396    0.8450300      44.00
   1203.06555    0.8426200      43.88
   1203.06726    0.8404000      43.76
   1203.06897    0.8365700      43.56
   1203.07056    0.8294900      43.19
   1203.07227    0.8202900      42.71
   1203.07397    0.8112100      42.24
   1203.07556    0.8021400      41.77
   1203.07727    0.7917200      41.22
   1203.07898    0.7818000      40.71
   1203.08069    0.7774100      40.48
   1203.08228    0.7804800      40.64
   1203.08398    0.7862200      40.94
   1203.08569    0.7882500      41.04
   1203.08728    0.7856000      40.90
   1203.08899    0.7814800      40.69
   1203.09070    0.7766500      40.44
   1203.09229    0.7681400      40.00
   1203.09399    0.7553600      39.33
   1203.09570    0.7436100      38.72
   1203.09729    0.7387600      38.47
   1203.09900    0.7405500      38.56
   1203.10071    0.7437300      38.72
   1203.10242    0.7444100      38.76
   1203.10400    0.7427200      38.67
   1203.10571    0.7398900      38.52
   1203.10742    0.7359300      38.32
   1203.10901    0.7307100      38.05
   1203.11072    0.7250100      37.75
   1203.11243    0.7191300      37.44
   1203.11401    0.7121600      37.08
   1203.11572    0.7036200      36.63
   1203.11743    0.6941200      36.14
   1203.11902    0.6834400      35.58
   1203.12073    0.6698900      34.88
   1203.12244    0.6536300      34.03
   1203.12415    0.6391000      33.27
   1203.12573    0.6312300      32.86
   1203.12744    0.6289600      32.75
   1203.12915    0.6254900      32.57
   1203.13074    0.6154100      32.04
   1203.13245    0.5993800      31.21
   1203.13416    0.5805800      30.23
   1203.13574    0.5591800      29.11
   1203.13745    0.5329800      27.75
   1203.13916    0.5020100      26.14
   1203.14075    0.4693200      24.43
   1203.14246    0.4372500      22.76
   1203.14417    0.4058500      21.13
   1203.14575    0.3757100      19.56
   1203.14746    0.3495200      18.20
   1203.14917    0.3294600      17.15
   1203.15088    0.3149500      16.40
   1203.15247    0.3049700      15.88
   1203.15417    0.3008000      15.66
   1203.15588    0.3041100      15.83
   1203.15747    0.3132300      16.31
   1203.15918    0.3245700      16.90
   1203.16089    0.3379300      17.59
   1203.16248    0.3577000      18.62
   1203.16418    0.3873300      20.16
   1203.16589    0.4244200      22.10
   1203.16748    0.4627800      24.09
   1203.16919    0.4979300      25.92
   1203.17090    0.5290500      27.54
   1203.17261    0.5568000      28.99
   1203.17419    0.5814100      30.27
   1203.17590    0.6028700      31.39
   1203.17761    0.6214000      32.35
   1203.17920    0.6372000      33.17
   1203.18091    0.6505400      33.87
   1203.18262    0.6621400      34.47
   1203.18420    0.6727900      35.02
   1203.18591    0.6825200      35.53
   1203.18762    0.6911100      35.98
   1203.18921    0.6990000      36.39
   1203.19092    0.7067400      36.79
   1203.19263    0.7139100      37.17
   1203.19434    0.7198500      37.47
   1203.19592    0.7252100      37.75
   1203.19763    0.7310700      38.06
   1203.19934    0.7366500      38.35
   1203.20093    0.7400900      38.53
   1203.20264    0.7418800      38.62
   1203.20435    0.7444800      38.76
   1203.20593    0.7470200      38.89
   1203.20764    0.7438400      38.72
   1203.20935    0.7321300      38.11
   1203.21094    0.7192300      37.44
   1203.21265    0.7172900      37.34
   1203.21436    0.7298500      37.99
   1203.21606    0.7477400      38.92
   1203.21765    0.7600900      39.57
   1203.21936    0.7656600      39.86
   1203.22107    0.7705700      40.11
   1203.22266    0.7782700      40.51
   1203.22437    0.7865800      40.95
   1203.22607    0.7935100      41.31
   1203.22766    0.8006600      41.68
   1203.22937    0.8094500      42.14
   1203.23108    0.8180600      42.58
   1203.23267    0.8244500      42.92
   1203.23438    0.8297100      43.19
   1203.23608    0.8357800      43.51
   1203.23779    0.8418300      43.82
   1203.23938    0.8458200      44.03
   1203.24109    0.8484600      44.17
   1203.24280    0.8521700      44.36
   1203.24438    0.8568600      44.60
   1203.24609    0.8599600      44.76
   1203.24780    0.8611200      44.82
   1203.24939    0.8631200      44.93
   1203.25110    0.8671300      45.14
   1203.25281    0.8704800      45.31
   1203.25452    0.8712900      45.35
   1203.25610    0.8718600      45.38
   1203.25781    0.8744000      45.51
   1203.25952    0.8762600      45.61
   1203.26111    0.8740300      45.50
   1203.26282    0.8702800      45.30
   1203.26453    0.8699200      45.28
   1203.26611    0.8698700      45.28
   1203.26782    0.8598100      44.75
   1203.26953    0.8373200      43.58
   1203.27112    0.8165700      42.50
   1203.27283    0.8152000      42.43
   1203.27454    0.8345600      43.44
   1203.27625    0.8591200      44.72
   1203.27783    0.8748100      45.53
   1203.27954    0.8815800      45.89
   1203.28125    0.8867700      46.16
   1203.28284    0.8930000      46.48
   1203.28455    0.8974700      46.71
   1203.28625    0.8990800      46.80
   1203.28784    0.9003600      46.86
   1203.28955    0.9028700      46.99
   1203.29126    0.9052300      47.12
   1203.29285    0.9062900      47.17
   1203.29456    0.9070200      47.21
   1203.29626    0.9083600      47.28
   1203.29797    0.9096700      47.35
   1203.29956    0.9101400      47.37
   1203.30127    0.9102800      47.38
   1203.30298    0.9107600      47.40
   1203.30457    0.9113500      47.43
   1203.30627    0.9115700      47.45
   1203.30798    0.9114300      47.44
   1203.30957    0.9111300      47.42
   1203.31128    0.9107600      47.40
   1203.31299    0.9106500      47.40
   1203.31470    0.9109500      47.41
   1203.31628    0.9109600      47.41
   1203.31799    0.9099500      47.36
   1203.31970    0.9086000      47.29
   1203.32129    0.9078400      47.25
   1203.32300    0.9067500      47.19
   1203.32471    0.9038700      47.04
   1203.32629    0.9003100      46.86
   1203.32800    0.8985700      46.77
   1203.32971    0.8977100      46.72
   1203.33130    0.8937200      46.51
   1203.33301    0.8862100      46.12
   1203.33472    0.8799000      45.79
   1203.33643    0.8754800      45.56
   1203.33801    0.8639700      44.97
   1203.33972    0.8377600      43.60
   1203.34143    0.8060800      41.95
   1203.34302    0.7904400      41.14
   1203.34473    0.8015700      41.72
   1203.34644    0.8270800      43.04
   1203.34802    0.8462700      44.04
   1203.34973    0.8521200      44.35
   1203.35144    0.8526700      44.38
   1203.35315    0.8550800      44.50
   1203.35474    0.8570100      44.60
   1203.35645    0.8541800      44.45
   1203.35815    0.8482300      44.14
   1203.35974    0.8432200      43.88
   1203.36145    0.8389500      43.66
   1203.36316    0.8323400      43.32
   1203.36475    0.8230100      42.83
   1203.36646    0.8132900      42.33
   1203.36816    0.8037200      41.83
   1203.36975    0.7925100      41.24
   1203.37146    0.7790900      40.55
   1203.37317    0.7651200      39.82
   1203.37488    0.7512500      39.10
   1203.37646    0.7355700      38.28
   1203.37817    0.7163600      37.28
   1203.37988    0.6942000      36.13
   1203.38147    0.6700100      34.87
   1203.38318    0.6427800      33.45
   1203.38489    0.6107800      31.79
   1203.38647    0.5738700      29.86
   1203.38818    0.5328600      27.73
   1203.38989    0.4873600      25.36
   1203.39160    0.4362400      22.70
   1203.39319    0.3801100      19.78
   1203.39490    0.3216700      16.74
   1203.39661    0.2635700      13.72
   1203.39819    0.2076800      10.81
   1203.39990    0.1568900       8.16
   1203.40161    0.1156700       6.02
   1203.40320    0.0872000       4.54
   1203.40491    0.0712900       3.71
   1203.40662    0.0666000       3.47
   1203.40833    0.0735400       3.83
   1203.40991    0.0931000       4.84
   1203.41162    0.1234100       6.42
   1203.41333    0.1603600       8.34
   1203.41492    0.2015800      10.49
   1203.41663    0.2464800      12.83
   1203.41833    0.2911400      15.15
   1203.41992    0.3269700      17.01
   1203.42163    0.3485800      18.14
   1203.42334    0.3615900      18.82
   1203.42493    0.3779100      19.67
   1203.42664    0.4026500      20.95
   1203.42834    0.4292200      22.34
   1203.43005    0.4489900      23.36
   1203.43164    0.4622700      24.06
   1203.43335    0.4769100      24.82
   1203.43506    0.4982900      25.93
   1203.43665    0.5246600      27.30
   1203.43835    0.5514400      28.69
   1203.44006    0.5763100      29.99
   1203.44165    0.5989200      31.17
   1203.44336    0.6186400      32.19
   1203.44507    0.6346800      33.03
   1203.44678    0.6471500      33.67
   1203.44836    0.6564900      34.16
   1203.45007    0.6625900      34.48
   1203.45178    0.6653900      34.62
   1203.45337    0.6654900      34.63
   1203.45508    0.6633000      34.51
   1203.45679    0.6584600      34.26
   1203.45837    0.6505800      33.85
   1203.46008    0.6400900      33.31
   1203.46179    0.6272100      32.64
   1203.46350    0.6111700      31.80
   1203.46509    0.5912000      30.76
   1203.46680    0.5676200      29.54
   1203.46851    0.5408600      28.14
   1203.47009    0.5102300      26.55
   1203.47180    0.4747400      24.70
   1203.47351    0.4345200      22.61
   1203.47510    0.3903400      20.31
   1203.47681    0.3424200      17.82
   1203.47852    0.2911900      15.15
   1203.48022    0.2388400      12.43
   1203.48181    0.1886000       9.81
   1203.48352    0.1427700       7.43
   1203.48523    0.1030300       5.36
   1203.48682    0.0719000       3.74
   1203.48853    0.0515800       2.68
   1203.49023    0.0415300       2.16
   1203.49182    0.0394500       2.05
   1203.49353    0.0450500       2.34
   1203.49524    0.0605600       3.15
   1203.49695    0.0869100       4.52
   1203.49854    0.1223300       6.36
   1203.50024    0.1656000       8.62
   1203.50195    0.2171000      11.30
   1203.50354    0.2744400      14.28
   1203.50525    0.3308100      17.21
   1203.50696    0.3814300      19.85
   1203.50854    0.4283900      22.29
   1203.51025    0.4738500      24.65
   1203.51196    0.5110100      26.59
   1203.51367    0.5301000      27.58
   1203.51526    0.5349400      27.83
   1203.51697    0.5455100      28.38
   1203.51868    0.5780900      30.08
   1203.52026    0.6273400      32.64
   1203.52197    0.6736800      35.05
   1203.52368    0.7056700      36.71
   1203.52527    0.7281500      37.88
   1203.52698    0.7497500      39.01
   1203.52869    0.7708400      40.11
   1203.53040    0.7871900      40.96
   1203.53198    0.7988400      41.56
   1203.53369    0.8097600      42.13
   1203.53540    0.8211100      42.72
   1203.53699    0.8304400      43.21
   1203.53870    0.8367300      43.53
   1203.54041    0.8420500      43.81
   1203.54199    0.8475800      44.10
   1203.54370    0.8517000      44.31
   1203.54541    0.8532600      44.39
   1203.54712    0.8540800      44.43
   1203.54871    0.8564300      44.56
   1203.55042    0.8601400      44.75
   1203.55212    0.8639600      44.95
   1203.55371    0.8684400      45.18
   1203.55542    0.8749000      45.52
   1203.55713    0.8826100      45.92
   1203.55872    0.8891400      46.26
   1203.56042    0.8936900      46.49
   1203.56213    0.8978800      46.71
   1203.56384    0.9028500      46.97
   1203.56543    0.9075300      47.21
   1203.56714    0.9107100      47.38
   1203.56885    0.9131400      47.51
   1203.57043    0.9160600      47.66
   1203.57214    0.9189400      47.81
   1203.57385    0.9204700      47.89
   1203.57544    0.9210300      47.92
   1203.57715    0.9221900      47.98
   1203.57886    0.9239100      48.06
   1203.58057    0.9245400      48.10
   1203.58215    0.9237200      48.05
   1203.58386    0.9230500      48.02
   1203.58557    0.9232600      48.03
   1203.58716    0.9228600      48.01
   1203.58887    0.9209900      47.91
   1203.59058    0.9191700      47.82
   1203.59216    0.9183200      47.77
   1203.59387    0.9163400      47.67
   1203.59558    0.9112800      47.41
   1203.59729    0.9050800      47.08
   1203.59888    0.9005600      46.85
   1203.60059    0.8962400      46.62
   1203.60229    0.8885300      46.22
   1203.60388    0.8785100      45.70
   1203.60559    0.8708100      45.30
   1203.60730    0.8651700      45.01
   1203.60889    0.8557000      44.51
   1203.61060    0.8416800      43.78
   1203.61230    0.8313000      43.24
   1203.61401    0.8279100      43.07
   1203.61560    0.8190600      42.61
   1203.61731    0.7911700      41.16
   1203.61902    0.7541000      39.23
   1203.62061    0.7383000      38.41
   1203.62231    0.7617000      39.62
   1203.62402    0.8084600      42.06
   1203.62573    0.8477200      44.10
   1203.62732    0.8667600      45.09
   1203.62903    0.8761700      45.58
   1203.63074    0.8873300      46.16
   1203.63232    0.8980100      46.71
   1203.63403    0.9019900      46.92
   1203.63574    0.9014100      46.89
   1203.63733    0.9024600      46.94
   1203.63904    0.9051800      47.09
   1203.64075    0.9049500      47.07
   1203.64246    0.9011400      46.88
   1203.64404    0.8976000      46.69
   1203.64575    0.8958200      46.60
   1203.64746    0.8929400      46.45
   1203.64905    0.8872200      46.15
   1203.65076    0.8804400      45.80
   1203.65247    0.8740100      45.46
   1203.65405    0.8664200      45.07
   1203.65576    0.8559900      44.53
   1203.65747    0.8434300      43.87
   1203.65918    0.8296500      43.16
   1203.66077    0.8135600      42.32
   1203.66248    0.7937400      41.29
   1203.66418    0.7705300      40.08
   1203.66577    0.7445600      38.73
   1203.66748    0.7146900      37.17
   1203.66919    0.6792700      35.33
   1203.67078    0.6384600      33.21
   1203.67249    0.5939300      30.89
   1203.67419    0.5471700      28.46
   1203.67590    0.5000600      26.01
   1203.67749    0.4567200      23.76
   1203.67920    0.4231300      22.01
   1203.68091    0.4045400      21.04
   1203.68250    0.4036400      20.99
   1203.68420    0.4202300      21.86
   1203.68591    0.4511900      23.47
   1203.68762    0.4916000      25.57
   1203.68921    0.5369600      27.93
   1203.69092    0.5843800      30.40
   1203.69263    0.6311600      32.83
   1203.69421    0.6738400      35.05
   1203.69592    0.7103400      36.95
   1203.69763    0.7418100      38.58
   1203.69922    0.7700700      40.05
   1203.70093    0.7943900      41.32
   1203.70264    0.8131900      42.30
   1203.70435    0.8280900      43.07
   1203.70593    0.8425700      43.82
   1203.70764    0.8569800      44.57
   1203.70935    0.8686000      45.18
   1203.71094    0.8772500      45.63
   1203.71265    0.8861700      46.09
   1203.71436    0.8960500      46.60
   1203.71594    0.9030900      46.97
   1203.71765    0.9059600      47.12
   1203.71936    0.9092000      47.29
   1203.72107    0.9153300      47.61
   1203.72266    0.9186800      47.78
   1203.72437    0.9141800      47.55
   1203.72607    0.9075200      47.20
   1203.72766    0.9060500      47.12
   1203.72937    0.9011500      46.87
   1203.73108    0.8741600      45.46
   1203.73279    0.8259800      42.96
   1203.73438    0.7883400      41.00
   1203.73608    0.7933900      41.26
   1203.73779    0.8370500      43.53
   1203.73938    0.8846300      46.01
   1203.74109    0.9105400      47.36
   1203.74280    0.9198100      47.84
   1203.74438    0.9293600      48.33
   1203.74609    0.9425400      49.02
   1203.74780    0.9509800      49.46
   1203.74951    0.9523300      49.53
   1203.75110    0.9535100      49.59
   1203.75281    0.9585800      49.85
   1203.75452    0.9635800      50.11
   1203.75610    0.9647900      50.18
   1203.75781    0.9647100      50.17
   1203.75952    0.9667500      50.28
   1203.76123    0.9696600      50.43
   1203.76282    0.9706700      50.48
   1203.76453    0.9705200      50.47
   1203.76624    0.9716400      50.53
   1203.76782    0.9737300      50.64
   1203.76953    0.9746900      50.69
   1203.77124    0.9744500      50.68
   1203.77283    0.9748100      50.70
   1203.77454    0.9761200      50.76
   1203.77625    0.9768500      50.80
   1203.77795    0.9765600      50.79
   1203.77954    0.9767600      50.80
   1203.78125    0.9782100      50.87
   1203.78296    0.9795100      50.94
   1203.78455    0.9794200      50.93
   1203.78625    0.9788000      50.90
   1203.78796    0.9791700      50.92
   1203.78967    0.9802700      50.98
   1203.79126    0.9806800      51.00
   1203.79297    0.9801500      50.97
   1203.79468    0.9799100      50.96
   1203.79626    0.9806000      50.99
   1203.79797    0.9813200      51.03
   1203.79968    0.9812100      51.03
   1203.80127    0.9809000      51.01
   1203.80298    0.9814100      51.04
   1203.80469    0.9823500      51.08
   1203.80640    0.9825200      51.09
   1203.80798    0.9818800      51.06
   1203.80969    0.9815800      51.04
   1203.81140    0.9820200      51.07
   1203.81299    0.9822900      51.08
   1203.81470    0.9819800      51.06
   1203.81641    0.9819700      51.06
   1203.81812    0.9826300      51.10
   1203.81970    0.9829400      51.11
   1203.82141    0.9824300      51.09
   1203.82312    0.9824200      51.09
   1203.82471    0.9836700      51.15
   1203.82642    0.9844300      51.19
   1203.82812    0.9831200      51.12
   1203.82971    0.9814300      51.03
   1203.83142    0.9818200      51.05
   1203.83313    0.9830000      51.12
   1203.83484    0.9817800      51.05
   1203.83643    0.9788500      50.90
   1203.83813    0.9780800      50.86
   1203.83984    0.9796100      50.94
   1203.84143    0.9789900      50.91
   1203.84314    0.9750600      50.70
   1203.84485    0.9726200      50.58
   1203.84656    0.9735400      50.62
   1203.84814    0.9715800      50.52
   1203.84985    0.9623700      50.04
   1203.85156    0.9522500      49.52
   1203.85315    0.9467900      49.23
   1203.85486    0.9345000      48.59
   1203.85657    0.8973400      46.66
   1203.85828    0.8413300      43.75
   1203.85986    0.8025100      41.73
   1203.86157    0.8110100      42.17
   1203.86328    0.8565200      44.54
   1203.86487    0.9010400      46.85
   1203.86658    0.9212300      47.90
   1203.86829    0.9253900      48.12
   1203.86987    0.9302600      48.37
   1203.87158    0.9372300      48.73
   1203.87329    0.9382200      48.78
   1203.87500    0.9331100      48.52
   1203.87659    0.9295700      48.33
   1203.87830    0.9301900      48.37
   1203.88000    0.9303800      48.38
   1203.88159    0.9282100      48.26
   1203.88330    0.9278300      48.24
   1203.88501    0.9317200      48.45
   1203.88672    0.9364900      48.69
   1203.88831    0.9387700      48.81
   1203.89001    0.9401200      48.88
   1203.89172    0.9431100      49.04
   1203.89331    0.9464500      49.21
   1203.89502    0.9474700      49.26
   1203.89673    0.9468900      49.23
   1203.89844    0.9475700      49.27
   1203.90002    0.9501500      49.40
   1203.90173    0.9531100      49.56
   1203.90344    0.9561000      49.71
   1203.90503    0.9602300      49.93
   1203.90674    0.9653300      50.19
   1203.90845    0.9695600      50.41
   1203.91003    0.9721200      50.54
   1203.91174    0.9741300      50.65
   1203.91345    0.9765700      50.77
   1203.91516    0.9788000      50.89
   1203.91675    0.9800400      50.95
   1203.91846    0.9805100      50.98
   1203.92017    0.9808400      51.00
   1203.92175    0.9811000      51.01
   1203.92346    0.9813600      51.02
   1203.92517    0.9818700      51.05
   1203.92688    0.9825000      51.08
   1203.92847    0.9826800      51.09
   1203.93018    0.9824400      51.08
   1203.93188    0.9825000      51.08
   1203.93347    0.9829400      51.10
   1203.93518    0.9829200      51.10
   1203.93689    0.9822400      51.07
   1203.93860    0.9818900      51.05
   1203.94019    0.9823400      51.07
   1203.94189    0.9825600      51.08
   1203.94360    0.9816600      51.04
   1203.94519    0.9803100      50.97
   1203.94690    0.9794100      50.92
   1203.94861    0.9783600      50.86
   1203.95020    0.9762200      50.75
   1203.95190    0.9735600      50.61
   1203.95361    0.9712700      50.50
   1203.95532    0.9684700      50.35
   1203.95691    0.9637300      50.10
   1203.95862    0.9577100      49.79
   1203.96033    0.9521300      49.50
   1203.96191    0.9464100      49.20
   1203.96362    0.9382500      48.78
   1203.96533    0.9276500      48.23
   1203.96704    0.9170400      47.68
   1203.96863    0.9066500      47.13
   1203.97034    0.8934200      46.45
   1203.97205    0.8764800      45.57
   1203.97363    0.8596700      44.69
   1203.97534    0.8458200      43.97
   1203.97705    0.8323200      43.27
   1203.97876    0.8166900      42.46
   1203.98035    0.8029000      41.74
   1203.98206    0.7960000      41.38
   1203.98376    0.7931300      41.23
   1203.98535    0.7878600      40.96
   1203.98706    0.7822600      40.67
   1203.98877    0.7842000      40.77
   1203.99048    0.7897300      41.05
   1203.99207    0.7804500      40.57
   1203.99377    0.7486000      38.92
   1203.99548    0.7172300      37.29
   1203.99707    0.7209000      37.48
   1203.99878    0.7667300      39.86
   1204.00049    0.8262200      42.95
   1204.00220    0.8684000      45.14
   1204.00378    0.8896500      46.25
   1204.00549    0.9053900      47.07
   1204.00720    0.9235300      48.01
   1204.00879    0.9382700      48.78
   1204.01050    0.9450900      49.13
   1204.01221    0.9487800      49.32
   1204.01392    0.9545100      49.62
   1204.01550    0.9602700      49.92
   1204.01721    0.9624500      50.03
   1204.01892    0.9626100      50.04
   1204.02051    0.9642000      50.12
   1204.02222    0.9665300      50.24
   1204.02393    0.9667500      50.25
   1204.02551    0.9651500      50.17
   1204.02722    0.9642700      50.13
   1204.02893    0.9642000      50.12
   1204.03064    0.9626700      50.04
   1204.03223    0.9591700      49.86
   1204.03394    0.9554600      49.67
   1204.03564    0.9519900      49.49
   1204.03723    0.9468900      49.22
   1204.03894    0.9390700      48.81
   1204.04065    0.9297000      48.33
   1204.04236    0.9196700      47.81
   1204.04395    0.9079500      47.20
   1204.04565    0.8937900      46.46
   1204.04736    0.8792000      45.70
   1204.04895    0.8678700      45.11
   1204.05066    0.8625100      44.83
   1204.05237    0.8639900      44.91
   1204.05408    0.8719700      45.32
   1204.05566    0.8848000      45.99
   1204.05737    0.8995300      46.76
   1204.05908    0.9133100      47.47
   1204.06067    0.9250700      48.08
   1204.06238    0.9352800      48.62
   1204.06409    0.9443000      49.08
   1204.06580    0.9517500      49.47
   1204.06738    0.9574100      49.77
   1204.06909    0.9618400      50.00
   1204.07080    0.9657700      50.20
   1204.07239    0.9692300      50.38
   1204.07410    0.9718600      50.52
   1204.07581    0.9736900      50.61
   1204.07751    0.9751400      50.69
   1204.07910    0.9764000      50.75
   1204.08081    0.9772700      50.80
   1204.08252    0.9777900      50.82
   1204.08411    0.9786100      50.87
   1204.08582    0.9801400      50.94
   1204.08752    0.9816800      51.02
   1204.08923    0.9822900      51.06
   1204.09082    0.9823300      51.06
   1204.09253    0.9830500      51.10
   1204.09424    0.9845100      51.17
   1204.09583    0.9853200      51.21
   1204.09753    0.9850100      51.20
   1204.09924    0.9850600      51.20
