   1288.00037    0.9339000      42.09
   1288.00220    0.9443800      42.57
   1288.00415    0.9521900      42.92
   1288.00610    0.9577200      43.17
   1288.00806    0.9614400      43.33
   1288.00989    0.9640100      43.45
   1288.01184    0.9659800      43.54
   1288.01379    0.9676300      43.61
   1288.01562    0.9689300      43.67
   1288.01758    0.9698400      43.71
   1288.01953    0.9702500      43.73
   1288.02136    0.9700000      43.72
   1288.02332    0.9690400      43.68
   1288.02527    0.9676200      43.61
   1288.02710    0.9662400      43.55
   1288.02905    0.9653300      43.51
   1288.03101    0.9650900      43.50
   1288.03296    0.9655600      43.52
   1288.03479    0.9665900      43.56
   1288.03674    0.9678400      43.62
   1288.03870    0.9690100      43.67
   1288.04053    0.9700600      43.72
   1288.04248    0.9711300      43.77
   1288.04443    0.9721100      43.81
   1288.04626    0.9727000      43.84
   1288.04822    0.9728500      43.85
   1288.05017    0.9728900      43.85
   1288.05200    0.9731200      43.86
   1288.05396    0.9733600      43.87
   1288.05591    0.9734000      43.87
   1288.05786    0.9734500      43.87
   1288.05969    0.9738700      43.89
   1288.06165    0.9744300      43.92
   1288.06360    0.9744500      43.92
   1288.06543    0.9737600      43.89
   1288.06738    0.9730800      43.85
   1288.06934    0.9730900      43.85
   1288.07117    0.9735300      43.87
   1288.07312    0.9737000      43.88
   1288.07507    0.9734900      43.87
   1288.07690    0.9735400      43.87
   1288.07886    0.9741300      43.90
   1288.08081    0.9747600      43.93
   1288.08276    0.9747900      43.93
   1288.08459    0.9742900      43.91
   1288.08655    0.9738100      43.89
   1288.08850    0.9735900      43.88
   1288.09033    0.9734400      43.87
   1288.09229    0.9731800      43.86
   1288.09424    0.9728300      43.84
   1288.09607    0.9723900      43.82
   1288.09802    0.9717300      43.79
   1288.09998    0.9709200      43.75
   1288.10181    0.9702800      43.73
   1288.10376    0.9699900      43.71
   1288.10571    0.9698100      43.70
   1288.10767    0.9693400      43.68
   1288.10950    0.9684900      43.64
   1288.11145    0.9674500      43.60
   1288.11340    0.9662900      43.55
   1288.11523    0.9650600      43.49
   1288.11719    0.9642400      43.45
   1288.11914    0.9646800      43.47
   1288.12097    0.9667100      43.56
   1288.12292    0.9694400      43.69
   1288.12488    0.9715500      43.78
   1288.12671    0.9725600      43.83
   1288.12866    0.9731700      43.85
   1288.13062    0.9740000      43.89
   1288.13257    0.9747500      43.92
   1288.13440    0.9747500      43.92
   1288.13635    0.9741400      43.90
   1288.13831    0.9737800      43.88
   1288.14014    0.9739500      43.89
   1288.14209    0.9740700      43.89
   1288.14404    0.9736800      43.88
   1288.14587    0.9733300      43.86
   1288.14783    0.9737100      43.88
   1288.14978    0.9744800      43.91
   1288.15161    0.9746200      43.92
   1288.15356    0.9738700      43.88
   1288.15552    0.9730900      43.85
   1288.15747    0.9730100      43.84
   1288.15930    0.9731900      43.85
   1288.16125    0.9727500      43.83
   1288.16321    0.9716100      43.78
   1288.16504    0.9705500      43.73
   1288.16699    0.9699900      43.71
   1288.16895    0.9692400      43.67
   1288.17078    0.9670500      43.58
   1288.17273    0.9628700      43.39
   1288.17468    0.9574800      43.14
   1288.17664    0.9527800      42.93
   1288.17847    0.9508200      42.84
   1288.18042    0.9524700      42.92
   1288.18237    0.9567000      43.11
   1288.18420    0.9613800      43.32
   1288.18616    0.9649500      43.48
   1288.18811    0.9672900      43.58
   1288.18994    0.9690700      43.66
   1288.19189    0.9705900      43.73
   1288.19385    0.9716500      43.78
   1288.19568    0.9721400      43.80
   1288.19763    0.9723400      43.81
   1288.19958    0.9724700      43.82
   1288.20154    0.9723200      43.81
   1288.20337    0.9716800      43.78
   1288.20532    0.9706700      43.74
   1288.20728    0.9696800      43.69
   1288.20911    0.9689600      43.66
   1288.21106    0.9685000      43.64
   1288.21301    0.9682000      43.62
   1288.21484    0.9678700      43.61
   1288.21680    0.9672100      43.58
   1288.21875    0.9658900      43.52
   1288.22070    0.9637200      43.42
   1288.22253    0.9605900      43.28
   1288.22449    0.9564200      43.09
   1288.22644    0.9515600      42.87
   1288.22827    0.9471600      42.67
   1288.23022    0.9448700      42.57
   1288.23218    0.9455900      42.60
   1288.23401    0.9487500      42.75
   1288.23596    0.9527800      42.93
   1288.23792    0.9563800      43.09
   1288.23975    0.9591800      43.22
   1288.24170    0.9613500      43.31
   1288.24365    0.9629900      43.39
   1288.24561    0.9640400      43.43
   1288.24744    0.9644900      43.45
   1288.24939    0.9644500      43.45
   1288.25134    0.9640300      43.43
   1288.25317    0.9634300      43.41
   1288.25513    0.9629600      43.38
   1288.25708    0.9628500      43.38
   1288.25891    0.9630500      43.39
   1288.26086    0.9633500      43.40
   1288.26282    0.9636300      43.41
   1288.26477    0.9640000      43.43
   1288.26660    0.9645700      43.46
   1288.26855    0.9652300      43.49
   1288.27051    0.9658300      43.51
   1288.27234    0.9663200      43.54
   1288.27429    0.9668200      43.56
   1288.27625    0.9674800      43.59
   1288.27808    0.9683500      43.63
   1288.28003    0.9693400      43.67
   1288.28198    0.9702400      43.71
   1288.28394    0.9708300      43.74
   1288.28577    0.9711600      43.75
   1288.28772    0.9714500      43.77
   1288.28967    0.9719200      43.79
   1288.29150    0.9724900      43.81
   1288.29346    0.9728300      43.83
   1288.29541    0.9727700      43.82
   1288.29724    0.9724800      43.81
   1288.29919    0.9723600      43.81
   1288.30115    0.9726000      43.82
   1288.30298    0.9729500      43.83
   1288.30493    0.9730700      43.84
   1288.30688    0.9729600      43.83
   1288.30884    0.9728400      43.83
   1288.31067    0.9727100      43.82
   1288.31262    0.9722100      43.80
   1288.31458    0.9711500      43.75
   1288.31641    0.9699700      43.70
   1288.31836    0.9693900      43.67
   1288.32031    0.9696500      43.68
   1288.32214    0.9702000      43.71
   1288.32410    0.9704100      43.72
   1288.32605    0.9702100      43.71
   1288.32800    0.9700500      43.70
   1288.32983    0.9703200      43.71
   1288.33179    0.9710800      43.75
   1288.33374    0.9721800      43.79
   1288.33557    0.9733400      43.85
   1288.33752    0.9742500      43.89
   1288.33948    0.9746400      43.91
   1288.34131    0.9745100      43.90
   1288.34326    0.9742400      43.89
   1288.34521    0.9743000      43.89
   1288.34717    0.9747300      43.91
   1288.34900    0.9750100      43.92
   1288.35095    0.9747300      43.91
   1288.35291    0.9741400      43.88
   1288.35474    0.9739500      43.87
   1288.35669    0.9744200      43.89
   1288.35864    0.9749600      43.92
   1288.36047    0.9750000      43.92
   1288.36243    0.9747100      43.91
   1288.36438    0.9745600      43.90
   1288.36633    0.9745000      43.90
   1288.36816    0.9741000      43.88
   1288.37012    0.9736100      43.86
   1288.37207    0.9737900      43.86
   1288.37390    0.9747800      43.91
   1288.37585    0.9756300      43.95
   1288.37781    0.9755800      43.94
   1288.37964    0.9750000      43.92
   1288.38159    0.9746200      43.90
   1288.38354    0.9744900      43.90
   1288.38550    0.9742000      43.88
   1288.38733    0.9737800      43.86
   1288.38928    0.9735400      43.85
   1288.39124    0.9734500      43.85
   1288.39307    0.9733300      43.84
   1288.39502    0.9733900      43.84
   1288.39697    0.9737900      43.86
   1288.39880    0.9740700      43.88
   1288.40076    0.9738300      43.86
   1288.40271    0.9735500      43.85
   1288.40466    0.9738500      43.86
   1288.40649    0.9742500      43.88
   1288.40845    0.9739300      43.87
   1288.41040    0.9734000      43.84
   1288.41223    0.9736800      43.86
   1288.41418    0.9742300      43.88
   1288.41614    0.9734600      43.85
   1288.41797    0.9716000      43.76
   1288.41992    0.9706500      43.72
   1288.42188    0.9710300      43.74
   1288.42383    0.9707200      43.72
   1288.42566    0.9691200      43.65
   1288.42761    0.9686700      43.63
   1288.42957    0.9704300      43.71
   1288.43140    0.9712900      43.75
   1288.43335    0.9687500      43.63
   1288.43530    0.9658400      43.50
   1288.43713    0.9662800      43.52
   1288.43909    0.9671500      43.56
   1288.44104    0.9627400      43.36
   1288.44299    0.9548100      43.00
   1288.44482    0.9501800      42.80
   1288.44678    0.9457900      42.60
   1288.44873    0.9266600      41.74
   1288.45056    0.8872000      39.96
   1288.45251    0.8480800      38.20
   1288.45447    0.8394500      37.81
   1288.45642    0.8673000      39.06
   1288.45825    0.9066800      40.84
   1288.46021    0.9307000      41.92
   1288.46216    0.9366600      42.19
   1288.46399    0.9387600      42.28
   1288.46594    0.9446100      42.54
   1288.46790    0.9494000      42.76
   1288.46973    0.9490500      42.74
   1288.47168    0.9474700      42.67
   1288.47363    0.9489000      42.74
   1288.47559    0.9513000      42.84
   1288.47742    0.9513900      42.85
   1288.47937    0.9507100      42.82
   1288.48132    0.9523300      42.89
   1288.48315    0.9552000      43.02
   1288.48511    0.9561700      43.06
   1288.48706    0.9554800      43.03
   1288.48889    0.9560900      43.06
   1288.49084    0.9584500      43.16
   1288.49280    0.9598500      43.23
   1288.49475    0.9590300      43.19
   1288.49658    0.9578500      43.14
   1288.49854    0.9577900      43.13
   1288.50049    0.9575600      43.12
   1288.50232    0.9555300      43.03
   1288.50427    0.9523900      42.89
   1288.50623    0.9498400      42.78
   1288.50806    0.9479600      42.69
   1288.51001    0.9454100      42.58
   1288.51196    0.9415700      42.40
   1288.51392    0.9370200      42.20
   1288.51575    0.9323400      41.99
   1288.51770    0.9274200      41.77
   1288.51965    0.9220000      41.52
   1288.52148    0.9158900      41.25
   1288.52344    0.9086600      40.92
   1288.52539    0.8997800      40.52
   1288.52734    0.8892200      40.04
   1288.52917    0.8772500      39.51
   1288.53113    0.8637300      38.90
   1288.53308    0.8479600      38.19
   1288.53491    0.8292100      37.34
   1288.53687    0.8071500      36.35
   1288.53882    0.7816100      35.20
   1288.54065    0.7529100      33.91
   1288.54260    0.7231400      32.56
   1288.54456    0.6969300      31.38
   1288.54651    0.6803800      30.64
   1288.54834    0.6782300      30.54
   1288.55029    0.6912400      31.13
   1288.55225    0.7157800      32.23
   1288.55408    0.7459700      33.59
   1288.55603    0.7766200      34.97
   1288.55798    0.8049300      36.25
   1288.55981    0.8300200      37.38
   1288.56177    0.8517000      38.35
   1288.56372    0.8698400      39.17
   1288.56567    0.8846300      39.84
   1288.56750    0.8966500      40.38
   1288.56946    0.9065100      40.82
   1288.57141    0.9145600      41.18
   1288.57324    0.9210500      41.48
   1288.57520    0.9263400      41.71
   1288.57715    0.9308100      41.91
   1288.57910    0.9346900      42.09
   1288.58093    0.9380900      42.24
   1288.58289    0.9410500      42.37
   1288.58484    0.9435300      42.49
   1288.58667    0.9455500      42.58
   1288.58862    0.9473600      42.66
   1288.59058    0.9494000      42.75
   1288.59241    0.9518600      42.86
   1288.59436    0.9544000      42.98
   1288.59631    0.9564100      43.07
   1288.59827    0.9576700      43.12
   1288.60010    0.9585200      43.16
   1288.60205    0.9594200      43.20
   1288.60400    0.9604600      43.25
   1288.60583    0.9613800      43.29
   1288.60779    0.9620300      43.32
   1288.60974    0.9625600      43.34
   1288.61169    0.9632300      43.37
   1288.61353    0.9640400      43.41
   1288.61548    0.9647000      43.44
   1288.61743    0.9650700      43.45
   1288.61926    0.9654000      43.47
   1288.62122    0.9660400      43.50
   1288.62317    0.9669400      43.54
   1288.62500    0.9675300      43.56
   1288.62695    0.9673700      43.56
   1288.62891    0.9667400      43.53
   1288.63086    0.9663600      43.51
   1288.63269    0.9666300      43.52
   1288.63464    0.9672400      43.55
   1288.63660    0.9676900      43.57
   1288.63843    0.9680000      43.58
   1288.64038    0.9686200      43.61
   1288.64233    0.9696700      43.66
   1288.64429    0.9706100      43.70
   1288.64612    0.9708900      43.71
   1288.64807    0.9707200      43.71
   1288.65002    0.9708100      43.71
   1288.65186    0.9714600      43.74
   1288.65381    0.9721500      43.77
   1288.65576    0.9722400      43.77
   1288.65759    0.9717800      43.75
   1288.65955    0.9715100      43.74
   1288.66150    0.9718600      43.76
   1288.66345    0.9724500      43.78
   1288.66528    0.9725400      43.79
   1288.66724    0.9719600      43.76
   1288.66919    0.9712600      43.73
   1288.67102    0.9710800      43.72
   1288.67297    0.9714400      43.74
   1288.67493    0.9719100      43.76
   1288.67688    0.9722200      43.77
   1288.67871    0.9724900      43.78
   1288.68066    0.9728500      43.80
   1288.68262    0.9731000      43.81
   1288.68445    0.9729000      43.80
   1288.68640    0.9722300      43.77
   1288.68835    0.9714500      43.74
   1288.69019    0.9709600      43.71
   1288.69214    0.9708800      43.71
   1288.69409    0.9710700      43.72
   1288.69604    0.9712700      43.73
   1288.69788    0.9712700      43.73
   1288.69983    0.9710600      43.72
   1288.70178    0.9708700      43.71
   1288.70361    0.9709900      43.71
   1288.70557    0.9713300      43.73
   1288.70752    0.9715400      43.74
   1288.70947    0.9714600      43.74
   1288.71130    0.9712600      43.73
   1288.71326    0.9710800      43.72
   1288.71521    0.9706100      43.70
   1288.71704    0.9694700      43.65
   1288.71899    0.9678500      43.57
   1288.72095    0.9663700      43.51
   1288.72290    0.9654100      43.46
   1288.72473    0.9645900      43.42
   1288.72668    0.9632900      43.37
   1288.72864    0.9610900      43.27
   1288.73047    0.9579000      43.12
   1288.73242    0.9537200      42.93
   1288.73438    0.9484400      42.70
   1288.73621    0.9415700      42.39
   1288.73816    0.9322900      41.97
   1288.74011    0.9204600      41.44
   1288.74207    0.9082200      40.89
   1288.74390    0.8997000      40.50
   1288.74585    0.8983100      40.44
   1288.74780    0.9038800      40.69
   1288.74963    0.9130500      41.10
   1288.75159    0.9224100      41.52
   1288.75354    0.9305500      41.89
   1288.75549    0.9374100      42.20
   1288.75732    0.9427700      42.44
   1288.75928    0.9464100      42.60
   1288.76123    0.9489300      42.72
   1288.76306    0.9514100      42.83
   1288.76501    0.9541800      42.95
   1288.76697    0.9566500      43.06
   1288.76892    0.9585600      43.15
   1288.77075    0.9603600      43.23
   1288.77271    0.9624200      43.32
   1288.77466    0.9643400      43.41
   1288.77649    0.9657700      43.47
   1288.77844    0.9671300      43.54
   1288.78040    0.9689800      43.62
   1288.78235    0.9710600      43.71
   1288.78418    0.9725700      43.78
   1288.78613    0.9733200      43.81
   1288.78809    0.9737800      43.83
   1288.78992    0.9741300      43.85
   1288.79187    0.9739900      43.84
   1288.79382    0.9732500      43.81
   1288.79565    0.9725200      43.78
   1288.79761    0.9722900      43.77
   1288.79956    0.9722200      43.76
   1288.80151    0.9716500      43.74
   1288.80334    0.9707200      43.70
   1288.80530    0.9702400      43.67
   1288.80725    0.9705800      43.69
   1288.80908    0.9712000      43.72
   1288.81104    0.9715200      43.73
   1288.81299    0.9716500      43.74
   1288.81494    0.9720200      43.75
   1288.81677    0.9726300      43.78
   1288.81873    0.9730300      43.80
   1288.82068    0.9729900      43.80
   1288.82251    0.9728300      43.79
   1288.82446    0.9729400      43.79
   1288.82642    0.9732800      43.81
   1288.82837    0.9734200      43.81
   1288.83020    0.9731000      43.80
   1288.83215    0.9724800      43.77
   1288.83411    0.9718500      43.74
   1288.83594    0.9712900      43.72
   1288.83789    0.9706200      43.69
   1288.83984    0.9697300      43.65
   1288.84180    0.9688200      43.61
   1288.84363    0.9681000      43.57
   1288.84558    0.9674500      43.54
   1288.84753    0.9665400      43.50
   1288.84937    0.9652300      43.44
   1288.85132    0.9637300      43.38
   1288.85327    0.9623100      43.31
   1288.85522    0.9610000      43.25
   1288.85706    0.9597400      43.20
   1288.85901    0.9586200      43.15
   1288.86096    0.9578400      43.11
   1288.86279    0.9575300      43.10
   1288.86475    0.9577400      43.11
   1288.86670    0.9585900      43.14
   1288.86865    0.9600500      43.21
   1288.87048    0.9616200      43.28
   1288.87244    0.9626700      43.33
   1288.87439    0.9631600      43.35
   1288.87622    0.9637400      43.38
   1288.87817    0.9650000      43.43
   1288.88013    0.9666800      43.51
   1288.88196    0.9680500      43.57
   1288.88391    0.9688100      43.60
   1288.88586    0.9693500      43.63
   1288.88782    0.9700300      43.66
   1288.88965    0.9707500      43.69
   1288.89160    0.9712500      43.71
   1288.89355    0.9716300      43.73
   1288.89539    0.9721200      43.75
   1288.89734    0.9725700      43.77
   1288.89929    0.9725800      43.77
   1288.90125    0.9721200      43.75
   1288.90308    0.9717100      43.73
   1288.90503    0.9717600      43.73
   1288.90698    0.9720800      43.75
   1288.90881    0.9722800      43.76
   1288.91077    0.9723100      43.76
   1288.91272    0.9723400      43.76
   1288.91467    0.9723300      43.76
   1288.91650    0.9721100      43.75
   1288.91846    0.9718200      43.74
   1288.92041    0.9719300      43.74
   1288.92224    0.9725600      43.77
   1288.92419    0.9731600      43.80
   1288.92615    0.9732300      43.80
   1288.92810    0.9728900      43.78
   1288.92993    0.9726600      43.77
   1288.93188    0.9726700      43.77
   1288.93384    0.9725700      43.77
   1288.93567    0.9721000      43.75
   1288.93762    0.9714500      43.72
   1288.93958    0.9708400      43.69
   1288.94153    0.9701800      43.66
   1288.94336    0.9693200      43.62
   1288.94531    0.9685000      43.59
   1288.94727    0.9681400      43.57
   1288.94910    0.9682200      43.57
   1288.95105    0.9682200      43.57
   1288.95300    0.9676900      43.55
   1288.95496    0.9666200      43.50
   1288.95679    0.9652800      43.44
   1288.95874    0.9637200      43.37
   1288.96069    0.9616900      43.28
   1288.96252    0.9590100      43.16
   1288.96448    0.9558400      43.01
   1288.96643    0.9524500      42.86
   1288.96838    0.9487000      42.69
   1288.97021    0.9440200      42.48
   1288.97217    0.9378400      42.20
   1288.97412    0.9301200      41.86
   1288.97595    0.9210700      41.45
   1288.97791    0.9107500      40.98
   1288.97986    0.8992200      40.46
   1288.98181    0.8874400      39.93
   1288.98364    0.8777200      39.50
   1288.98560    0.8727900      39.28
   1288.98755    0.8741000      39.33
   1288.98938    0.8809800      39.64
   1288.99133    0.8912800      40.11
   1288.99329    0.9026800      40.62
   1288.99524    0.9136000      41.11
   1288.99707    0.9233400      41.55
   1288.99902    0.9317500      41.93
   1289.00098    0.9388200      42.25
   1289.00281    0.9444800      42.50
   1289.00476    0.9488500      42.70
   1289.00671    0.9523900      42.86
   1289.00867    0.9556200      43.00
   1289.01050    0.9586400      43.14
   1289.01245    0.9610800      43.25
   1289.01440    0.9626600      43.32
   1289.01624    0.9636300      43.36
   1289.01819    0.9643900      43.39
   1289.02014    0.9651100      43.43
   1289.02209    0.9656900      43.45
   1289.02393    0.9661200      43.47
   1289.02588    0.9664600      43.49
   1289.02783    0.9667400      43.50
   1289.02966    0.9669300      43.51
   1289.03162    0.9671300      43.52
   1289.03357    0.9674800      43.53
   1289.03552    0.9680300      43.56
   1289.03735    0.9687100      43.59
   1289.03931    0.9695300      43.62
   1289.04126    0.9704300      43.66
   1289.04309    0.9711100      43.70
   1289.04504    0.9713400      43.71
   1289.04700    0.9713300      43.71
   1289.04895    0.9715200      43.71
   1289.05078    0.9719200      43.73
   1289.05273    0.9720100      43.74
   1289.05469    0.9715500      43.71
   1289.05664    0.9710300      43.69
   1289.05847    0.9709400      43.69
   1289.06042    0.9709400      43.69
   1289.06238    0.9702900      43.66
   1289.06421    0.9690600      43.60
   1289.06616    0.9682600      43.57
   1289.06812    0.9686300      43.58
   1289.07007    0.9697900      43.63
   1289.07190    0.9707400      43.68
   1289.07385    0.9709800      43.69
   1289.07581    0.9708800      43.68
   1289.07764    0.9710000      43.69
   1289.07959    0.9716100      43.72
   1289.08154    0.9725600      43.76
   1289.08350    0.9734800      43.80
   1289.08533    0.9740400      43.82
   1289.08728    0.9741600      43.83
   1289.08923    0.9740900      43.83
   1289.09106    0.9740900      43.83
   1289.09302    0.9740900      43.83
   1289.09497    0.9738200      43.81
   1289.09692    0.9732700      43.79
   1289.09875    0.9727500      43.77
   1289.10071    0.9725800      43.76
   1289.10266    0.9727600      43.77
   1289.10449    0.9731000      43.78
   1289.10645    0.9734500      43.80
   1289.10840    0.9738000      43.81
   1289.11035    0.9741500      43.83
   1289.11218    0.9745100      43.84
   1289.11414    0.9748800      43.86
   1289.11609    0.9752400      43.88
   1289.11792    0.9755400      43.89
   1289.11987    0.9757100      43.90
   1289.12183    0.9757300      43.90
   1289.12378    0.9755600      43.89
   1289.12561    0.9752800      43.88
   1289.12756    0.9750500      43.87
   1289.12952    0.9750700      43.87
   1289.13135    0.9753100      43.88
   1289.13330    0.9755200      43.89
   1289.13525    0.9755100      43.89
   1289.13721    0.9754100      43.88
   1289.13904    0.9755000      43.89
   1289.14099    0.9757200      43.90
   1289.14294    0.9757300      43.90
   1289.14490    0.9753700      43.88
   1289.14673    0.9750300      43.86
   1289.14868    0.9751800      43.87
   1289.15063    0.9757500      43.90
   1289.15247    0.9761500      43.91
   1289.15442    0.9759500      43.91
   1289.15637    0.9754000      43.88
   1289.15833    0.9751200      43.87
   1289.16016    0.9753500      43.88
   1289.16211    0.9757700      43.90
   1289.16406    0.9759000      43.90
   1289.16589    0.9756800      43.89
   1289.16785    0.9753800      43.88
   1289.16980    0.9751900      43.87
   1289.17175    0.9750300      43.86
   1289.17358    0.9747400      43.85
   1289.17554    0.9743100      43.83
   1289.17749    0.9739000      43.81
   1289.17932    0.9736600      43.80
   1289.18127    0.9736300      43.80
   1289.18323    0.9736300      43.80
   1289.18518    0.9733200      43.78
   1289.18701    0.9725800      43.75
   1289.18896    0.9718900      43.72
   1289.19092    0.9718800      43.72
   1289.19275    0.9726300      43.75
   1289.19470    0.9734700      43.79
   1289.19666    0.9737400      43.80
   1289.19861    0.9735600      43.79
   1289.20044    0.9735400      43.79
   1289.20239    0.9738700      43.81
   1289.20435    0.9741700      43.82
   1289.20630    0.9741800      43.82
   1289.20813    0.9742100      43.82
   1289.21008    0.9746600      43.84
   1289.21204    0.9753300      43.87
   1289.21387    0.9756800      43.89
   1289.21582    0.9754900      43.88
   1289.21777    0.9749900      43.86
   1289.21973    0.9745100      43.84
   1289.22156    0.9742200      43.82
   1289.22351    0.9742000      43.82
   1289.22546    0.9744600      43.83
   1289.22729    0.9747400      43.85
   1289.22925    0.9747600      43.85
   1289.23120    0.9745300      43.84
   1289.23315    0.9744000      43.83
   1289.23499    0.9745800      43.84
   1289.23694    0.9748700      43.85
   1289.23889    0.9751100      43.86
   1289.24084    0.9754100      43.87
   1289.24268    0.9758400      43.89
   1289.24463    0.9760300      43.90
   1289.24658    0.9756300      43.88
   1289.24841    0.9748600      43.85
   1289.25037    0.9743000      43.82
   1289.25232    0.9739600      43.81
   1289.25427    0.9732400      43.78
   1289.25610    0.9718000      43.71
   1289.25806    0.9701600      43.64
   1289.26001    0.9691500      43.59
   1289.26184    0.9689200      43.58
   1289.26379    0.9690300      43.59
   1289.26575    0.9691100      43.59
   1289.26770    0.9692000      43.59
   1289.26953    0.9694400      43.60
   1289.27148    0.9698100      43.62
   1289.27344    0.9703000      43.64
   1289.27527    0.9709900      43.67
   1289.27722    0.9718700      43.71
   1289.27917    0.9727100      43.75
   1289.28113    0.9733600      43.78
   1289.28296    0.9739600      43.81
   1289.28491    0.9746900      43.84
   1289.28687    0.9754800      43.87
   1289.28882    0.9761400      43.90
   1289.29065    0.9766100      43.93
   1289.29260    0.9769600      43.94
   1289.29456    0.9771000      43.95
   1289.29639    0.9768100      43.93
   1289.29834    0.9761000      43.90
   1289.30029    0.9752500      43.86
   1289.30225    0.9746000      43.83
   1289.30408    0.9742900      43.82
   1289.30603    0.9743300      43.82
   1289.30798    0.9746400      43.84
   1289.30994    0.9750200      43.85
   1289.31177    0.9751800      43.86
   1289.31372    0.9750600      43.85
   1289.31567    0.9749100      43.85
   1289.31750    0.9750000      43.85
   1289.31946    0.9752200      43.86
   1289.32141    0.9753200      43.86
   1289.32336    0.9751900      43.86
   1289.32520    0.9749600      43.85
   1289.32715    0.9747600      43.84
   1289.32910    0.9746300      43.83
   1289.33093    0.9746000      43.83
   1289.33289    0.9746800      43.84
   1289.33484    0.9748100      43.84
   1289.33679    0.9748200      43.84
   1289.33862    0.9747700      43.84
   1289.34058    0.9748500      43.84
   1289.34253    0.9751700      43.86
   1289.34448    0.9755600      43.87
   1289.34631    0.9758000      43.88
   1289.34827    0.9758600      43.89
   1289.35022    0.9758600      43.89
   1289.35205    0.9758300      43.89
   1289.35400    0.9757600      43.88
   1289.35596    0.9757200      43.88
   1289.35791    0.9758400      43.89
   1289.35974    0.9761000      43.90
   1289.36169    0.9763600      43.91
   1289.36365    0.9765500      43.92
   1289.36548    0.9766600      43.92
   1289.36743    0.9766100      43.92
   1289.36938    0.9763500      43.91
   1289.37134    0.9761100      43.90
   1289.37317    0.9761800      43.90
   1289.37512    0.9764700      43.91
   1289.37708    0.9765300      43.92
   1289.37903    0.9762400      43.90
   1289.38086    0.9761100      43.90
   1289.38281    0.9765900      43.92
   1289.38477    0.9773200      43.95
   1289.38660    0.9774900      43.96
   1289.38855    0.9769900      43.94
   1289.39050    0.9765500      43.92
   1289.39246    0.9766900      43.92
   1289.39429    0.9769900      43.93
   1289.39624    0.9767700      43.92
   1289.39819    0.9760800      43.89
   1289.40015    0.9755300      43.87
   1289.40198    0.9754600      43.87
   1289.40393    0.9756400      43.87
   1289.40588    0.9758200      43.88
   1289.40771    0.9760100      43.89
   1289.40967    0.9762600      43.90
   1289.41162    0.9764100      43.91
   1289.41357    0.9765200      43.91
   1289.41541    0.9768800      43.93
   1289.41736    0.9774700      43.95
   1289.41931    0.9777500      43.97
   1289.42126    0.9773200      43.95
   1289.42310    0.9765500      43.91
   1289.42505    0.9760500      43.89
   1289.42700    0.9759000      43.88
   1289.42883    0.9756600      43.87
   1289.43079    0.9752800      43.86
   1289.43274    0.9751700      43.85
   1289.43469    0.9754700      43.86
   1289.43652    0.9757400      43.88
   1289.43848    0.9757100      43.87
   1289.44043    0.9757000      43.87
   1289.44226    0.9759500      43.88
   1289.44421    0.9759800      43.89
   1289.44617    0.9752900      43.85
   1289.44812    0.9742900      43.81
   1289.44995    0.9737600      43.79
   1289.45190    0.9736600      43.78
   1289.45386    0.9730200      43.75
   1289.45581    0.9714400      43.68
   1289.45764    0.9697800      43.61
   1289.45959    0.9691700      43.58
   1289.46155    0.9697900      43.61
   1289.46338    0.9709400      43.66
   1289.46533    0.9720200      43.71
   1289.46729    0.9727700      43.74
   1289.46924    0.9729600      43.75
   1289.47107    0.9725000      43.73
   1289.47302    0.9718600      43.70
   1289.47498    0.9717700      43.69
   1289.47693    0.9724600      43.72
   1289.47876    0.9734200      43.77
   1289.48071    0.9741100      43.80
   1289.48267    0.9745100      43.82
   1289.48450    0.9747500      43.83
   1289.48645    0.9748200      43.83
   1289.48840    0.9746700      43.82
   1289.49036    0.9745300      43.82
   1289.49219    0.9745500      43.82
   1289.49414    0.9745600      43.82
   1289.49609    0.9743300      43.81
   1289.49805    0.9740100      43.79
   1289.49988    0.9739500      43.79
   1289.50183    0.9741600      43.80
   1289.50378    0.9743700      43.81
   1289.50562    0.9745500      43.82
   1289.50757    0.9749800      43.84
   1289.50952    0.9757700      43.87
   1289.51147    0.9765600      43.91
   1289.51331    0.9769100      43.92
   1289.51526    0.9767400      43.91
   1289.51721    0.9762600      43.89
   1289.51917    0.9756700      43.87
   1289.52100    0.9751000      43.84
   1289.52295    0.9747900      43.83
   1289.52490    0.9749500      43.83
   1289.52673    0.9754500      43.86
   1289.52869    0.9758800      43.88
   1289.53064    0.9760200      43.88
   1289.53259    0.9761000      43.88
   1289.53442    0.9764400      43.90
   1289.53638    0.9770000      43.92
   1289.53833    0.9774300      43.94
   1289.54028    0.9774400      43.94
   1289.54211    0.9771100      43.93
   1289.54407    0.9766900      43.91
   1289.54602    0.9762900      43.89
   1289.54785    0.9758700      43.87
   1289.54980    0.9755200      43.86
   1289.55176    0.9755000      43.86
   1289.55371    0.9758800      43.87
   1289.55554    0.9763300      43.89
   1289.55750    0.9764600      43.90
   1289.55945    0.9762700      43.89
   1289.56140    0.9760800      43.88
   1289.56323    0.9759100      43.87
   1289.56519    0.9753500      43.85
   1289.56714    0.9742000      43.80
   1289.56909    0.9730100      43.74
   1289.57092    0.9724700      43.72
   1289.57288    0.9725500      43.72
   1289.57483    0.9725300      43.72
   1289.57666    0.9719300      43.69
   1289.57861    0.9710700      43.66
   1289.58057    0.9704400      43.63
   1289.58252    0.9700000      43.61
   1289.58435    0.9693300      43.58
   1289.58630    0.9682700      43.53
   1289.58826    0.9668500      43.46
   1289.59021    0.9648300      43.37
   1289.59204    0.9617900      43.24
   1289.59399    0.9576400      43.05
   1289.59595    0.9527400      42.83
   1289.59778    0.9471500      42.58
   1289.59973    0.9403500      42.27
   1289.60168    0.9317600      41.89
   1289.60364    0.9216000      41.43
   1289.60547    0.9108100      40.94
   1289.60742    0.9004900      40.48
   1289.60938    0.8915700      40.08
   1289.61133    0.8849100      39.78
   1289.61316    0.8813500      39.62
   1289.61511    0.8813600      39.62
   1289.61707    0.8848000      39.77
   1289.61890    0.8910400      40.05
   1289.62085    0.8991900      40.42
   1289.62280    0.9082800      40.83
   1289.62476    0.9174300      41.24
   1289.62659    0.9261700      41.63
   1289.62854    0.9343300      42.00
   1289.63049    0.9417300      42.33
   1289.63245    0.9479500      42.61
   1289.63428    0.9527100      42.83
   1289.63623    0.9561700      42.98
   1289.63818    0.9588500      43.10
   1289.64014    0.9611500      43.20
   1289.64197    0.9631800      43.30
   1289.64392    0.9648900      43.37
   1289.64587    0.9662600      43.43
   1289.64771    0.9672400      43.48
   1289.64966    0.9678700      43.51
   1289.65161    0.9682000      43.52
   1289.65356    0.9681000      43.52
   1289.65540    0.9671200      43.47
   1289.65735    0.9649500      43.37
   1289.65930    0.9621100      43.25
   1289.66125    0.9597900      43.14
   1289.66309    0.9588000      43.10
   1289.66504    0.9588400      43.10
   1289.66699    0.9589700      43.10
   1289.66882    0.9584700      43.08
   1289.67078    0.9572500      43.03
   1289.67273    0.9553500      42.94
   1289.67468    0.9525200      42.81
   1289.67651    0.9483400      42.63
   1289.67847    0.9425500      42.37
   1289.68042    0.9351900      42.04
   1289.68237    0.9265100      41.64
   1289.68420    0.9166500      41.20
   1289.68616    0.9057200      40.71
   1289.68811    0.8943300      40.20
   1289.69006    0.8844000      39.75
   1289.69189    0.8788100      39.50
   1289.69385    0.8796200      39.54
   1289.69580    0.8863100      39.84
   1289.69763    0.8961900      40.28
   1289.69958    0.9065100      40.74
   1289.70154    0.9160700      41.17
   1289.70349    0.9247200      41.56
   1289.70532    0.9322100      41.90
   1289.70728    0.9379800      42.16
   1289.70923    0.9418900      42.33
   1289.71118    0.9444000      42.45
   1289.71301    0.9460900      42.52
   1289.71497    0.9472800      42.58
   1289.71692    0.9482400      42.62
   1289.71887    0.9492300      42.66
   1289.72070    0.9501600      42.71
   1289.72266    0.9507100      42.73
   1289.72461    0.9508300      42.74
   1289.72644    0.9510200      42.74
   1289.72839    0.9517800      42.78
   1289.73035    0.9531600      42.84
   1289.73230    0.9548100      42.91
   1289.73413    0.9565100      42.99
   1289.73608    0.9581800      43.06
   1289.73804    0.9596900      43.13
   1289.73999    0.9608300      43.18
   1289.74182    0.9615700      43.22
   1289.74377    0.9620600      43.24
   1289.74573    0.9624800      43.26
   1289.74768    0.9629500      43.28
   1289.74951    0.9635500      43.30
   1289.75146    0.9642100      43.33
   1289.75342    0.9646100      43.35
   1289.75525    0.9645400      43.35
   1289.75720    0.9642200      43.33
   1289.75916    0.9640000      43.32
   1289.76111    0.9638800      43.32
   1289.76294    0.9633400      43.29
   1289.76489    0.9621000      43.24
   1289.76685    0.9605400      43.17
   1289.76880    0.9593100      43.11
   1289.77063    0.9586500      43.08
   1289.77258    0.9583000      43.07
   1289.77454    0.9580200      43.05
   1289.77649    0.9579500      43.05
   1289.77832    0.9584500      43.07
   1289.78027    0.9597200      43.13
   1289.78223    0.9616100      43.22
   1289.78406    0.9637100      43.31
   1289.78601    0.9655900      43.39
   1289.78796    0.9670600      43.46
   1289.78992    0.9682900      43.52
   1289.79175    0.9694900      43.57
   1289.79370    0.9706600      43.62
   1289.79565    0.9715300      43.66
   1289.79761    0.9718800      43.68
   1289.79944    0.9719000      43.68
   1289.80139    0.9720300      43.68
   1289.80334    0.9725000      43.70
   1289.80530    0.9730600      43.73
   1289.80713    0.9732300      43.74
   1289.80908    0.9729400      43.72
   1289.81104    0.9726000      43.71
   1289.81287    0.9726300      43.71
   1289.81482    0.9729400      43.72
   1289.81677    0.9731200      43.73
   1289.81873    0.9731700      43.73
   1289.82056    0.9735300      43.75
   1289.82251    0.9743500      43.79
   1289.82446    0.9751700      43.82
   1289.82642    0.9753500      43.83
   1289.82825    0.9748500      43.81
   1289.83020    0.9741800      43.78
   1289.83215    0.9737500      43.76
   1289.83411    0.9735600      43.75
   1289.83594    0.9735100      43.75
   1289.83789    0.9736500      43.75
   1289.83984    0.9740400      43.77
   1289.84180    0.9745400      43.79
   1289.84363    0.9748900      43.81
   1289.84558    0.9750300      43.81
   1289.84753    0.9750900      43.82
   1289.84937    0.9751500      43.82
   1289.85132    0.9751500      43.82
   1289.85327    0.9749500      43.81
   1289.85522    0.9745500      43.79
   1289.85706    0.9741700      43.77
   1289.85901    0.9740500      43.77
   1289.86096    0.9739100      43.76
   1289.86292    0.9729700      43.72
   1289.86475    0.9707800      43.62
   1289.86670    0.9681900      43.51
   1289.86865    0.9669300      43.45
   1289.87061    0.9679000      43.49
   1289.87244    0.9701100      43.59
   1289.87439    0.9717900      43.67
   1289.87634    0.9722100      43.69
   1289.87817    0.9721300      43.68
   1289.88013    0.9724500      43.70
   1289.88208    0.9731700      43.73
   1289.88403    0.9737400      43.75
   1289.88586    0.9739600      43.76
   1289.88782    0.9739000      43.76
   1289.88977    0.9734000      43.74
   1289.89172    0.9722300      43.68
   1289.89355    0.9706500      43.61
   1289.89551    0.9694000      43.56
   1289.89746    0.9687200      43.53
   1289.89941    0.9680600      43.50
   1289.90125    0.9668500      43.44
   1289.90320    0.9654100      43.38
   1289.90515    0.9644400      43.33
   1289.90710    0.9640000      43.31
   1289.90894    0.9634100      43.29
   1289.91089    0.9622400      43.23
   1289.91284    0.9608600      43.17
   1289.91479    0.9595700      43.11
   1289.91663    0.9577700      43.03
   1289.91858    0.9545800      42.89
   1289.92053    0.9497900      42.67
   1289.92236    0.9434400      42.39
   1289.92432    0.9345800      41.99
   1289.92627    0.9216800      41.41
   1289.92822    0.9053800      40.68
   1289.93005    0.8899100      39.98
   1289.93201    0.8806300      39.57
   1289.93396    0.8797600      39.53
   1289.93591    0.8850700      39.77
   1289.93774    0.8925000      40.10
   1289.93970    0.8990600      40.39
   1289.94165    0.9028700      40.57
   1289.94360    0.9020400      40.53
   1289.94543    0.8949000      40.21
   1289.94739    0.8813000      39.60
   1289.94934    0.8623100      38.74
   1289.95129    0.8385400      37.67
   1289.95312    0.8096600      36.38
   1289.95508    0.7759600      34.86
   1289.95703    0.7393800      33.22
   1289.95886    0.7023600      31.56
   1289.96082    0.6664400      29.94
   1289.96277    0.6324900      28.42
   1289.96472    0.6019800      27.05
   1289.96655    0.5767200      25.91
   1289.96851    0.5572400      25.04
   1289.97046    0.5424000      24.37
   1289.97241    0.5308200      23.85
   1289.97424    0.5221000      23.46
   1289.97620    0.5163000      23.20
   1289.97815    0.5128000      23.04
   1289.98010    0.5105100      22.94
   1289.98193    0.5091200      22.87
   1289.98389    0.5096300      22.90
   1289.98584    0.5134500      23.07
   1289.98779    0.5215800      23.43
   1289.98962    0.5348400      24.03
   1289.99158    0.5544700      24.91
   1289.99353    0.5818500      26.14
   1289.99548    0.6172500      27.73
   1289.99731    0.6589200      29.60
   1289.99927    0.7035900      31.61
   1290.00122    0.7478100      33.60
   1290.00305    0.7890700      35.45
   1290.00500    0.8260300      37.11
   1290.00696    0.8579700      38.54
   1290.00891    0.8845300      39.74
   1290.01074    0.9056400      40.68
   1290.01270    0.9217600      41.41
   1290.01465    0.9338300      41.95
   1290.01660    0.9430500      42.37
   1290.01843    0.9504800      42.70
   1290.02039    0.9566300      42.97
   1290.02234    0.9614200      43.19
   1290.02429    0.9646600      43.34
   1290.02612    0.9666200      43.42
   1290.02808    0.9679900      43.48
   1290.03003    0.9692900      43.54
   1290.03198    0.9704900      43.60
   1290.03381    0.9713100      43.63
   1290.03577    0.9718200      43.66
   1290.03772    0.9723300      43.68
   1290.03967    0.9729000      43.70
   1290.04150    0.9732000      43.72
   1290.04346    0.9730800      43.71
   1290.04541    0.9728500      43.70
   1290.04724    0.9729800      43.71
   1290.04919    0.9735100      43.73
   1290.05115    0.9740800      43.76
   1290.05310    0.9744400      43.77
   1290.05493    0.9745600      43.78
   1290.05688    0.9745100      43.78
   1290.05884    0.9743100      43.77
   1290.06079    0.9741600      43.76
   1290.06262    0.9742500      43.76
   1290.06458    0.9744000      43.77
   1290.06653    0.9742300      43.76
   1290.06848    0.9736600      43.74
   1290.07031    0.9732000      43.72
   1290.07227    0.9730300      43.71
   1290.07422    0.9724600      43.68
   1290.07617    0.9706300      43.60
   1290.07800    0.9680900      43.49
   1290.07996    0.9666800      43.42
   1290.08191    0.9676800      43.47
   1290.08386    0.9702500      43.58
   1290.08569    0.9723800      43.68
   1290.08765    0.9730300      43.71
   1290.08960    0.9728400      43.70
   1290.09155    0.9727800      43.70
   1290.09338    0.9729900      43.70
   1290.09534    0.9730600      43.71
   1290.09729    0.9729800      43.70
   1290.09924    0.9731200      43.71
   1290.10107    0.9735300      43.73
   1290.10303    0.9738600      43.74
   1290.10498    0.9739400      43.75
   1290.10681    0.9739500      43.75
   1290.10876    0.9740100      43.75
   1290.11072    0.9740100      43.75
   1290.11267    0.9739100      43.74
   1290.11450    0.9739000      43.74
   1290.11646    0.9739900      43.75
   1290.11841    0.9737500      43.74
   1290.12036    0.9728800      43.70
   1290.12219    0.9717800      43.65
   1290.12415    0.9712000      43.62
   1290.12610    0.9713500      43.63
   1290.12805    0.9717700      43.65
   1290.12988    0.9720300      43.66
   1290.13184    0.9722200      43.67
   1290.13379    0.9726000      43.68
   1290.13574    0.9730300      43.70
   1290.13757    0.9731000      43.71
   1290.13953    0.9727400      43.69
   1290.14148    0.9722500      43.67
   1290.14343    0.9719300      43.65
   1290.14526    0.9717100      43.64
   1290.14722    0.9714600      43.63
   1290.14917    0.9713600      43.63
   1290.15112    0.9717600      43.65
   1290.15295    0.9726900      43.69
   1290.15491    0.9736600      43.73
   1290.15686    0.9741200      43.75
   1290.15881    0.9739800      43.74
   1290.16064    0.9735900      43.73
   1290.16260    0.9733200      43.71
   1290.16455    0.9731400      43.71
   1290.16650    0.9728500      43.69
   1290.16833    0.9724100      43.67
   1290.17029    0.9720300      43.66
   1290.17224    0.9718900      43.65
   1290.17407    0.9718900      43.65
   1290.17603    0.9718100      43.65
   1290.17798    0.9715700      43.63
   1290.17993    0.9713700      43.63
   1290.18176    0.9714400      43.63
   1290.18372    0.9718000      43.64
   1290.18567    0.9721100      43.66
   1290.18762    0.9718100      43.64
   1290.18945    0.9705800      43.59
   1290.19141    0.9686200      43.50
   1290.19336    0.9664300      43.40
   1290.19531    0.9643500      43.31
   1290.19714    0.9623400      43.22
   1290.19910    0.9604400      43.13
   1290.20105    0.9591500      43.08
   1290.20300    0.9591500      43.08
   1290.20483    0.9606200      43.14
   1290.20679    0.9628900      43.24
   1290.20874    0.9650900      43.34
   1290.21069    0.9668200      43.42
   1290.21252    0.9682000      43.48
   1290.21448    0.9694200      43.54
   1290.21643    0.9705300      43.59
   1290.21838    0.9715600      43.63
   1290.22021    0.9725800      43.68
   1290.22217    0.9735200      43.72
   1290.22412    0.9741800      43.75
   1290.22607    0.9746200      43.77
   1290.22791    0.9751900      43.79
   1290.22986    0.9761200      43.84
   1290.23181    0.9770600      43.88
   1290.23376    0.9775000      43.90
   1290.23560    0.9775500      43.90
   1290.23755    0.9778100      43.91
   1290.23950    0.9784200      43.94
   1290.24146    0.9786800      43.95
   1290.24329    0.9779800      43.92
   1290.24524    0.9768000      43.86
   1290.24719    0.9762300      43.84
   1290.24915    0.9766000      43.86
   1290.25098    0.9770800      43.88
   1290.25293    0.9769400      43.87
   1290.25488    0.9765000      43.85
   1290.25684    0.9765900      43.85
   1290.25867    0.9773900      43.89
   1290.26062    0.9781800      43.93
   1290.26257    0.9783200      43.93
   1290.26453    0.9779500      43.91
   1290.26636    0.9775900      43.90
   1290.26831    0.9774900      43.89
   1290.27026    0.9775000      43.89
   1290.27209    0.9773700      43.89
   1290.27405    0.9770500      43.87
   1290.27600    0.9766300      43.85
   1290.27795    0.9762700      43.84
   1290.27979    0.9760000      43.83
   1290.28174    0.9756800      43.81
   1290.28369    0.9752700      43.79
   1290.28564    0.9749200      43.78
   1290.28748    0.9746200      43.76
   1290.28943    0.9737900      43.73
   1290.29138    0.9717200      43.63
   1290.29333    0.9687100      43.50
   1290.29517    0.9663000      43.39
   1290.29712    0.9658700      43.37
   1290.29907    0.9671800      43.43
   1290.30103    0.9687900      43.50
   1290.30286    0.9697000      43.54
   1290.30481    0.9701500      43.56
   1290.30676    0.9707200      43.59
   1290.30872    0.9714000      43.62
   1290.31055    0.9719100      43.64
   1290.31250    0.9724300      43.66
   1290.31445    0.9733700      43.71
   1290.31641    0.9745900      43.76
   1290.31824    0.9754700      43.80
   1290.32019    0.9757600      43.81
   1290.32214    0.9758100      43.81
   1290.32410    0.9759700      43.82
   1290.32593    0.9761400      43.83
   1290.32788    0.9761100      43.83
   1290.32983    0.9760700      43.83
   1290.33179    0.9763100      43.84
   1290.33362    0.9767200      43.85
   1290.33557    0.9769800      43.87
   1290.33752    0.9771000      43.87
   1290.33948    0.9774200      43.89
   1290.34131    0.9780200      43.91
   1290.34326    0.9784700      43.93
   1290.34521    0.9783700      43.93
   1290.34717    0.9777400      43.90
   1290.34900    0.9769700      43.86
   1290.35095    0.9762900      43.83
   1290.35291    0.9756900      43.81
   1290.35486    0.9751100      43.78
   1290.35669    0.9746000      43.76
   1290.35864    0.9742800      43.74
   1290.36060    0.9742700      43.74
   1290.36255    0.9746000      43.76
   1290.36438    0.9751100      43.78
   1290.36633    0.9755800      43.80
   1290.36829    0.9759400      43.82
   1290.37024    0.9762800      43.83
   1290.37207    0.9766300      43.85
   1290.37402    0.9767400      43.85
   1290.37598    0.9765000      43.84
   1290.37793    0.9762300      43.83
   1290.37976    0.9763500      43.83
   1290.38171    0.9768000      43.85
   1290.38367    0.9770500      43.87
   1290.38562    0.9769000      43.86
   1290.38745    0.9767800      43.85
   1290.38940    0.9770100      43.86
   1290.39136    0.9772400      43.87
   1290.39331    0.9769000      43.86
   1290.39514    0.9761100      43.82
   1290.39709    0.9756100      43.80
   1290.39905    0.9757500      43.81
   1290.40100    0.9759700      43.82
   1290.40283    0.9757000      43.80
   1290.40479    0.9751600      43.78
   1290.40674    0.9750100      43.77
   1290.40869    0.9753600      43.79
   1290.41052    0.9755800      43.80
   1290.41248    0.9752200      43.78
   1290.41443    0.9745900      43.75
   1290.41638    0.9743000      43.74
   1290.41821    0.9744900      43.75
   1290.42017    0.9747500      43.76
   1290.42212    0.9747900      43.76
   1290.42407    0.9748100      43.76
   1290.42590    0.9751200      43.78
   1290.42786    0.9757600      43.80
   1290.42981    0.9764100      43.83
   1290.43176    0.9768100      43.85
   1290.43359    0.9769200      43.86
   1290.43555    0.9769400      43.86
   1290.43750    0.9769600      43.86
   1290.43945    0.9768300      43.85
   1290.44128    0.9763600      43.83
   1290.44324    0.9756000      43.80
   1290.44519    0.9750400      43.77
   1290.44714    0.9751600      43.78
   1290.44897    0.9759400      43.81
   1290.45093    0.9768400      43.85
   1290.45288    0.9772700      43.87
   1290.45483    0.9771800      43.87
   1290.45667    0.9769900      43.86
   1290.45862    0.9770900      43.86
   1290.46057    0.9775400      43.88
   1290.46252    0.9780400      43.90
   1290.46436    0.9782800      43.92
   1290.46631    0.9781100      43.91
   1290.46826    0.9776700      43.89
   1290.47021    0.9773300      43.87
   1290.47205    0.9773600      43.87
   1290.47400    0.9775600      43.88
   1290.47595    0.9774800      43.88
   1290.47791    0.9770300      43.86
   1290.47974    0.9766300      43.84
   1290.48169    0.9765700      43.84
   1290.48364    0.9764400      43.83
   1290.48560    0.9757300      43.80
   1290.48743    0.9747700      43.76
   1290.48938    0.9745300      43.75
   1290.49133    0.9752900      43.78
   1290.49329    0.9762100      43.82
   1290.49512    0.9764400      43.83
   1290.49707    0.9762800      43.82
   1290.49902    0.9765800      43.84
   1290.50098    0.9772600      43.87
   1290.50281    0.9774200      43.87
   1290.50476    0.9768000      43.85
   1290.50671    0.9762200      43.82
   1290.50867    0.9760100      43.81
   1290.51050    0.9751100      43.77
   1290.51245    0.9724400      43.65
   1290.51440    0.9690300      43.50
   1290.51636    0.9673900      43.42
   1290.51819    0.9687700      43.48
   1290.52014    0.9717500      43.62
   1290.52209    0.9740100      43.72
   1290.52405    0.9747600      43.75
   1290.52588    0.9748200      43.76
   1290.52783    0.9749900      43.76
   1290.52979    0.9751800      43.77
   1290.53174    0.9752300      43.77
   1290.53357    0.9754300      43.78
   1290.53552    0.9759300      43.80
   1290.53748    0.9762900      43.82
   1290.53943    0.9760900      43.81
   1290.54126    0.9756700      43.79
   1290.54321    0.9756900      43.79
   1290.54517    0.9762100      43.82
   1290.54712    0.9767200      43.84
   1290.54895    0.9769000      43.85
   1290.55090    0.9768700      43.85
   1290.55286    0.9768200      43.84
   1290.55481    0.9768600      43.85
   1290.55664    0.9772600      43.86
   1290.55859    0.9781600      43.90
   1290.56055    0.9790300      43.94
   1290.56250    0.9790200      43.94
   1290.56433    0.9781400      43.90
   1290.56628    0.9773700      43.87
   1290.56824    0.9772500      43.86
   1290.57019    0.9771200      43.86
   1290.57202    0.9764200      43.82
   1290.57397    0.9757200      43.79
   1290.57593    0.9757700      43.79
   1290.57788    0.9759400      43.80
   1290.57971    0.9750900      43.76
   1290.58167    0.9735800      43.70
   1290.58362    0.9729300      43.67
   1290.58557    0.9734600      43.69
   1290.58740    0.9738900      43.71
   1290.58936    0.9736900      43.70
   1290.59131    0.9739600      43.71
   1290.59326    0.9751500      43.77
   1290.59521    0.9757500      43.79
   1290.59705    0.9748300      43.75
   1290.59900    0.9740800      43.72
   1290.60095    0.9752300      43.77
   1290.60291    0.9768300      43.84
   1290.60474    0.9763500      43.82
   1290.60669    0.9744500      43.73
   1290.60864    0.9739200      43.71
   1290.61060    0.9745100      43.74
   1290.61243    0.9730200      43.67
   1290.61438    0.9691900      43.50
   1290.61633    0.9667000      43.38
   1290.61829    0.9653800      43.33
   1290.62012    0.9574100      42.97
   1290.62207    0.9374800      42.07
   1290.62402    0.9146100      41.05
   1290.62598    0.9064500      40.68
   1290.62781    0.9199700      41.29
   1290.62976    0.9433500      42.34
   1290.63171    0.9598000      43.07
   1290.63367    0.9648800      43.30
   1290.63550    0.9659600      43.35
   1290.63745    0.9689300      43.48
   1290.63940    0.9720800      43.62
   1290.64136    0.9724200      43.64
   1290.64319    0.9714100      43.59
   1290.64514    0.9719300      43.62
   1290.64709    0.9735500      43.69
   1290.64905    0.9740900      43.71
   1290.65088    0.9734900      43.69
   1290.65283    0.9733400      43.68
   1290.65479    0.9738100      43.70
   1290.65674    0.9737000      43.70
   1290.65857    0.9729700      43.66
   1290.66052    0.9727900      43.65
   1290.66248    0.9733900      43.68
   1290.66443    0.9737100      43.70
   1290.66626    0.9733700      43.68
   1290.66821    0.9732500      43.67
   1290.67017    0.9737400      43.70
   1290.67212    0.9740000      43.71
   1290.67395    0.9734900      43.69
   1290.67590    0.9729200      43.66
   1290.67786    0.9729500      43.66
   1290.67981    0.9728800      43.66
   1290.68176    0.9716600      43.60
   1290.68359    0.9694100      43.50
   1290.68555    0.9672100      43.40
   1290.68750    0.9658200      43.34
   1290.68945    0.9654900      43.33
   1290.69128    0.9664000      43.37
   1290.69324    0.9684200      43.46
   1290.69519    0.9707300      43.56
   1290.69714    0.9723800      43.63
   1290.69897    0.9733400      43.68
   1290.70093    0.9742200      43.72
   1290.70288    0.9751500      43.76
   1290.70483    0.9755500      43.78
   1290.70667    0.9752400      43.76
   1290.70862    0.9748300      43.74
   1290.71057    0.9749700      43.75
   1290.71252    0.9755800      43.78
   1290.71436    0.9762200      43.80
   1290.71631    0.9767300      43.83
   1290.71826    0.9772200      43.85
   1290.72021    0.9776800      43.87
   1290.72205    0.9779800      43.88
   1290.72400    0.9779700      43.88
   1290.72595    0.9775000      43.86
   1290.72791    0.9765500      43.82
   1290.72974    0.9755800      43.78
   1290.73169    0.9750700      43.75
   1290.73364    0.9745900      43.73
   1290.73560    0.9729400      43.66
   1290.73743    0.9698300      43.52
   1290.73938    0.9671200      43.39
   1290.74133    0.9671900      43.40
   1290.74329    0.9701300      43.53
   1290.74512    0.9734700      43.68
   1290.74707    0.9749100      43.74
   1290.74902    0.9746300      43.73
   1290.75098    0.9743200      43.72
   1290.75293    0.9747500      43.74
   1290.75476    0.9752600      43.76
   1290.75671    0.9753100      43.76
   1290.75867    0.9753300      43.76
   1290.76062    0.9758200      43.78
   1290.76245    0.9765000      43.81
   1290.76440    0.9768000      43.83
   1290.76636    0.9767600      43.83
   1290.76831    0.9766800      43.82
   1290.77014    0.9764000      43.81
   1290.77209    0.9754700      43.77
   1290.77405    0.9741000      43.71
   1290.77600    0.9730300      43.66
   1290.77783    0.9725900      43.64
   1290.77979    0.9722100      43.62
   1290.78174    0.9713500      43.58
   1290.78369    0.9703000      43.53
   1290.78552    0.9696900      43.51
   1290.78748    0.9695500      43.50
   1290.78943    0.9692400      43.49
   1290.79138    0.9684600      43.45
   1290.79321    0.9676400      43.41
   1290.79517    0.9673400      43.40
   1290.79712    0.9676700      43.42
   1290.79907    0.9683400      43.45
   1290.80090    0.9691800      43.48
   1290.80286    0.9702000      43.53
   1290.80481    0.9713300      43.58
   1290.80676    0.9724000      43.63
   1290.80872    0.9733100      43.67
   1290.81055    0.9740500      43.70
   1290.81250    0.9746300      43.73
   1290.81445    0.9750800      43.75
   1290.81641    0.9754900      43.76
   1290.81824    0.9758700      43.78
   1290.82019    0.9760700      43.79
   1290.82214    0.9759600      43.79
   1290.82410    0.9757200      43.77
   1290.82593    0.9756700      43.77
   1290.82788    0.9758600      43.78
   1290.82983    0.9759500      43.78
   1290.83179    0.9757700      43.78
   1290.83362    0.9756700      43.77
   1290.83557    0.9761400      43.79
   1290.83752    0.9770900      43.84
   1290.83948    0.9778800      43.87
   1290.84131    0.9779700      43.87
   1290.84326    0.9775100      43.85
   1290.84521    0.9770100      43.83
   1290.84717    0.9767200      43.82
   1290.84900    0.9764600      43.81
   1290.85095    0.9759900      43.78
   1290.85291    0.9754400      43.76
   1290.85486    0.9751500      43.75
   1290.85681    0.9753400      43.76
   1290.85864    0.9757800      43.77
   1290.86060    0.9760900      43.79
   1290.86255    0.9761000      43.79
   1290.86450    0.9760000      43.78
   1290.86633    0.9759900      43.78
   1290.86829    0.9759400      43.78
   1290.87024    0.9755500      43.76
   1290.87219    0.9748500      43.73
   1290.87402    0.9741800      43.70
   1290.87598    0.9737000      43.68
   1290.87793    0.9730100      43.65
   1290.87988    0.9716000      43.59
   1290.88171    0.9694700      43.49
   1290.88367    0.9670000      43.38
   1290.88562    0.9642700      43.26
   1290.88757    0.9607500      43.10
   1290.88940    0.9558100      42.88
   1290.89136    0.9492700      42.58
   1290.89331    0.9412000      42.22
   1290.89526    0.9315600      41.79
   1290.89709    0.9202600      41.28
   1290.89905    0.9076800      40.72
   1290.90100    0.8947300      40.14
   1290.90295    0.8823900      39.58
   1290.90491    0.8715000      39.09
   1290.90674    0.8630400      38.71
   1290.90869    0.8582300      38.50
   1290.91064    0.8578500      38.48
   1290.91260    0.8617300      38.65
   1290.91443    0.8689800      38.98
   1290.91638    0.8788500      39.42
   1290.91833    0.8907800      39.96
   1290.92029    0.9038500      40.54
   1290.92212    0.9165800      41.11
   1290.92407    0.9277800      41.62
   1290.92603    0.9372300      42.04
   1290.92798    0.9453800      42.41
   1290.92981    0.9524600      42.72
   1290.93176    0.9582900      42.99
   1290.93372    0.9628000      43.19
   1290.93567    0.9663700      43.35
   1290.93750    0.9693900      43.48
   1290.93945    0.9719000      43.59
   1290.94141    0.9737600      43.68
   1290.94336    0.9749100      43.73
   1290.94531    0.9754500      43.75
   1290.94714    0.9755400      43.76
   1290.94910    0.9754500      43.75
   1290.95105    0.9755500      43.76
   1290.95300    0.9758500      43.77
   1290.95483    0.9759600      43.78
   1290.95679    0.9756200      43.76
   1290.95874    0.9751300      43.74
   1290.96069    0.9747700      43.72
   1290.96252    0.9739900      43.69
   1290.96448    0.9719000      43.59
   1290.96643    0.9688700      43.46
   1290.96838    0.9668200      43.37
   1290.97021    0.9673900      43.39
   1290.97217    0.9700500      43.51
   1290.97412    0.9727200      43.63
   1290.97607    0.9740600      43.69
   1290.97803    0.9745800      43.71
   1290.97986    0.9753000      43.74
   1290.98181    0.9762500      43.79
   1290.98376    0.9765500      43.80
   1290.98572    0.9757000      43.76
   1290.98755    0.9739800      43.68
   1290.98950    0.9718500      43.59
   1290.99146    0.9693000      43.47
   1290.99341    0.9660000      43.33
   1290.99524    0.9617000      43.13
   1290.99719    0.9562900      42.89
   1290.99915    0.9497800      42.60
   1291.00110    0.9423200      42.26
   1291.00293    0.9343400      41.91
   1291.00488    0.9264700      41.55
   1291.00684    0.9195100      41.24
   1291.00879    0.9143800      41.01
   1291.01062    0.9118000      40.89
   1291.01257    0.9120500      40.91
   1291.01453    0.9149700      41.04
   1291.01648    0.9201700      41.27
   1291.01843    0.9271100      41.58
   1291.02026    0.9349000      41.93
   1291.02222    0.9425700      42.27
   1291.02417    0.9495400      42.59
   1291.02612    0.9557500      42.86
   1291.02795    0.9611500      43.11
   1291.02991    0.9653700      43.30
   1291.03186    0.9682100      43.42
   1291.03381    0.9701700      43.51
   1291.03564    0.9720300      43.59
   1291.03760    0.9738800      43.68
   1291.03955    0.9751300      43.73
   1291.04150    0.9755400      43.75
   1291.04346    0.9756600      43.76
   1291.04529    0.9761000      43.78
   1291.04724    0.9767200      43.80
   1291.04919    0.9769200      43.81
   1291.05115    0.9765600      43.80
   1291.05298    0.9761000      43.78
   1291.05493    0.9758700      43.76
   1291.05688    0.9757800      43.76
   1291.05884    0.9756300      43.75
   1291.06067    0.9755100      43.75
   1291.06262    0.9755500      43.75
   1291.06458    0.9756300      43.75
   1291.06653    0.9755300      43.75
   1291.06836    0.9752400      43.74
   1291.07031    0.9749300      43.72
   1291.07227    0.9747100      43.71
   1291.07422    0.9746600      43.71
   1291.07617    0.9749000      43.72
   1291.07800    0.9754100      43.74
   1291.07996    0.9758700      43.76
   1291.08191    0.9759200      43.77
   1291.08386    0.9756500      43.75
   1291.08569    0.9755500      43.75
   1291.08765    0.9759100      43.76
   1291.08960    0.9764500      43.79
   1291.09155    0.9766800      43.80
   1291.09338    0.9765000      43.79
   1291.09534    0.9762400      43.78
   1291.09729    0.9761900      43.78
   1291.09924    0.9763000      43.78
   1291.10107    0.9763400      43.78
   1291.10303    0.9762500      43.78
   1291.10498    0.9761200      43.77
   1291.10693    0.9759500      43.76
   1291.10889    0.9757000      43.75
   1291.11072    0.9755500      43.75
   1291.11267    0.9758600      43.76
   1291.11462    0.9767500      43.80
   1291.11658    0.9777200      43.84
   1291.11841    0.9780800      43.86
   1291.12036    0.9776900      43.84
   1291.12231    0.9770800      43.81
   1291.12427    0.9767500      43.80
   1291.12610    0.9767100      43.80
   1291.12805    0.9766300      43.79
   1291.13000    0.9764700      43.79
   1291.13196    0.9764300      43.78
   1291.13391    0.9765100      43.79
   1291.13574    0.9764700      43.79
   1291.13770    0.9762400      43.78
   1291.13965    0.9761000      43.77
   1291.14160    0.9762600      43.78
   1291.14343    0.9764600      43.78
   1291.14539    0.9763600      43.78
   1291.14734    0.9761300      43.77
   1291.14929    0.9761600      43.77
   1291.15112    0.9764400      43.78
   1291.15308    0.9764800      43.79
   1291.15503    0.9760500      43.77
   1291.15698    0.9756400      43.75
   1291.15881    0.9757900      43.75
   1291.16077    0.9764500      43.78
   1291.16272    0.9770700      43.81
   1291.16467    0.9773800      43.82
   1291.16663    0.9775400      43.83
   1291.16846    0.9776800      43.84
   1291.17041    0.9775900      43.83
   1291.17236    0.9771400      43.81
   1291.17432    0.9765800      43.79
   1291.17615    0.9762400      43.77
   1291.17810    0.9760500      43.76
   1291.18005    0.9757200      43.75
   1291.18201    0.9752500      43.73
   1291.18384    0.9749600      43.71
   1291.18579    0.9749000      43.71
   1291.18774    0.9747100      43.70
   1291.18970    0.9742000      43.68
   1291.19165    0.9736500      43.66
   1291.19348    0.9732600      43.64
   1291.19543    0.9725500      43.61
   1291.19739    0.9708500      43.53
   1291.19934    0.9684800      43.42
   1291.20117    0.9668700      43.35
   1291.20312    0.9671700      43.36
   1291.20508    0.9690500      43.45
   1291.20703    0.9711000      43.54
   1291.20886    0.9723100      43.59
   1291.21082    0.9727600      43.61
   1291.21277    0.9730600      43.63
   1291.21472    0.9735700      43.65
   1291.21667    0.9741500      43.68
   1291.21851    0.9746000      43.70
   1291.22046    0.9747800      43.70
   1291.22241    0.9746600      43.70
   1291.22437    0.9743400      43.68
   1291.22620    0.9739600      43.67
   1291.22815    0.9736500      43.65
   1291.23010    0.9734600      43.64
   1291.23206    0.9735000      43.65
   1291.23389    0.9738100      43.66
   1291.23584    0.9742800      43.68
   1291.23779    0.9746300      43.70
   1291.23975    0.9746500      43.70
   1291.24170    0.9744200      43.69
   1291.24353    0.9740700      43.67
   1291.24548    0.9735800      43.65
   1291.24744    0.9729300      43.62
   1291.24939    0.9722600      43.59
   1291.25122    0.9717500      43.57
   1291.25317    0.9714000      43.55
   1291.25513    0.9710500      43.53
   1291.25708    0.9706300      43.52
   1291.25891    0.9701700      43.49
   1291.26086    0.9696100      43.47
   1291.26282    0.9688800      43.44
   1291.26477    0.9679800      43.40
   1291.26672    0.9669800      43.35
   1291.26855    0.9657000      43.29
   1291.27051    0.9636900      43.20
   1291.27246    0.9608100      43.07
   1291.27441    0.9574600      42.92
   1291.27625    0.9542300      42.78
   1291.27820    0.9514800      42.66
   1291.28015    0.9494700      42.57
   1291.28210    0.9486300      42.53
   1291.28406    0.9493100      42.56
   1291.28589    0.9513000      42.65
   1291.28784    0.9538900      42.76
   1291.28979    0.9564900      42.88
   1291.29175    0.9588600      42.99
   1291.29358    0.9609200      43.08
   1291.29553    0.9625100      43.15
   1291.29749    0.9635800      43.20
   1291.29944    0.9643500      43.23
   1291.30127    0.9650300      43.26
   1291.30322    0.9655800      43.29
   1291.30518    0.9659200      43.30
   1291.30713    0.9661200      43.31
   1291.30908    0.9662700      43.32
   1291.31091    0.9663400      43.32
   1291.31287    0.9662400      43.31
   1291.31482    0.9660800      43.31
   1291.31677    0.9659900      43.30
   1291.31860    0.9658500      43.30
   1291.32056    0.9654000      43.28
   1291.32251    0.9644200      43.23
   1291.32446    0.9626200      43.15
   1291.32629    0.9595400      43.01
   1291.32825    0.9553900      42.83
   1291.33020    0.9517900      42.67
   1291.33215    0.9509000      42.63
   1291.33411    0.9531200      42.72
   1291.33594    0.9563100      42.87
   1291.33789    0.9579400      42.94
   1291.33984    0.9576600      42.93
   1291.34180    0.9570800      42.90
   1291.34363    0.9572100      42.91
   1291.34558    0.9572700      42.91
   1291.34753    0.9562100      42.86
   1291.34949    0.9543100      42.78
   1291.35144    0.9524500      42.69
   1291.35327    0.9505900      42.61
   1291.35522    0.9479100      42.49
   1291.35718    0.9442200      42.32
   1291.35913    0.9401700      42.14
   1291.36096    0.9361200      41.96
   1291.36292    0.9315600      41.76
   1291.36487    0.9259700      41.51
   1291.36682    0.9194800      41.21
   1291.36865    0.9122300      40.89
   1291.37061    0.9036700      40.51
   1291.37256    0.8930000      40.03
   1291.37451    0.8798000      39.44
   1291.37646    0.8638300      38.72
   1291.37830    0.8444100      37.85
   1291.38025    0.8206500      36.78
   1291.38220    0.7922100      35.51
   1291.38416    0.7595200      34.04
   1291.38599    0.7240000      32.45
   1291.38794    0.6890200      30.88
   1291.38989    0.6607800      29.62
   1291.39185    0.6464700      28.98
   1291.39380    0.6502100      29.14
   1291.39563    0.6704300      30.05
   1291.39758    0.7011100      31.42
   1291.39954    0.7355500      32.97
   1291.40149    0.7690200      34.47
   1291.40332    0.7991400      35.82
   1291.40527    0.8251500      36.98
   1291.40723    0.8472800      37.98
   1291.40918    0.8661700      38.82
   1291.41101    0.8822300      39.54
   1291.41296    0.8954800      40.14
   1291.41492    0.9060700      40.61
   1291.41687    0.9145500      40.99
   1291.41882    0.9216000      41.31
   1291.42065    0.9276500      41.58
   1291.42261    0.9328000      41.81
   1291.42456    0.9371500      42.00
   1291.42651    0.9409100      42.17
   1291.42834    0.9443200      42.32
   1291.43030    0.9473100      42.46
   1291.43225    0.9493200      42.55
   1291.43420    0.9496200      42.56
   1291.43616    0.9484000      42.51
   1291.43799    0.9472800      42.46
   1291.43994    0.9482100      42.50
   1291.44189    0.9515400      42.65
   1291.44385    0.9556300      42.83
   1291.44568    0.9586500      42.96
   1291.44763    0.9603000      43.04
   1291.44958    0.9615300      43.09
   1291.45154    0.9628100      43.15
   1291.45349    0.9636500      43.19
   1291.45532    0.9637400      43.19
   1291.45728    0.9636600      43.19
   1291.45923    0.9640300      43.21
   1291.46118    0.9646800      43.23
   1291.46301    0.9650500      43.25
   1291.46497    0.9652400      43.26
   1291.46692    0.9658100      43.28
   1291.46887    0.9668200      43.33
   1291.47083    0.9676500      43.37
   1291.47266    0.9680000      43.38
   1291.47461    0.9683200      43.40
   1291.47656    0.9690500      43.43
   1291.47852    0.9698100      43.46
   1291.48035    0.9700100      43.47
   1291.48230    0.9697400      43.46
   1291.48425    0.9697100      43.46
   1291.48621    0.9702100      43.48
   1291.48804    0.9708100      43.51
   1291.48999    0.9710900      43.52
   1291.49194    0.9712700      43.53
   1291.49390    0.9716300      43.54
   1291.49585    0.9719600      43.56
   1291.49768    0.9718100      43.55
   1291.49963    0.9712500      43.53
   1291.50159    0.9706100      43.50
   1291.50354    0.9697700      43.46
   1291.50537    0.9683600      43.40
   1291.50732    0.9666800      43.32
   1291.50928    0.9658900      43.28
   1291.51123    0.9666700      43.32
   1291.51318    0.9683000      43.39
   1291.51501    0.9694000      43.44
   1291.51697    0.9696100      43.45
   1291.51892    0.9697300      43.46
   1291.52087    0.9703600      43.48
   1291.52271    0.9711400      43.52
   1291.52466    0.9714100      43.53
   1291.52661    0.9711500      43.52
   1291.52856    0.9707800      43.50
   1291.53052    0.9703600      43.48
   1291.53235    0.9696600      43.45
   1291.53430    0.9686700      43.41
   1291.53625    0.9675800      43.36
   1291.53821    0.9662300      43.30
   1291.54004    0.9641900      43.21
   1291.54199    0.9613300      43.08
   1291.54395    0.9579500      42.93
   1291.54590    0.9541000      42.75
   1291.54785    0.9492300      42.54
   1291.54968    0.9432100      42.27
   1291.55164    0.9373800      42.00
   1291.55359    0.9340800      41.86
   1291.55554    0.9349200      41.89
   1291.55737    0.9395200      42.10
   1291.55933    0.9460400      42.39
   1291.56128    0.9525000      42.68
   1291.56323    0.9577500      42.92
   1291.56519    0.9615500      43.09
   1291.56702    0.9642100      43.21
   1291.56897    0.9660900      43.29
   1291.57092    0.9674100      43.35
   1291.57288    0.9682900      43.39
   1291.57471    0.9690000      43.42
   1291.57666    0.9698500      43.46
   1291.57861    0.9708000      43.50
   1291.58057    0.9713900      43.53
   1291.58252    0.9713400      43.52
   1291.58435    0.9710900      43.51
   1291.58630    0.9713500      43.52
   1291.58826    0.9721300      43.56
   1291.59021    0.9726500      43.58
   1291.59204    0.9724000      43.57
   1291.59399    0.9719100      43.55
   1291.59595    0.9720700      43.56
   1291.59790    0.9729400      43.59
   1291.59985    0.9735700      43.62
   1291.60168    0.9732700      43.61
   1291.60364    0.9723600      43.57
   1291.60559    0.9715400      43.53
   1291.60754    0.9708500      43.50
   1291.60938    0.9696400      43.45
   1291.61133    0.9674700      43.35
   1291.61328    0.9644600      43.21
   1291.61523    0.9608100      43.05
   1291.61719    0.9563700      42.85
   1291.61902    0.9509400      42.61
   1291.62097    0.9447200      42.33
   1291.62292    0.9380700      42.03
   1291.62488    0.9310800      41.72
   1291.62671    0.9237800      41.39
   1291.62866    0.9166900      41.07
   1291.63062    0.9109600      40.82
   1291.63257    0.9076200      40.67
   1291.63452    0.9069700      40.64
   1291.63635    0.9086900      40.71
   1291.63831    0.9123300      40.88
   1291.64026    0.9175900      41.11
   1291.64221    0.9240700      41.40
   1291.64404    0.9310800      41.72
   1291.64600    0.9378800      42.02
   1291.64795    0.9440100      42.29
   1291.64990    0.9494100      42.54
   1291.65186    0.9542200      42.75
   1291.65369    0.9585100      42.94
   1291.65564    0.9621200      43.11
   1291.65759    0.9647200      43.22
   1291.65955    0.9662100      43.29
   1291.66150    0.9669500      43.32
   1291.66333    0.9675800      43.35
   1291.66528    0.9683300      43.38
   1291.66724    0.9688300      43.41
   1291.66919    0.9686100      43.40
   1291.67102    0.9677700      43.36
   1291.67297    0.9669300      43.32
   1291.67493    0.9663100      43.29
   1291.67688    0.9654400      43.25
   1291.67883    0.9639500      43.19
   1291.68066    0.9624300      43.12
   1291.68262    0.9618700      43.09
   1291.68457    0.9623800      43.12
   1291.68652    0.9629500      43.14
   1291.68835    0.9626100      43.13
   1291.69031    0.9614700      43.07
   1291.69226    0.9600300      43.01
   1291.69421    0.9581200      42.92
   1291.69617    0.9549700      42.78
   1291.69800    0.9502200      42.57
   1291.69995    0.9440600      42.29
   1291.70190    0.9363700      41.95
   1291.70386    0.9263700      41.50
   1291.70569    0.9133300      40.92
   1291.70764    0.8965100      40.16
   1291.70959    0.8741700      39.16
   1291.71155    0.8443600      37.83
   1291.71350    0.8087200      36.23
   1291.71533    0.7756500      34.75
   1291.71729    0.7572500      33.92
   1291.71924    0.7610500      34.09
   1291.72119    0.7842500      35.13
   1291.72302    0.8162900      36.57
   1291.72498    0.8469000      37.94
   1291.72693    0.8715500      39.04
   1291.72888    0.8906500      39.90
   1291.73083    0.9057900      40.58
   1291.73267    0.9176700      41.11
   1291.73462    0.9266400      41.51
   1291.73657    0.9335400      41.82
   1291.73853    0.9394300      42.08
   1291.74048    0.9448800      42.33
   1291.74231    0.9497700      42.55
   1291.74426    0.9538500      42.73
   1291.74622    0.9571300      42.88
   1291.74817    0.9599000      43.00
   1291.75000    0.9623700      43.11
   1291.75195    0.9644300      43.20
   1291.75391    0.9659500      43.27
   1291.75586    0.9670300      43.32
   1291.75781    0.9679700      43.36
   1291.75964    0.9688400      43.40
   1291.76160    0.9694700      43.43
   1291.76355    0.9697800      43.44
   1291.76550    0.9700100      43.45
   1291.76733    0.9704200      43.47
   1291.76929    0.9709400      43.49
   1291.77124    0.9713200      43.51
   1291.77319    0.9714600      43.52
   1291.77515    0.9714900      43.52
   1291.77698    0.9716300      43.52
   1291.77893    0.9720600      43.54
   1291.78088    0.9727500      43.57
   1291.78284    0.9733300      43.60
   1291.78479    0.9734500      43.60
   1291.78662    0.9732200      43.59
   1291.78857    0.9731600      43.59
   1291.79053    0.9734600      43.60
   1291.79248    0.9735900      43.61
   1291.79431    0.9731600      43.59
   1291.79626    0.9726800      43.57
   1291.79822    0.9730400      43.58
   1291.80017    0.9741700      43.64
   1291.80212    0.9750100      43.67
   1291.80396    0.9748700      43.67
   1291.80591    0.9742200      43.64
   1291.80786    0.9739700      43.63
   1291.80981    0.9743300      43.64
   1291.81177    0.9749200      43.67
   1291.81360    0.9754200      43.69
   1291.81555    0.9756400      43.70
   1291.81750    0.9754000      43.69
   1291.81946    0.9747600      43.66
   1291.82129    0.9742200      43.64
   1291.82324    0.9741200      43.63
   1291.82520    0.9740400      43.63
   1291.82715    0.9732200      43.59
   1291.82910    0.9716600      43.52
   1291.83093    0.9701100      43.45
   1291.83289    0.9690100      43.40
   1291.83484    0.9681100      43.36
   1291.83679    0.9673300      43.33
   1291.83862    0.9673100      43.33
   1291.84058    0.9685500      43.38
   1291.84253    0.9704700      43.47
   1291.84448    0.9719200      43.53
   1291.84644    0.9724600      43.56
   1291.84827    0.9725300      43.56
   1291.85022    0.9725900      43.56
   1291.85217    0.9725800      43.56
   1291.85413    0.9722900      43.55
   1291.85608    0.9715900      43.52
   1291.85791    0.9704600      43.46
   1291.85986    0.9689200      43.40
   1291.86182    0.9671400      43.32
   1291.86377    0.9652900      43.23
   1291.86560    0.9630900      43.13
   1291.86755    0.9599000      42.99
   1291.86951    0.9551000      42.78
   1291.87146    0.9482800      42.47
   1291.87341    0.9390500      42.06
   1291.87524    0.9277300      41.55
   1291.87720    0.9164700      41.05
   1291.87915    0.9091800      40.72
   1291.88110    0.9090800      40.71
   1291.88306    0.9162300      41.03
   1291.88489    0.9274900      41.54
   1291.88684    0.9389800      42.05
   1291.88879    0.9483700      42.47
   1291.89075    0.9551900      42.78
   1291.89258    0.9599200      42.99
   1291.89453    0.9631700      43.14
   1291.89648    0.9654800      43.24
   1291.89844    0.9672200      43.32
   1291.90039    0.9685500      43.38
   1291.90222    0.9695900      43.42
   1291.90417    0.9705900      43.47
   1291.90613    0.9717500      43.52
   1291.90808    0.9729200      43.57
   1291.91003    0.9736500      43.60
   1291.91187    0.9737600      43.61
   1291.91382    0.9735700      43.60
   1291.91577    0.9735700      43.60
   1291.91772    0.9738600      43.61
   1291.91956    0.9740600      43.62
   1291.92151    0.9737200      43.61
   1291.92346    0.9727700      43.56
   1291.92542    0.9716400      43.51
   1291.92737    0.9710100      43.48
   1291.92920    0.9713700      43.50
   1291.93115    0.9725700      43.55
   1291.93311    0.9739000      43.61
   1291.93506    0.9746600      43.65
   1291.93701    0.9747900      43.65
   1291.93884    0.9747500      43.65
   1291.94080    0.9748800      43.66
   1291.94275    0.9750200      43.66
   1291.94470    0.9749600      43.66
   1291.94653    0.9748700      43.66
   1291.94849    0.9750600      43.66
   1291.95044    0.9753700      43.68
   1291.95239    0.9754200      43.68
   1291.95435    0.9752700      43.67
   1291.95618    0.9754100      43.68
   1291.95813    0.9759000      43.70
   1291.96008    0.9761100      43.71
   1291.96204    0.9756100      43.69
   1291.96399    0.9748700      43.65
   1291.96582    0.9746000      43.64
   1291.96777    0.9746100      43.64
   1291.96973    0.9741500      43.62
   1291.97168    0.9729300      43.57
   1291.97363    0.9712300      43.49
   1291.97546    0.9690500      43.39
   1291.97742    0.9659800      43.26
   1291.97937    0.9619700      43.08
   1291.98132    0.9569700      42.85
   1291.98315    0.9496500      42.52
   1291.98511    0.9380300      42.00
   1291.98706    0.9228200      41.32
   1291.98901    0.9095800      40.73
   1291.99097    0.9053300      40.54
   1291.99280    0.9123100      40.85
   1291.99475    0.9258200      41.46
   1291.99670    0.9388600      42.04
   1291.99866    0.9479300      42.45
   1292.00061    0.9539900      42.72
   1292.00244    0.9589900      42.94
   1292.00439    0.9633000      43.13
   1292.00635    0.9663300      43.27
   1292.00830    0.9682200      43.35
   1292.01013    0.9697500      43.42
   1292.01208    0.9712600      43.49
   1292.01404    0.9724200      43.54
   1292.01599    0.9729800      43.57
   1292.01794    0.9732400      43.58
   1292.01978    0.9736400      43.60
   1292.02173    0.9742300      43.62
   1292.02368    0.9746800      43.64
   1292.02563    0.9747300      43.64
   1292.02759    0.9745400      43.64
   1292.02942    0.9744600      43.63
   1292.03137    0.9746400      43.64
   1292.03333    0.9748000      43.65
   1292.03528    0.9746100      43.64
   1292.03723    0.9741100      43.62
   1292.03906    0.9738300      43.60
   1292.04102    0.9741800      43.62
   1292.04297    0.9749400      43.65
   1292.04492    0.9754800      43.68
   1292.04675    0.9754600      43.68
   1292.04871    0.9752200      43.66
   1292.05066    0.9753500      43.67
   1292.05261    0.9759100      43.69
   1292.05457    0.9764400      43.72
   1292.05640    0.9765900      43.73
   1292.05835    0.9765900      43.72
   1292.06030    0.9769100      43.74
   1292.06226    0.9775200      43.77
   1292.06421    0.9778500      43.78
   1292.06604    0.9775800      43.77
   1292.06799    0.9770600      43.75
   1292.06995    0.9768200      43.73
   1292.07190    0.9768800      43.74
   1292.07385    0.9768800      43.74
   1292.07568    0.9767700      43.73
   1292.07764    0.9768200      43.73
   1292.07959    0.9770900      43.75
   1292.08154    0.9772600      43.75
   1292.08337    0.9772300      43.75
   1292.08533    0.9773600      43.76
   1292.08728    0.9778500      43.78
   1292.08923    0.9782600      43.80
   1292.09119    0.9780600      43.79
   1292.09302    0.9774000      43.76
   1292.09497    0.9768200      43.73
   1292.09692    0.9765000      43.72
   1292.09888    0.9762000      43.70
