   1256.00122    0.9665500      45.95
   1256.00305    0.9668300      45.96
   1256.00488    0.9668300      45.96
   1256.00671    0.9665200      45.95
   1256.00842    0.9661600      45.93
   1256.01025    0.9660100      45.92
   1256.01208    0.9661100      45.93
   1256.01392    0.9663300      45.94
   1256.01575    0.9664200      45.94
   1256.01758    0.9661400      45.93
   1256.01941    0.9656100      45.90
   1256.02124    0.9652900      45.89
   1256.02307    0.9655000      45.90
   1256.02490    0.9659700      45.92
   1256.02673    0.9661000      45.93
   1256.02856    0.9657800      45.91
   1256.03040    0.9654600      45.90
   1256.03210    0.9654100      45.89
   1256.03394    0.9652300      45.88
   1256.03577    0.9645000      45.85
   1256.03760    0.9635400      45.80
   1256.03943    0.9629700      45.78
   1256.04126    0.9628400      45.77
   1256.04309    0.9625800      45.76
   1256.04492    0.9618900      45.72
   1256.04675    0.9611900      45.69
   1256.04858    0.9609100      45.68
   1256.05042    0.9608600      45.68
   1256.05225    0.9606200      45.66
   1256.05408    0.9602900      45.65
   1256.05579    0.9603900      45.65
   1256.05762    0.9610500      45.68
   1256.05945    0.9617900      45.72
   1256.06128    0.9620900      45.73
   1256.06311    0.9619100      45.72
   1256.06494    0.9616100      45.71
   1256.06677    0.9615100      45.71
   1256.06860    0.9617500      45.72
   1256.07043    0.9623500      45.74
   1256.07227    0.9631300      45.78
   1256.07410    0.9635600      45.80
   1256.07593    0.9632200      45.79
   1256.07776    0.9623400      45.74
   1256.07947    0.9617400      45.71
   1256.08130    0.9619700      45.73
   1256.08313    0.9626000      45.76
   1256.08496    0.9626700      45.76
   1256.08679    0.9618500      45.72
   1256.08862    0.9607800      45.67
   1256.09045    0.9602900      45.65
   1256.09229    0.9604100      45.65
   1256.09412    0.9604400      45.65
   1256.09595    0.9597900      45.62
   1256.09778    0.9586300      45.57
   1256.09961    0.9574900      45.51
   1256.10144    0.9566500      45.47
   1256.10315    0.9559500      45.44
   1256.10498    0.9552100      45.40
   1256.10681    0.9544500      45.37
   1256.10864    0.9538000      45.34
   1256.11047    0.9531900      45.31
   1256.11230    0.9524200      45.27
   1256.11414    0.9513800      45.22
   1256.11597    0.9502000      45.16
   1256.11780    0.9490700      45.11
   1256.11963    0.9479000      45.05
   1256.12146    0.9463800      44.98
   1256.12329    0.9443400      44.88
   1256.12512    0.9420600      44.78
   1256.12683    0.9399800      44.68
   1256.12866    0.9381200      44.59
   1256.13049    0.9361700      44.50
   1256.13232    0.9339900      44.39
   1256.13416    0.9319400      44.29
   1256.13599    0.9303400      44.22
   1256.13782    0.9289300      44.15
   1256.13965    0.9273100      44.07
   1256.14148    0.9256600      44.00
   1256.14331    0.9246800      43.95
   1256.14514    0.9246500      43.95
   1256.14697    0.9250600      43.97
   1256.14880    0.9254100      43.98
   1256.15051    0.9259900      44.01
   1256.15234    0.9273000      44.07
   1256.15417    0.9291300      44.16
   1256.15601    0.9306800      44.23
   1256.15784    0.9316700      44.28
   1256.15967    0.9327100      44.33
   1256.16150    0.9343300      44.41
   1256.16333    0.9362300      44.50
   1256.16516    0.9376700      44.56
   1256.16699    0.9384600      44.60
   1256.16882    0.9389700      44.63
   1256.17065    0.9394600      44.65
   1256.17249    0.9398500      44.67
   1256.17419    0.9399800      44.67
   1256.17603    0.9398600      44.67
   1256.17786    0.9394200      44.65
   1256.17969    0.9384300      44.60
   1256.18152    0.9368000      44.52
   1256.18335    0.9347100      44.42
   1256.18518    0.9322500      44.31
   1256.18701    0.9291600      44.16
   1256.18884    0.9252200      43.97
   1256.19067    0.9205100      43.75
   1256.19250    0.9153000      43.50
   1256.19434    0.9096300      43.23
   1256.19617    0.9034300      42.93
   1256.19788    0.8969300      42.63
   1256.19971    0.8905600      42.32
   1256.20154    0.8844500      42.03
   1256.20337    0.8784200      41.75
   1256.20520    0.8725000      41.46
   1256.20703    0.8671900      41.21
   1256.20886    0.8629500      41.01
   1256.21069    0.8596500      40.85
   1256.21252    0.8569900      40.73
   1256.21436    0.8551700      40.64
   1256.21619    0.8547500      40.62
   1256.21802    0.8560100      40.68
   1256.21985    0.8587200      40.81
   1256.22168    0.8626400      40.99
   1256.22339    0.8678200      41.24
   1256.22522    0.8741000      41.54
   1256.22705    0.8808900      41.86
   1256.22888    0.8876900      42.18
   1256.23071    0.8945700      42.51
   1256.23254    0.9017900      42.85
   1256.23438    0.9090400      43.20
   1256.23621    0.9156500      43.51
   1256.23804    0.9214000      43.79
   1256.23987    0.9266600      44.04
   1256.24170    0.9316500      44.27
   1256.24353    0.9360800      44.48
   1256.24536    0.9396800      44.65
   1256.24719    0.9427800      44.80
   1256.24890    0.9458500      44.95
   1256.25073    0.9487800      45.09
   1256.25256    0.9510600      45.19
   1256.25439    0.9526200      45.27
   1256.25623    0.9539900      45.33
   1256.25806    0.9555400      45.41
   1256.25989    0.9569400      45.47
   1256.26172    0.9577800      45.51
   1256.26355    0.9582200      45.53
   1256.26538    0.9588100      45.56
   1256.26721    0.9597100      45.60
   1256.26904    0.9606000      45.65
   1256.27087    0.9612000      45.67
   1256.27258    0.9617000      45.70
   1256.27441    0.9622600      45.72
   1256.27625    0.9626800      45.74
   1256.27808    0.9626700      45.74
   1256.27991    0.9624400      45.73
   1256.28174    0.9625400      45.74
   1256.28357    0.9631300      45.77
   1256.28540    0.9637100      45.79
   1256.28723    0.9638300      45.80
   1256.28906    0.9637000      45.79
   1256.29089    0.9637900      45.80
   1256.29272    0.9638800      45.80
   1256.29456    0.9632500      45.77
   1256.29639    0.9618200      45.70
   1256.29810    0.9606800      45.65
   1256.29993    0.9609100      45.66
   1256.30176    0.9622800      45.72
   1256.30359    0.9635500      45.78
   1256.30542    0.9640400      45.81
   1256.30725    0.9642000      45.81
   1256.30908    0.9645100      45.83
   1256.31091    0.9645700      45.83
   1256.31274    0.9638800      45.80
   1256.31458    0.9628800      45.75
   1256.31641    0.9626000      45.74
   1256.31824    0.9633000      45.77
   1256.32007    0.9641600      45.81
   1256.32190    0.9644500      45.83
   1256.32361    0.9644200      45.82
   1256.32544    0.9646400      45.83
   1256.32727    0.9650800      45.85
   1256.32910    0.9652900      45.86
   1256.33093    0.9651900      45.86
   1256.33276    0.9651100      45.86
   1256.33459    0.9653700      45.87
   1256.33643    0.9659100      45.89
   1256.33826    0.9665500      45.92
   1256.34009    0.9671100      45.95
   1256.34192    0.9672900      45.96
   1256.34375    0.9669700      45.94
   1256.34558    0.9664400      45.92
   1256.34741    0.9662400      45.91
   1256.34912    0.9663900      45.92
   1256.35095    0.9664100      45.92
   1256.35278    0.9660900      45.90
   1256.35461    0.9659300      45.89
   1256.35645    0.9663000      45.91
   1256.35828    0.9667600      45.93
   1256.36011    0.9666800      45.93
   1256.36194    0.9662000      45.91
   1256.36377    0.9660900      45.90
   1256.36560    0.9666300      45.93
   1256.36743    0.9672100      45.95
   1256.36926    0.9672200      45.95
   1256.37109    0.9668100      45.93
   1256.37292    0.9664800      45.92
   1256.37463    0.9663100      45.91
   1256.37646    0.9661700      45.90
   1256.37830    0.9662100      45.90
   1256.38013    0.9666300      45.92
   1256.38196    0.9671100      45.95
   1256.38379    0.9670700      45.94
   1256.38562    0.9664700      45.92
   1256.38745    0.9659800      45.89
   1256.38928    0.9660400      45.90
   1256.39111    0.9663200      45.91
   1256.39294    0.9663100      45.91
   1256.39478    0.9660400      45.89
   1256.39661    0.9659400      45.89
   1256.39844    0.9661600      45.90
   1256.40027    0.9664500      45.91
   1256.40198    0.9666500      45.92
   1256.40381    0.9667600      45.93
   1256.40564    0.9667300      45.93
   1256.40747    0.9663500      45.91
   1256.40930    0.9656400      45.87
   1256.41113    0.9650100      45.84
   1256.41296    0.9648500      45.84
   1256.41479    0.9651500      45.85
   1256.41663    0.9655700      45.87
   1256.41846    0.9657600      45.88
   1256.42029    0.9655800      45.87
   1256.42212    0.9651300      45.85
   1256.42395    0.9647100      45.83
   1256.42578    0.9646000      45.82
   1256.42749    0.9647400      45.83
   1256.42932    0.9648500      45.84
   1256.43115    0.9649100      45.84
   1256.43298    0.9652600      45.85
   1256.43481    0.9659800      45.89
   1256.43665    0.9665400      45.92
   1256.43848    0.9663700      45.91
   1256.44031    0.9657100      45.88
   1256.44214    0.9653900      45.86
   1256.44397    0.9657400      45.88
   1256.44580    0.9662500      45.90
   1256.44763    0.9663900      45.91
   1256.44946    0.9663900      45.91
   1256.45129    0.9666800      45.92
   1256.45312    0.9670900      45.94
   1256.45483    0.9670100      45.94
   1256.45667    0.9663700      45.91
   1256.45850    0.9657600      45.88
   1256.46033    0.9656800      45.87
   1256.46216    0.9659300      45.88
   1256.46399    0.9660900      45.89
   1256.46582    0.9661300      45.89
   1256.46765    0.9663100      45.90
   1256.46948    0.9666400      45.92
   1256.47131    0.9668400      45.93
   1256.47314    0.9667400      45.92
   1256.47498    0.9664500      45.91
   1256.47681    0.9661400      45.89
   1256.47864    0.9658600      45.88
   1256.48035    0.9656300      45.87
   1256.48218    0.9655000      45.86
   1256.48401    0.9654600      45.86
   1256.48584    0.9655000      45.86
   1256.48767    0.9657100      45.87
   1256.48950    0.9661800      45.89
   1256.49133    0.9666700      45.92
   1256.49316    0.9667300      45.92
   1256.49500    0.9661800      45.89
   1256.49683    0.9654300      45.86
   1256.49866    0.9649800      45.84
   1256.50049    0.9648500      45.83
   1256.50232    0.9646500      45.82
   1256.50415    0.9641800      45.80
   1256.50598    0.9636900      45.77
   1256.50769    0.9634700      45.76
   1256.50952    0.9634100      45.76
   1256.51135    0.9632700      45.75
   1256.51318    0.9631100      45.75
   1256.51501    0.9632200      45.75
   1256.51685    0.9637200      45.78
   1256.51868    0.9643500      45.81
   1256.52051    0.9647300      45.82
   1256.52234    0.9647700      45.82
   1256.52417    0.9646600      45.82
   1256.52600    0.9647200      45.82
   1256.52783    0.9651100      45.84
   1256.52966    0.9656600      45.87
   1256.53149    0.9660100      45.88
   1256.53333    0.9659400      45.88
   1256.53503    0.9656800      45.87
   1256.53687    0.9656200      45.86
   1256.53870    0.9658300      45.87
   1256.54053    0.9659900      45.88
   1256.54236    0.9658900      45.88
   1256.54419    0.9657200      45.87
   1256.54602    0.9658100      45.87
   1256.54785    0.9660700      45.88
   1256.54968    0.9661500      45.89
   1256.55151    0.9659400      45.88
   1256.55334    0.9657800      45.87
   1256.55518    0.9659600      45.88
   1256.55701    0.9662100      45.89
   1256.55884    0.9660500      45.88
   1256.56067    0.9654600      45.85
   1256.56238    0.9648800      45.83
   1256.56421    0.9646500      45.82
   1256.56604    0.9645500      45.81
   1256.56787    0.9641600      45.79
   1256.56970    0.9634900      45.76
   1256.57153    0.9630200      45.74
   1256.57336    0.9630700      45.74
   1256.57520    0.9634500      45.76
   1256.57703    0.9637300      45.77
   1256.57886    0.9638000      45.77
   1256.58069    0.9638700      45.78
   1256.58252    0.9641400      45.79
   1256.58435    0.9644600      45.81
   1256.58618    0.9646700      45.82
   1256.58801    0.9648400      45.82
   1256.58972    0.9651700      45.84
   1256.59155    0.9656000      45.86
   1256.59338    0.9657800      45.87
   1256.59521    0.9655400      45.86
   1256.59705    0.9650700      45.83
   1256.59888    0.9646700      45.81
   1256.60071    0.9643600      45.80
   1256.60254    0.9640300      45.78
   1256.60437    0.9637400      45.77
   1256.60620    0.9637300      45.77
   1256.60803    0.9640300      45.78
   1256.60986    0.9643500      45.80
   1256.61169    0.9645100      45.81
   1256.61353    0.9646200      45.81
   1256.61536    0.9648700      45.82
   1256.61719    0.9651000      45.83
   1256.61890    0.9649700      45.83
   1256.62073    0.9645400      45.81
   1256.62256    0.9642400      45.79
   1256.62439    0.9644300      45.80
   1256.62622    0.9648900      45.82
   1256.62805    0.9652000      45.84
   1256.62988    0.9652000      45.84
   1256.63171    0.9650200      45.83
   1256.63354    0.9648000      45.82
   1256.63538    0.9646300      45.81
   1256.63721    0.9647400      45.81
   1256.63904    0.9653300      45.84
   1256.64087    0.9660500      45.88
   1256.64270    0.9661400      45.88
   1256.64453    0.9653500      45.84
   1256.64624    0.9644100      45.80
   1256.64807    0.9641900      45.79
   1256.64990    0.9645300      45.80
   1256.65173    0.9644300      45.80
   1256.65356    0.9634000      45.75
   1256.65540    0.9620700      45.69
   1256.65723    0.9613600      45.65
   1256.65906    0.9614300      45.66
   1256.66089    0.9618200      45.67
   1256.66272    0.9623000      45.70
   1256.66455    0.9628200      45.72
   1256.66638    0.9631200      45.74
   1256.66821    0.9628300      45.72
   1256.67004    0.9622200      45.69
   1256.67188    0.9621000      45.69
   1256.67371    0.9627200      45.72
   1256.67542    0.9634200      45.75
   1256.67725    0.9635200      45.75
   1256.67908    0.9632800      45.74
   1256.68091    0.9634100      45.75
   1256.68274    0.9639400      45.77
   1256.68457    0.9642900      45.79
   1256.68640    0.9641200      45.78
   1256.68823    0.9637500      45.76
   1256.69006    0.9635600      45.75
   1256.69189    0.9635200      45.75
   1256.69373    0.9634200      45.75
   1256.69556    0.9631400      45.73
   1256.69739    0.9626500      45.71
   1256.69922    0.9620500      45.68
   1256.70105    0.9617100      45.67
   1256.70288    0.9619200      45.68
   1256.70459    0.9623000      45.69
   1256.70642    0.9619800      45.68
   1256.70825    0.9608600      45.62
   1256.71008    0.9600400      45.59
   1256.71191    0.9606300      45.61
   1256.71375    0.9623900      45.70
   1256.71558    0.9640200      45.77
   1256.71741    0.9647700      45.81
   1256.71924    0.9649900      45.82
   1256.72107    0.9652700      45.83
   1256.72290    0.9656200      45.85
   1256.72473    0.9658100      45.86
   1256.72656    0.9658300      45.86
   1256.72839    0.9657800      45.86
   1256.73022    0.9656300      45.85
   1256.73206    0.9654200      45.84
   1256.73376    0.9653000      45.83
   1256.73560    0.9652300      45.83
   1256.73743    0.9649300      45.82
   1256.73926    0.9644800      45.79
   1256.74109    0.9644800      45.79
   1256.74292    0.9651300      45.82
   1256.74475    0.9657000      45.85
   1256.74658    0.9655300      45.84
   1256.74841    0.9651500      45.83
   1256.75024    0.9653600      45.84
   1256.75208    0.9655500      45.84
   1256.75391    0.9640900      45.77
   1256.75574    0.9609200      45.62
   1256.75757    0.9584900      45.51
   1256.75940    0.9591100      45.54
   1256.76123    0.9621300      45.68
   1256.76306    0.9648700      45.81
   1256.76477    0.9658100      45.86
   1256.76660    0.9657800      45.85
   1256.76843    0.9659200      45.86
   1256.77026    0.9660700      45.87
   1256.77209    0.9657000      45.85
   1256.77393    0.9652400      45.83
   1256.77576    0.9655400      45.84
   1256.77759    0.9664100      45.88
   1256.77942    0.9669200      45.91
   1256.78125    0.9668400      45.90
   1256.78308    0.9668500      45.90
   1256.78491    0.9673300      45.93
   1256.78674    0.9676400      45.94
   1256.78857    0.9672200      45.92
   1256.79041    0.9664300      45.88
   1256.79224    0.9659700      45.86
   1256.79395    0.9658800      45.86
   1256.79578    0.9657100      45.85
   1256.79761    0.9654100      45.83
   1256.79944    0.9653800      45.83
   1256.80127    0.9656500      45.85
   1256.80310    0.9657400      45.85
   1256.80493    0.9654600      45.84
   1256.80676    0.9652000      45.82
   1256.80859    0.9652900      45.83
   1256.81042    0.9654700      45.84
   1256.81226    0.9654300      45.83
   1256.81409    0.9652900      45.83
   1256.81592    0.9652900      45.83
   1256.81775    0.9651800      45.82
   1256.81958    0.9646300      45.80
   1256.82141    0.9639600      45.76
   1256.82324    0.9639300      45.76
   1256.82495    0.9646600      45.80
   1256.82678    0.9653000      45.83
   1256.82861    0.9651500      45.82
   1256.83044    0.9645500      45.79
   1256.83228    0.9642500      45.78
   1256.83411    0.9644000      45.78
   1256.83594    0.9645500      45.79
   1256.83777    0.9644800      45.79
   1256.83960    0.9644600      45.79
   1256.84143    0.9646300      45.79
   1256.84326    0.9646500      45.79
   1256.84509    0.9642500      45.78
   1256.84692    0.9636100      45.74
   1256.84875    0.9631200      45.72
   1256.85059    0.9628400      45.71
   1256.85242    0.9625400      45.69
   1256.85425    0.9621100      45.67
   1256.85596    0.9616600      45.65
   1256.85779    0.9612200      45.63
   1256.85962    0.9606500      45.60
   1256.86145    0.9597800      45.56
   1256.86328    0.9586600      45.51
   1256.86511    0.9573800      45.45
   1256.86694    0.9559900      45.38
   1256.86877    0.9544600      45.31
   1256.87061    0.9526600      45.22
   1256.87244    0.9504100      45.12
   1256.87427    0.9475100      44.98
   1256.87610    0.9439200      44.81
   1256.87793    0.9397500      44.61
   1256.87976    0.9352700      44.40
   1256.88159    0.9305600      44.17
   1256.88342    0.9255000      43.93
   1256.88525    0.9198600      43.66
   1256.88696    0.9136900      43.37
   1256.88879    0.9073200      43.07
   1256.89062    0.9010700      42.77
   1256.89246    0.8949100      42.48
   1256.89429    0.8886800      42.18
   1256.89612    0.8825200      41.89
   1256.89795    0.8769000      41.62
   1256.89978    0.8721200      41.40
   1256.90161    0.8681400      41.21
   1256.90344    0.8650900      41.06
   1256.90527    0.8634600      40.99
   1256.90710    0.8636300      40.99
   1256.90894    0.8652500      41.07
   1256.91077    0.8676400      41.18
   1256.91260    0.8706700      41.33
   1256.91443    0.8748000      41.52
   1256.91626    0.8802500      41.78
   1256.91797    0.8865100      42.08
   1256.91980    0.8929400      42.38
   1256.92163    0.8995100      42.70
   1256.92346    0.9064900      43.03
   1256.92529    0.9137100      43.37
   1256.92712    0.9205500      43.69
   1256.92896    0.9264800      43.98
   1256.93079    0.9314500      44.21
   1256.93262    0.9356300      44.41
   1256.93445    0.9391300      44.58
   1256.93628    0.9420100      44.71
   1256.93811    0.9443100      44.82
   1256.93994    0.9459200      44.90
   1256.94177    0.9466400      44.93
   1256.94360    0.9465400      44.93
   1256.94543    0.9460500      44.90
   1256.94727    0.9456200      44.88
   1256.94910    0.9452000      44.86
   1256.95081    0.9445100      44.83
   1256.95264    0.9435000      44.78
   1256.95447    0.9425300      44.74
   1256.95630    0.9418600      44.70
   1256.95813    0.9414700      44.69
   1256.95996    0.9412400      44.67
   1256.96179    0.9412900      44.68
   1256.96362    0.9417800      44.70
   1256.96545    0.9426300      44.74
   1256.96729    0.9436400      44.79
   1256.96912    0.9448300      44.84
   1256.97095    0.9461900      44.91
   1256.97278    0.9474200      44.97
   1256.97461    0.9481600      45.00
   1256.97644    0.9486100      45.02
   1256.97827    0.9494000      45.06
   1256.98010    0.9507200      45.12
   1256.98181    0.9520300      45.18
   1256.98364    0.9529000      45.23
   1256.98547    0.9536800      45.26
   1256.98730    0.9548100      45.32
   1256.98914    0.9560500      45.37
   1256.99097    0.9568000      45.41
   1256.99280    0.9571400      45.43
   1256.99463    0.9576500      45.45
   1256.99646    0.9583900      45.49
   1256.99829    0.9587200      45.50
   1257.00012    0.9582900      45.48
   1257.00195    0.9576300      45.45
   1257.00378    0.9574800      45.44
   1257.00562    0.9579400      45.46
   1257.00745    0.9585800      45.49
   1257.00928    0.9589300      45.51
   1257.01111    0.9588500      45.51
   1257.01294    0.9585600      45.49
   1257.01465    0.9584400      45.49
   1257.01648    0.9585100      45.49
   1257.01831    0.9583000      45.48
   1257.02014    0.9576200      45.45
   1257.02197    0.9571300      45.42
   1257.02380    0.9573600      45.43
   1257.02563    0.9576200      45.45
   1257.02747    0.9569000      45.41
   1257.02930    0.9557400      45.36
   1257.03113    0.9555400      45.35
   1257.03296    0.9560600      45.37
   1257.03479    0.9555000      45.35
   1257.03662    0.9537200      45.26
   1257.03845    0.9529600      45.22
   1257.04028    0.9541500      45.28
   1257.04211    0.9549900      45.32
   1257.04395    0.9536600      45.26
   1257.04578    0.9520500      45.18
   1257.04761    0.9524300      45.20
   1257.04932    0.9531200      45.23
   1257.05115    0.9513000      45.14
   1257.05298    0.9483100      45.00
   1257.05481    0.9475500      44.97
   1257.05664    0.9481800      45.00
   1257.05847    0.9461800      44.90
   1257.06030    0.9417200      44.69
   1257.06213    0.9392800      44.57
   1257.06396    0.9392700      44.57
   1257.06580    0.9365100      44.44
   1257.06763    0.9296800      44.12
   1257.06946    0.9246000      43.88
   1257.07129    0.9236200      43.83
   1257.07312    0.9195400      43.64
   1257.07495    0.9072300      43.05
   1257.07678    0.8933000      42.39
   1257.07861    0.8835400      41.93
   1257.08044    0.8679500      41.19
   1257.08215    0.8328800      39.52
   1257.08398    0.7825400      37.13
   1257.08582    0.7267900      34.49
   1257.08765    0.6473800      30.72
   1257.08948    0.5074400      24.08
   1257.09131    0.3154600      14.97
   1257.09314    0.1586300       7.53
   1257.09497    0.1373500       6.52
   1257.09680    0.2640000      12.53
   1257.09863    0.4501200      21.36
   1257.10046    0.5980500      28.38
   1257.10229    0.6828600      32.40
   1257.10413    0.7370800      34.98
   1257.10596    0.7847600      37.24
   1257.10779    0.8190600      38.87
   1257.10962    0.8329500      39.52
   1257.11145    0.8391600      39.82
   1257.11328    0.8518200      40.42
   1257.11511    0.8681600      41.19
   1257.11682    0.8789500      41.71
   1257.11865    0.8852400      42.01
   1257.12048    0.8939000      42.42
   1257.12231    0.9044800      42.92
   1257.12415    0.9112500      43.24
   1257.12598    0.9142400      43.38
   1257.12781    0.9188000      43.60
   1257.12964    0.9260000      43.94
   1257.13147    0.9314000      44.19
   1257.13330    0.9333300      44.29
   1257.13513    0.9354000      44.38
   1257.13696    0.9398200      44.59
   1257.13879    0.9440100      44.79
   1257.14062    0.9456800      44.87
   1257.14246    0.9466000      44.91
   1257.14429    0.9489300      45.03
   1257.14612    0.9514700      45.15
   1257.14795    0.9522300      45.18
   1257.14978    0.9521200      45.18
   1257.15149    0.9532300      45.23
   1257.15332    0.9553200      45.33
   1257.15515    0.9566800      45.39
   1257.15698    0.9571800      45.42
   1257.15881    0.9580400      45.46
   1257.16064    0.9592500      45.51
   1257.16248    0.9595400      45.53
   1257.16431    0.9587400      45.49
   1257.16614    0.9581000      45.46
   1257.16797    0.9582300      45.46
   1257.16980    0.9583200      45.47
   1257.17163    0.9579200      45.45
   1257.17346    0.9578600      45.45
   1257.17529    0.9588000      45.49
   1257.17712    0.9599900      45.55
   1257.17896    0.9604000      45.57
   1257.18079    0.9601900      45.56
   1257.18262    0.9603200      45.56
   1257.18445    0.9609400      45.59
   1257.18628    0.9613800      45.61
   1257.18799    0.9612700      45.61
   1257.18982    0.9611100      45.60
   1257.19165    0.9613400      45.61
   1257.19348    0.9616900      45.63
   1257.19531    0.9616600      45.63
   1257.19714    0.9614000      45.61
   1257.19897    0.9614500      45.62
   1257.20081    0.9619100      45.64
   1257.20264    0.9623700      45.66
   1257.20447    0.9626000      45.67
   1257.20630    0.9628300      45.68
   1257.20813    0.9631300      45.69
   1257.20996    0.9629600      45.69
   1257.21179    0.9621600      45.65
   1257.21362    0.9615600      45.62
   1257.21545    0.9620600      45.64
   1257.21729    0.9632500      45.70
   1257.21912    0.9638700      45.73
   1257.22095    0.9635100      45.71
   1257.22278    0.9629400      45.68
   1257.22449    0.9627800      45.68
   1257.22632    0.9627400      45.67
   1257.22815    0.9626100      45.67
   1257.22998    0.9628000      45.68
   1257.23181    0.9632900      45.70
   1257.23364    0.9630200      45.69
   1257.23547    0.9615300      45.62
   1257.23730    0.9600400      45.55
   1257.23914    0.9594000      45.51
   1257.24097    0.9579100      45.44
   1257.24280    0.9533500      45.23
   1257.24463    0.9471700      44.93
   1257.24646    0.9443600      44.80
   1257.24829    0.9477900      44.96
   1257.25012    0.9546200      45.29
   1257.25195    0.9596400      45.53
   1257.25378    0.9610900      45.59
   1257.25562    0.9612100      45.60
   1257.25745    0.9619400      45.63
   1257.25928    0.9626600      45.67
   1257.26099    0.9623900      45.65
   1257.26282    0.9619200      45.63
   1257.26465    0.9623800      45.65
   1257.26648    0.9632200      45.69
   1257.26831    0.9630700      45.69
   1257.27014    0.9620100      45.64
   1257.27197    0.9614300      45.61
   1257.27380    0.9619600      45.63
   1257.27563    0.9627100      45.67
   1257.27747    0.9627900      45.67
   1257.27930    0.9624300      45.66
   1257.28113    0.9623300      45.65
   1257.28296    0.9625500      45.66
   1257.28479    0.9628100      45.67
   1257.28662    0.9632600      45.69
   1257.28845    0.9640900      45.73
   1257.29028    0.9648900      45.77
   1257.29211    0.9649400      45.77
   1257.29395    0.9642300      45.74
   1257.29578    0.9635200      45.71
   1257.29749    0.9633200      45.70
   1257.29932    0.9633300      45.70
   1257.30115    0.9629900      45.68
   1257.30298    0.9623000      45.65
   1257.30481    0.9616500      45.62
   1257.30664    0.9611300      45.59
   1257.30847    0.9603500      45.55
   1257.31030    0.9589400      45.49
   1257.31213    0.9569400      45.39
   1257.31396    0.9546000      45.28
   1257.31580    0.9522000      45.17
   1257.31763    0.9499700      45.06
   1257.31946    0.9482100      44.98
   1257.32129    0.9471700      44.93
   1257.32312    0.9468300      44.91
   1257.32495    0.9470900      44.92
   1257.32678    0.9479100      44.96
   1257.32861    0.9493200      45.03
   1257.33044    0.9511400      45.12
   1257.33228    0.9529800      45.20
   1257.33411    0.9545500      45.28
   1257.33582    0.9559100      45.34
   1257.33765    0.9572800      45.41
   1257.33948    0.9586100      45.47
   1257.34131    0.9596800      45.52
   1257.34314    0.9604500      45.56
   1257.34497    0.9611800      45.59
   1257.34680    0.9620000      45.63
   1257.34863    0.9625900      45.66
   1257.35046    0.9626600      45.66
   1257.35229    0.9625000      45.65
   1257.35413    0.9627200      45.66
   1257.35596    0.9633800      45.69
   1257.35779    0.9639100      45.72
   1257.35962    0.9639300      45.72
   1257.36145    0.9638100      45.71
   1257.36328    0.9640500      45.73
   1257.36511    0.9643500      45.74
   1257.36694    0.9640300      45.72
   1257.36877    0.9631000      45.68
   1257.37061    0.9623000      45.64
   1257.37244    0.9622000      45.64
   1257.37415    0.9624900      45.65
   1257.37598    0.9626300      45.66
   1257.37781    0.9626100      45.66
   1257.37964    0.9627100      45.66
   1257.38147    0.9628400      45.67
   1257.38330    0.9626900      45.66
   1257.38513    0.9623700      45.64
   1257.38696    0.9623300      45.64
   1257.38879    0.9627600      45.66
   1257.39062    0.9632600      45.69
   1257.39246    0.9635000      45.70
   1257.39429    0.9635800      45.70
   1257.39612    0.9638400      45.71
   1257.39795    0.9643000      45.73
   1257.39978    0.9647000      45.75
   1257.40161    0.9648200      45.76
   1257.40344    0.9646300      45.75
   1257.40527    0.9642200      45.73
   1257.40710    0.9638200      45.71
   1257.40894    0.9636200      45.70
   1257.41077    0.9635700      45.70
   1257.41260    0.9633600      45.69
   1257.41431    0.9628600      45.67
   1257.41614    0.9624100      45.64
   1257.41797    0.9625100      45.65
   1257.41980    0.9631500      45.68
   1257.42163    0.9637500      45.71
   1257.42346    0.9637900      45.71
   1257.42529    0.9631900      45.68
   1257.42712    0.9623100      45.64
   1257.42896    0.9615700      45.60
   1257.43079    0.9612600      45.59
   1257.43262    0.9613300      45.59
   1257.43445    0.9614300      45.60
   1257.43628    0.9611300      45.58
   1257.43811    0.9603300      45.54
   1257.43994    0.9592400      45.49
   1257.44177    0.9580800      45.44
   1257.44360    0.9568100      45.38
   1257.44543    0.9553700      45.31
   1257.44727    0.9539000      45.24
   1257.44910    0.9525800      45.18
   1257.45093    0.9514400      45.12
   1257.45276    0.9503700      45.07
   1257.45447    0.9493300      45.02
   1257.45630    0.9483900      44.98
   1257.45813    0.9476800      44.94
   1257.45996    0.9472400      44.92
   1257.46179    0.9471100      44.91
   1257.46362    0.9473200      44.92
   1257.46545    0.9479700      44.96
   1257.46729    0.9492100      45.01
   1257.46912    0.9510000      45.10
   1257.47095    0.9529800      45.19
   1257.47278    0.9545500      45.27
   1257.47461    0.9554100      45.31
   1257.47644    0.9558000      45.33
   1257.47827    0.9560500      45.34
   1257.48010    0.9561600      45.34
   1257.48193    0.9561400      45.34
   1257.48376    0.9564400      45.36
   1257.48560    0.9577100      45.42
   1257.48743    0.9598500      45.52
   1257.48926    0.9618100      45.61
   1257.49109    0.9627000      45.65
   1257.49292    0.9627200      45.65
   1257.49475    0.9627200      45.65
   1257.49646    0.9629800      45.66
   1257.49829    0.9630600      45.67
   1257.50012    0.9627000      45.65
   1257.50195    0.9623800      45.64
   1257.50378    0.9627000      45.65
   1257.50562    0.9635100      45.69
   1257.50745    0.9641500      45.72
   1257.50928    0.9642600      45.72
   1257.51111    0.9640700      45.72
   1257.51294    0.9639300      45.71
   1257.51477    0.9639300      45.71
   1257.51660    0.9640700      45.71
   1257.51843    0.9644100      45.73
   1257.52026    0.9648000      45.75
   1257.52209    0.9648300      45.75
   1257.52393    0.9643000      45.73
   1257.52576    0.9636400      45.69
   1257.52759    0.9634700      45.69
   1257.52942    0.9637200      45.70
   1257.53125    0.9637500      45.70
   1257.53308    0.9632100      45.67
   1257.53491    0.9624900      45.64
   1257.53674    0.9619900      45.61
   1257.53845    0.9615000      45.59
   1257.54028    0.9606600      45.55
   1257.54211    0.9597300      45.51
   1257.54395    0.9592600      45.48
   1257.54578    0.9591700      45.48
   1257.54761    0.9588400      45.46
   1257.54944    0.9580800      45.43
   1257.55127    0.9574600      45.40
   1257.55310    0.9573700      45.39
   1257.55493    0.9576000      45.41
   1257.55676    0.9579000      45.42
   1257.55859    0.9586000      45.45
   1257.56042    0.9598900      45.51
   1257.56226    0.9611700      45.57
   1257.56409    0.9617300      45.60
   1257.56592    0.9617600      45.60
   1257.56775    0.9620200      45.61
   1257.56958    0.9625900      45.64
   1257.57141    0.9628300      45.65
   1257.57324    0.9625500      45.64
   1257.57507    0.9623000      45.63
   1257.57690    0.9623700      45.63
   1257.57874    0.9623800      45.63
   1257.58057    0.9622800      45.63
   1257.58228    0.9626100      45.64
   1257.58411    0.9633100      45.67
   1257.58594    0.9633600      45.68
   1257.58777    0.9623500      45.63
   1257.58960    0.9614600      45.59
   1257.59143    0.9613300      45.58
   1257.59326    0.9599400      45.51
   1257.59509    0.9547300      45.27
   1257.59692    0.9470900      44.90
   1257.59875    0.9423800      44.68
   1257.60059    0.9443100      44.77
   1257.60242    0.9506000      45.07
   1257.60425    0.9558600      45.32
   1257.60608    0.9576500      45.40
   1257.60791    0.9578300      45.41
   1257.60974    0.9586500      45.45
   1257.61157    0.9598700      45.51
   1257.61340    0.9602300      45.53
   1257.61523    0.9598300      45.51
   1257.61707    0.9597200      45.50
   1257.61890    0.9601200      45.52
   1257.62073    0.9603900      45.53
   1257.62256    0.9603700      45.53
   1257.62439    0.9605800      45.54
   1257.62610    0.9612500      45.57
   1257.62793    0.9620400      45.61
   1257.62976    0.9627800      45.65
   1257.63159    0.9636200      45.68
   1257.63342    0.9643400      45.72
   1257.63525    0.9643500      45.72
   1257.63708    0.9636000      45.68
   1257.63892    0.9628600      45.65
   1257.64075    0.9627900      45.64
   1257.64258    0.9630700      45.66
   1257.64441    0.9630400      45.66
   1257.64624    0.9626400      45.64
   1257.64807    0.9623400      45.62
   1257.64990    0.9622700      45.62
   1257.65173    0.9621700      45.61
   1257.65356    0.9619600      45.60
   1257.65540    0.9619500      45.60
   1257.65723    0.9622600      45.62
   1257.65906    0.9625700      45.63
   1257.66089    0.9625900      45.63
   1257.66272    0.9624500      45.63
   1257.66455    0.9624300      45.63
   1257.66638    0.9626000      45.63
   1257.66821    0.9628700      45.65
   1257.67004    0.9632700      45.67
   1257.67188    0.9638400      45.69
   1257.67358    0.9644200      45.72
   1257.67542    0.9647800      45.74
   1257.67725    0.9648100      45.74
   1257.67908    0.9646400      45.73
   1257.68091    0.9644000      45.72
   1257.68274    0.9640900      45.70
   1257.68457    0.9637300      45.69
   1257.68640    0.9633800      45.67
   1257.68823    0.9631500      45.66
   1257.69006    0.9632200      45.66
   1257.69189    0.9636900      45.68
   1257.69373    0.9643100      45.71
   1257.69556    0.9645700      45.72
   1257.69739    0.9642700      45.71
   1257.69922    0.9638400      45.69
   1257.70105    0.9638000      45.69
   1257.70288    0.9640300      45.70
   1257.70471    0.9640200      45.70
   1257.70654    0.9637300      45.68
   1257.70837    0.9635700      45.68
   1257.71021    0.9635200      45.67
   1257.71204    0.9630100      45.65
   1257.71387    0.9619800      45.60
   1257.71570    0.9614000      45.57
   1257.71753    0.9618900      45.60
   1257.71924    0.9626000      45.63
   1257.72107    0.9622700      45.61
   1257.72290    0.9610700      45.56
   1257.72473    0.9603200      45.52
   1257.72656    0.9605000      45.53
   1257.72839    0.9607700      45.54
   1257.73022    0.9606100      45.53
   1257.73206    0.9605700      45.53
   1257.73389    0.9609800      45.55
   1257.73572    0.9611800      45.56
   1257.73755    0.9608300      45.54
   1257.73938    0.9607800      45.54
   1257.74121    0.9615700      45.58
   1257.74304    0.9620800      45.60
   1257.74487    0.9612300      45.56
   1257.74670    0.9600600      45.51
   1257.74854    0.9602200      45.51
   1257.75037    0.9610100      45.55
   1257.75220    0.9603100      45.52
   1257.75403    0.9582700      45.42
   1257.75586    0.9570200      45.36
   1257.75769    0.9557500      45.30
   1257.75952    0.9496600      45.01
   1257.76135    0.9368300      44.40
   1257.76318    0.9240800      43.80
   1257.76501    0.9216400      43.68
   1257.76685    0.9318400      44.17
   1257.76855    0.9463300      44.85
   1257.77039    0.9555200      45.29
   1257.77222    0.9577200      45.39
   1257.77405    0.9575900      45.39
   1257.77588    0.9584800      45.43
   1257.77771    0.9595900      45.48
   1257.77954    0.9594300      45.47
   1257.78137    0.9584900      45.43
   1257.78320    0.9578900      45.40
   1257.78503    0.9576000      45.39
   1257.78687    0.9572000      45.37
   1257.78870    0.9571200      45.36
   1257.79053    0.9578100      45.40
   1257.79236    0.9588500      45.45
   1257.79419    0.9596000      45.48
   1257.79602    0.9602500      45.51
   1257.79785    0.9612500      45.56
   1257.79968    0.9622500      45.61
   1257.80151    0.9624700      45.62
   1257.80334    0.9619700      45.59
   1257.80518    0.9616400      45.58
   1257.80701    0.9619200      45.59
   1257.80884    0.9622600      45.61
   1257.81067    0.9620800      45.60
   1257.81250    0.9615900      45.57
   1257.81433    0.9614200      45.57
   1257.81616    0.9617200      45.58
   1257.81787    0.9620600      45.60
   1257.81970    0.9619800      45.59
   1257.82153    0.9614800      45.57
   1257.82336    0.9609500      45.54
   1257.82520    0.9607500      45.53
   1257.82703    0.9608600      45.54
   1257.82886    0.9609500      45.54
   1257.83069    0.9608100      45.54
   1257.83252    0.9604800      45.52
   1257.83435    0.9601400      45.50
   1257.83618    0.9598700      45.49
   1257.83801    0.9597600      45.49
   1257.83984    0.9600200      45.50
   1257.84167    0.9606900      45.53
   1257.84351    0.9614100      45.56
   1257.84534    0.9617200      45.58
   1257.84717    0.9615700      45.57
   1257.84900    0.9614000      45.56
   1257.85083    0.9615600      45.57
   1257.85266    0.9620100      45.59
   1257.85449    0.9624400      45.61
   1257.85632    0.9626300      45.62
   1257.85815    0.9625400      45.62
   1257.85999    0.9623900      45.61
   1257.86182    0.9625500      45.62
   1257.86365    0.9632000      45.65
   1257.86548    0.9639300      45.68
   1257.86731    0.9640600      45.69
   1257.86902    0.9634800      45.66
   1257.87085    0.9628100      45.63
   1257.87268    0.9626700      45.62
   1257.87451    0.9629200      45.63
   1257.87634    0.9631000      45.64
   1257.87817    0.9631400      45.64
   1257.88000    0.9633800      45.65
   1257.88184    0.9638200      45.67
   1257.88367    0.9640000      45.68
   1257.88550    0.9636500      45.67
   1257.88733    0.9631400      45.64
   1257.88916    0.9629600      45.63
   1257.89099    0.9631900      45.64
   1257.89282    0.9635300      45.66
   1257.89465    0.9637500      45.67
   1257.89648    0.9637700      45.67
   1257.89832    0.9635400      45.66
   1257.90015    0.9630800      45.64
   1257.90198    0.9626700      45.62
   1257.90381    0.9625800      45.61
   1257.90564    0.9626900      45.62
   1257.90747    0.9626000      45.62
   1257.90930    0.9622700      45.60
   1257.91113    0.9621600      45.59
   1257.91296    0.9625200      45.61
   1257.91479    0.9628700      45.63
   1257.91663    0.9625000      45.61
   1257.91846    0.9615500      45.56
   1257.92029    0.9609500      45.54
   1257.92212    0.9613500      45.55
   1257.92383    0.9623600      45.60
   1257.92566    0.9631100      45.64
   1257.92749    0.9632400      45.64
   1257.92932    0.9630100      45.63
   1257.93115    0.9627000      45.62
   1257.93298    0.9623100      45.60
   1257.93481    0.9619500      45.58
   1257.93665    0.9619600      45.58
   1257.93848    0.9624100      45.60
   1257.94031    0.9627300      45.62
   1257.94214    0.9623200      45.60
   1257.94397    0.9613300      45.55
   1257.94580    0.9606200      45.52
   1257.94763    0.9607500      45.52
   1257.94946    0.9614300      45.56
   1257.95129    0.9619100      45.58
   1257.95312    0.9617800      45.57
   1257.95496    0.9613100      45.55
   1257.95679    0.9610800      45.54
   1257.95862    0.9613300      45.55
   1257.96045    0.9617200      45.57
   1257.96228    0.9615700      45.56
   1257.96411    0.9606800      45.52
   1257.96594    0.9596100      45.47
   1257.96777    0.9591200      45.45
   1257.96960    0.9593300      45.46
   1257.97144    0.9596600      45.47
   1257.97327    0.9596500      45.47
   1257.97510    0.9595300      45.46
   1257.97693    0.9597200      45.47
   1257.97864    0.9600100      45.49
   1257.98047    0.9597500      45.47
   1257.98230    0.9587000      45.42
   1257.98413    0.9573900      45.36
   1257.98596    0.9565500      45.32
   1257.98779    0.9563000      45.31
   1257.98962    0.9562600      45.31
   1257.99146    0.9560400      45.30
   1257.99329    0.9556100      45.28
   1257.99512    0.9552100      45.26
   1257.99695    0.9550300      45.25
   1257.99878    0.9550400      45.25
   1258.00061    0.9549600      45.25
   1258.00244    0.9545300      45.23
   1258.00427    0.9538100      45.19
   1258.00610    0.9531000      45.16
   1258.00793    0.9525900      45.13
   1258.00977    0.9521200      45.11
   1258.01160    0.9514800      45.08
   1258.01343    0.9506400      45.04
   1258.01526    0.9496200      44.99
   1258.01709    0.9484300      44.94
   1258.01892    0.9471800      44.88
   1258.02075    0.9463100      44.83
   1258.02258    0.9462100      44.83
   1258.02441    0.9467600      44.86
   1258.02625    0.9474300      44.89
   1258.02808    0.9478900      44.91
   1258.02991    0.9483100      44.93
   1258.03174    0.9490100      44.96
   1258.03357    0.9501800      45.02
   1258.03540    0.9517500      45.09
   1258.03711    0.9534200      45.17
   1258.03894    0.9545900      45.23
   1258.04077    0.9547600      45.23
   1258.04260    0.9541300      45.20
   1258.04443    0.9535700      45.18
   1258.04626    0.9536800      45.18
   1258.04810    0.9540800      45.20
   1258.04993    0.9539800      45.20
   1258.05176    0.9532000      45.16
   1258.05359    0.9523600      45.12
   1258.05542    0.9519400      45.10
   1258.05725    0.9517600      45.09
   1258.05908    0.9513300      45.07
   1258.06091    0.9505700      45.03
   1258.06274    0.9498200      45.00
   1258.06458    0.9493900      44.98
   1258.06641    0.9492100      44.97
   1258.06824    0.9490100      44.96
   1258.07007    0.9487300      44.95
   1258.07190    0.9486100      44.94
   1258.07373    0.9488200      44.95
   1258.07556    0.9490900      44.96
   1258.07739    0.9489800      44.96
   1258.07922    0.9486600      44.94
   1258.08105    0.9488500      44.95
   1258.08289    0.9497100      44.99
   1258.08472    0.9503200      45.02
   1258.08655    0.9497900      44.99
   1258.08838    0.9485300      44.93
   1258.09021    0.9476000      44.89
   1258.09204    0.9469700      44.86
   1258.09387    0.9456400      44.80
   1258.09570    0.9436800      44.70
   1258.09741    0.9423700      44.64
   1258.09924    0.9418500      44.62
   1258.10107    0.9402900      44.54
   1258.10291    0.9369200      44.38
   1258.10474    0.9338600      44.24
   1258.10657    0.9325200      44.17
   1258.10840    0.9291400      44.01
   1258.11023    0.9182800      43.50
   1258.11206    0.9016700      42.71
   1258.11389    0.8901100      42.17
   1258.11572    0.8930300      42.30
   1258.11755    0.9077900      43.00
   1258.11938    0.9226600      43.71
   1258.12122    0.9294600      44.03
   1258.12305    0.9301600      44.06
   1258.12488    0.9307000      44.09
   1258.12671    0.9327400      44.18
   1258.12854    0.9336200      44.23
   1258.13037    0.9318900      44.14
   1258.13220    0.9290500      44.01
   1258.13403    0.9264300      43.88
   1258.13586    0.9233800      43.74
   1258.13770    0.9190600      43.54
   1258.13953    0.9141400      43.30
   1258.14136    0.9094600      43.08
   1258.14319    0.9045100      42.85
   1258.14502    0.8982700      42.55
   1258.14685    0.8908400      42.20
   1258.14868    0.8833100      41.84
   1258.15051    0.8764100      41.51
   1258.15234    0.8701900      41.22
   1258.15417    0.8646600      40.96
   1258.15601    0.8600400      40.74
   1258.15784    0.8563200      40.56
   1258.15967    0.8533600      40.42
   1258.16150    0.8513100      40.32
   1258.16321    0.8506700      40.29
   1258.16504    0.8516900      40.34
   1258.16687    0.8541600      40.46
   1258.16870    0.8578200      40.63
   1258.17053    0.8625000      40.85
   1258.17236    0.8681000      41.12
   1258.17419    0.8744800      41.42
   1258.17603    0.8816400      41.76
   1258.17786    0.8895700      42.14
   1258.17969    0.8978500      42.53
   1258.18152    0.9057000      42.90
   1258.18335    0.9126200      43.23
   1258.18518    0.9187200      43.52
   1258.18701    0.9243200      43.78
   1258.18884    0.9293100      44.02
   1258.19067    0.9333300      44.21
   1258.19250    0.9364300      44.35
   1258.19434    0.9392200      44.49
   1258.19617    0.9421800      44.63
   1258.19800    0.9451400      44.77
   1258.19983    0.9476600      44.89
   1258.20166    0.9496500      44.98
   1258.20349    0.9513900      45.06
   1258.20532    0.9529700      45.14
   1258.20715    0.9541900      45.19
   1258.20898    0.9549300      45.23
   1258.21082    0.9555100      45.26
   1258.21265    0.9562900      45.29
   1258.21448    0.9572200      45.34
   1258.21631    0.9578900      45.37
   1258.21814    0.9580300      45.37
   1258.21997    0.9577900      45.36
   1258.22180    0.9574900      45.35
   1258.22363    0.9573900      45.34
   1258.22546    0.9574700      45.35
   1258.22729    0.9575000      45.35
   1258.22913    0.9572800      45.34
   1258.23083    0.9570000      45.33
   1258.23267    0.9571000      45.33
   1258.23450    0.9576500      45.36
   1258.23633    0.9581300      45.38
   1258.23816    0.9581900      45.38
   1258.23999    0.9581800      45.38
   1258.24182    0.9586100      45.40
   1258.24365    0.9592100      45.43
   1258.24548    0.9593200      45.43
   1258.24731    0.9589800      45.42
   1258.24915    0.9588800      45.41
   1258.25098    0.9592000      45.43
   1258.25281    0.9593300      45.43
   1258.25464    0.9590000      45.42
   1258.25647    0.9587800      45.41
   1258.25830    0.9588900      45.41
   1258.26013    0.9584300      45.39
   1258.26196    0.9568100      45.31
   1258.26379    0.9549100      45.22
   1258.26562    0.9540600      45.18
   1258.26746    0.9542700      45.19
   1258.26929    0.9546600      45.21
   1258.27112    0.9549700      45.23
   1258.27295    0.9554400      45.25
   1258.27478    0.9555400      45.25
   1258.27661    0.9545700      45.21
   1258.27844    0.9530900      45.14
   1258.28027    0.9523700      45.10
   1258.28210    0.9523100      45.10
   1258.28394    0.9518300      45.08
   1258.28577    0.9511800      45.05
   1258.28760    0.9518200      45.08
   1258.28943    0.9534600      45.15
   1258.29126    0.9539200      45.17
   1258.29309    0.9528700      45.12
   1258.29492    0.9528000      45.12
   1258.29675    0.9543800      45.20
   1258.29858    0.9542700      45.19
   1258.30042    0.9506300      45.02
   1258.30212    0.9471700      44.85
   1258.30396    0.9463600      44.82
   1258.30579    0.9410100      44.56
   1258.30762    0.9211000      43.62
   1258.30945    0.8908800      42.19
   1258.31128    0.8710800      41.25
   1258.31311    0.8780700      41.58
   1258.31494    0.9050500      42.86
   1258.31677    0.9303100      44.05
   1258.31860    0.9413300      44.58
   1258.32043    0.9436400      44.69
   1258.32227    0.9470200      44.85
   1258.32410    0.9521700      45.09
   1258.32593    0.9543300      45.19
   1258.32776    0.9533000      45.14
   1258.32959    0.9531700      45.14
   1258.33142    0.9550500      45.23
   1258.33325    0.9560600      45.27
   1258.33508    0.9548700      45.22
   1258.33691    0.9536000      45.16
   1258.33875    0.9537000      45.16
   1258.34058    0.9536600      45.16
   1258.34241    0.9521300      45.09
   1258.34424    0.9502400      45.00
   1258.34607    0.9494400      44.96
   1258.34790    0.9492100      44.95
   1258.34973    0.9485700      44.92
   1258.35156    0.9479900      44.89
   1258.35339    0.9481000      44.89
   1258.35522    0.9479800      44.89
   1258.35706    0.9463900      44.81
   1258.35889    0.9437900      44.69
   1258.36072    0.9415000      44.58
   1258.36255    0.9394000      44.48
   1258.36438    0.9362800      44.33
   1258.36621    0.9319800      44.13
   1258.36804    0.9275500      43.92
   1258.36987    0.9231400      43.71
   1258.37170    0.9175100      43.44
   1258.37354    0.9097900      43.08
   1258.37537    0.9006400      42.65
   1258.37720    0.8907900      42.18
   1258.37891    0.8798100      41.66
   1258.38074    0.8669700      41.05
   1258.38257    0.8526900      40.37
   1258.38440    0.8381200      39.68
   1258.38623    0.8237700      39.00
   1258.38806    0.8095500      38.33
   1258.38989    0.7958900      37.68
   1258.39172    0.7841700      37.13
   1258.39355    0.7758400      36.74
   1258.39539    0.7715000      36.53
   1258.39722    0.7709700      36.50
   1258.39905    0.7738500      36.64
   1258.40088    0.7798800      36.93
   1258.40271    0.7888900      37.35
   1258.40454    0.8004600      37.90
   1258.40637    0.8136600      38.52
   1258.40820    0.8272700      39.17
   1258.41003    0.8405200      39.80
   1258.41187    0.8534300      40.41
   1258.41370    0.8661100      41.01
   1258.41553    0.8780200      41.57
   1258.41736    0.8882900      42.06
   1258.41919    0.8967300      42.46
   1258.42102    0.9038800      42.80
   1258.42285    0.9102500      43.10
   1258.42468    0.9158200      43.36
   1258.42651    0.9206100      43.59
   1258.42834    0.9249800      43.79
   1258.43018    0.9291300      43.99
   1258.43201    0.9326800      44.16
   1258.43384    0.9352100      44.28
   1258.43567    0.9370700      44.37
   1258.43750    0.9390400      44.46
   1258.43933    0.9412400      44.56
   1258.44116    0.9430700      44.65
   1258.44299    0.9442600      44.71
   1258.44482    0.9453000      44.75
   1258.44666    0.9466800      44.82
   1258.44849    0.9481200      44.89
   1258.45032    0.9490000      44.93
   1258.45215    0.9493200      44.94
   1258.45398    0.9496100      44.96
   1258.45581    0.9501800      44.99
   1258.45764    0.9508300      45.02
   1258.45947    0.9514500      45.04
   1258.46130    0.9521900      45.08
   1258.46313    0.9530100      45.12
   1258.46484    0.9535300      45.14
   1258.46667    0.9535800      45.15
   1258.46851    0.9535800      45.15
   1258.47034    0.9539300      45.16
   1258.47217    0.9544500      45.19
   1258.47400    0.9547500      45.20
   1258.47583    0.9549700      45.21
   1258.47766    0.9555500      45.24
   1258.47949    0.9563900      45.28
   1258.48132    0.9568100      45.30
   1258.48315    0.9564800      45.28
   1258.48499    0.9558700      45.25
   1258.48682    0.9556700      45.24
   1258.48865    0.9560100      45.26
   1258.49048    0.9565600      45.28
   1258.49231    0.9570600      45.31
   1258.49414    0.9574400      45.33
   1258.49597    0.9576500      45.34
   1258.49780    0.9576200      45.33
   1258.49963    0.9573500      45.32
   1258.50146    0.9568900      45.30
   1258.50330    0.9562000      45.27
   1258.50513    0.9553200      45.22
   1258.50696    0.9544200      45.18
   1258.50879    0.9535100      45.14
   1258.51062    0.9522900      45.08
   1258.51245    0.9505000      45.00
   1258.51428    0.9483700      44.90
   1258.51611    0.9463400      44.80
   1258.51794    0.9445500      44.71
   1258.51978    0.9429400      44.64
   1258.52161    0.9417400      44.58
   1258.52344    0.9414600      44.57
   1258.52527    0.9421900      44.60
   1258.52710    0.9433900      44.66
   1258.52893    0.9445600      44.71
   1258.53076    0.9457800      44.77
   1258.53259    0.9473900      44.85
   1258.53442    0.9493200      44.94
   1258.53625    0.9512400      45.03
   1258.53809    0.9529400      45.11
   1258.53992    0.9544500      45.18
   1258.54175    0.9556900      45.24
   1258.54358    0.9564900      45.28
   1258.54541    0.9569600      45.30
   1258.54724    0.9574900      45.32
   1258.54907    0.9582500      45.36
   1258.55090    0.9589400      45.39
   1258.55273    0.9591600      45.40
   1258.55457    0.9587900      45.39
   1258.55640    0.9580300      45.35
   1258.55811    0.9571500      45.31
   1258.55994    0.9565300      45.28
   1258.56177    0.9564400      45.27
   1258.56360    0.9565900      45.28
   1258.56543    0.9561500      45.26
   1258.56726    0.9545900      45.19
   1258.56909    0.9526300      45.09
   1258.57092    0.9517800      45.05
   1258.57275    0.9528300      45.10
   1258.57458    0.9550100      45.20
   1258.57642    0.9569600      45.30
   1258.57825    0.9581900      45.35
   1258.58008    0.9590900      45.40
   1258.58191    0.9598600      45.43
   1258.58374    0.9602100      45.45
   1258.58557    0.9600800      45.44
   1258.58740    0.9599200      45.44
   1258.58923    0.9599500      45.44
   1258.59106    0.9597700      45.43
   1258.59290    0.9592100      45.40
   1258.59473    0.9589300      45.39
   1258.59656    0.9594200      45.41
   1258.59839    0.9599600      45.44
   1258.60022    0.9595800      45.42
   1258.60205    0.9586900      45.38
   1258.60388    0.9585400      45.37
   1258.60571    0.9591800      45.40
   1258.60754    0.9594100      45.41
   1258.60938    0.9588300      45.38
   1258.61121    0.9584100      45.36
   1258.61304    0.9585400      45.37
   1258.61487    0.9580700      45.35
   1258.61670    0.9564200      45.27
   1258.61853    0.9550100      45.20
   1258.62036    0.9550700      45.20
   1258.62219    0.9554000      45.22
   1258.62402    0.9541600      45.16
   1258.62585    0.9520600      45.06
   1258.62769    0.9512900      45.02
   1258.62952    0.9518600      45.05
   1258.63135    0.9517500      45.05
   1258.63318    0.9505200      44.99
   1258.63501    0.9499600      44.96
   1258.63684    0.9504100      44.98
   1258.63867    0.9498700      44.96
   1258.64050    0.9480200      44.87
   1258.64233    0.9474800      44.84
   1258.64417    0.9489000      44.91
   1258.64600    0.9483700      44.89
   1258.64783    0.9435100      44.65
   1258.64966    0.9384800      44.42
   1258.65149    0.9367300      44.33
   1258.65332    0.9311000      44.07
   1258.65515    0.9101900      43.08
   1258.65698    0.8771700      41.51
   1258.65881    0.8540000      40.42
   1258.66064    0.8598100      40.69
   1258.66248    0.8890700      42.08
   1258.66431    0.9183200      43.46
   1258.66602    0.9323200      44.12
   1258.66785    0.9357800      44.29
   1258.66968    0.9396600      44.47
   1258.67151    0.9455800      44.75
   1258.67334    0.9483900      44.88
   1258.67517    0.9472400      44.83
   1258.67700    0.9464500      44.79
   1258.67883    0.9476600      44.85
   1258.68066    0.9481400      44.87
   1258.68250    0.9466700      44.80
   1258.68433    0.9456600      44.75
   1258.68616    0.9462500      44.78
   1258.68799    0.9461200      44.78
   1258.68982    0.9438900      44.67
   1258.69165    0.9416800      44.57
   1258.69348    0.9411100      44.54
   1258.69531    0.9402400      44.50
   1258.69714    0.9373600      44.36
   1258.69897    0.9347600      44.24
   1258.70081    0.9352100      44.26
   1258.70264    0.9370700      44.35
   1258.70447    0.9370300      44.34
   1258.70630    0.9359100      44.29
   1258.70813    0.9370800      44.35
   1258.70996    0.9400700      44.49
   1258.71179    0.9409400      44.53
   1258.71362    0.9390400      44.44
   1258.71545    0.9381500      44.40
   1258.71729    0.9395900      44.46
   1258.71912    0.9395500      44.46
   1258.72095    0.9359800      44.29
   1258.72278    0.9325400      44.13
   1258.72461    0.9320300      44.11
   1258.72644    0.9307900      44.05
   1258.72827    0.9249500      43.77
   1258.73010    0.9177900      43.43
   1258.73193    0.9140800      43.26
   1258.73376    0.9105200      43.09
   1258.73560    0.9002700      42.60
   1258.73743    0.8846300      41.86
   1258.73926    0.8697700      41.16
   1258.74109    0.8522100      40.33
   1258.74292    0.8197200      38.79
   1258.74475    0.7688600      36.38
   1258.74658    0.7061800      33.42
   1258.74841    0.6241600      29.54
   1258.75024    0.4955600      23.45
   1258.75208    0.3158500      14.95
   1258.75391    0.1450800       6.87
   1258.75574    0.0777500       3.68
   1258.75757    0.1566300       7.41
   1258.75940    0.3299000      15.61
   1258.76123    0.5040700      23.85
   1258.76306    0.6270400      29.67
   1258.76489    0.7076800      33.49
   1258.76672    0.7707100      36.47
   1258.76855    0.8204300      38.82
   1258.77039    0.8509300      40.26
   1258.77222    0.8675600      41.05
   1258.77405    0.8822800      41.75
   1258.77588    0.8975600      42.47
   1258.77771    0.9077600      42.95
   1258.77954    0.9122500      43.17
   1258.78137    0.9167000      43.38
   1258.78320    0.9232000      43.68
   1258.78503    0.9280700      43.91
   1258.78687    0.9297700      43.99
   1258.78870    0.9316600      44.08
   1258.79053    0.9357200      44.28
   1258.79236    0.9392800      44.44
   1258.79419    0.9402300      44.49
   1258.79590    0.9405200      44.50
   1258.79773    0.9423500      44.59
   1258.79956    0.9444800      44.69
   1258.80139    0.9450300      44.72
   1258.80322    0.9449400      44.71
   1258.80505    0.9460400      44.76
   1258.80688    0.9478700      44.85
   1258.80872    0.9487700      44.89
   1258.81055    0.9487700      44.89
   1258.81238    0.9490900      44.91
   1258.81421    0.9499400      44.95
   1258.81604    0.9506900      44.98
   1258.81787    0.9513200      45.01
   1258.81970    0.9520500      45.05
   1258.82153    0.9525100      45.07
   1258.82336    0.9525200      45.07
   1258.82520    0.9528700      45.08
   1258.82703    0.9538500      45.13
   1258.82886    0.9542700      45.15
   1258.83069    0.9532800      45.10
   1258.83252    0.9521200      45.05
   1258.83435    0.9521800      45.05
   1258.83618    0.9527300      45.08
   1258.83801    0.9523300      45.06
   1258.83984    0.9515100      45.02
   1258.84167    0.9516100      45.02
   1258.84351    0.9521000      45.05
   1258.84534    0.9514400      45.02
   1258.84717    0.9500200      44.95
   1258.84900    0.9493300      44.92
   1258.85083    0.9488600      44.89
   1258.85266    0.9470100      44.81
   1258.85449    0.9447000      44.70
   1258.85632    0.9444100      44.68
   1258.85815    0.9455200      44.73
   1258.85999    0.9448100      44.70
   1258.86182    0.9423200      44.58
   1258.86365    0.9419600      44.57
   1258.86548    0.9445200      44.69
   1258.86731    0.9455100      44.73
   1258.86914    0.9429900      44.61
   1258.87097    0.9417900      44.56
   1258.87280    0.9449500      44.71
   1258.87463    0.9465600      44.78
   1258.87646    0.9407900      44.51
   1258.87830    0.9328900      44.14
   1258.88013    0.9295800      43.98
   1258.88196    0.9209200      43.57
   1258.88379    0.8874800      41.99
   1258.88562    0.8320200      39.36
   1258.88745    0.7903400      37.39
   1258.88928    0.7969500      37.70
   1258.89111    0.8456600      40.01
   1258.89294    0.8970400      42.44
   1258.89478    0.9226400      43.65
   1258.89661    0.9283300      43.92
   1258.89844    0.9333500      44.16
   1258.90027    0.9422800      44.58
   1258.90210    0.9467700      44.79
   1258.90393    0.9444200      44.68
   1258.90576    0.9422600      44.58
   1258.90759    0.9440500      44.66
   1258.90942    0.9451500      44.71
   1258.91125    0.9417500      44.55
   1258.91309    0.9369900      44.33
   1258.91492    0.9349800      44.23
   1258.91675    0.9344500      44.21
   1258.91858    0.9321200      44.10
   1258.92041    0.9282400      43.91
   1258.92224    0.9253200      43.77
   1258.92407    0.9238800      43.71
   1258.92590    0.9227900      43.65
   1258.92773    0.9222700      43.63
   1258.92957    0.9233600      43.68
   1258.93140    0.9255300      43.78
   1258.93323    0.9273600      43.87
   1258.93506    0.9289300      43.94
   1258.93689    0.9314900      44.06
   1258.93872    0.9349700      44.23
   1258.94055    0.9380200      44.37
   1258.94238    0.9403100      44.48
   1258.94421    0.9427700      44.60
   1258.94604    0.9454600      44.72
   1258.94788    0.9472600      44.81
   1258.94971    0.9478400      44.84
   1258.95154    0.9483500      44.86
   1258.95337    0.9494900      44.91
   1258.95520    0.9504500      44.96
   1258.95703    0.9505900      44.97
   1258.95886    0.9507400      44.97
   1258.96069    0.9517700      45.02
   1258.96252    0.9531000      45.08
   1258.96436    0.9536400      45.11
   1258.96619    0.9534900      45.10
   1258.96790    0.9536000      45.11
   1258.96973    0.9541300      45.13
   1258.97156    0.9544300      45.15
   1258.97339    0.9544500      45.15
   1258.97522    0.9549100      45.17
   1258.97705    0.9560500      45.22
   1258.97888    0.9572000      45.28
   1258.98071    0.9577400      45.30
   1258.98254    0.9577900      45.31
   1258.98438    0.9577300      45.30
   1258.98621    0.9575800      45.30
   1258.98804    0.9573400      45.28
   1258.98987    0.9573100      45.28
   1258.99170    0.9576000      45.30
   1258.99353    0.9577700      45.30
   1258.99536    0.9574000      45.29
   1258.99719    0.9568200      45.26
   1258.99902    0.9567200      45.25
   1259.00085    0.9572100      45.28
   1259.00269    0.9577000      45.30
   1259.00452    0.9578800      45.31
   1259.00635    0.9580400      45.32
   1259.00818    0.9584600      45.33
   1259.01001    0.9588600      45.35
   1259.01184    0.9587400      45.35
   1259.01367    0.9580600      45.32
   1259.01550    0.9573000      45.28
   1259.01733    0.9567500      45.25
   1259.01917    0.9564000      45.24
   1259.02100    0.9562200      45.23
   1259.02283    0.9563000      45.23
   1259.02466    0.9566300      45.25
   1259.02649    0.9569400      45.26
   1259.02832    0.9570300      45.27
   1259.03015    0.9570200      45.27
   1259.03198    0.9570500      45.27
   1259.03381    0.9569800      45.26
   1259.03564    0.9567300      45.25
   1259.03748    0.9566000      45.24
   1259.03931    0.9568200      45.26
   1259.04114    0.9570600      45.27
   1259.04297    0.9567100      45.25
   1259.04480    0.9557400      45.20
   1259.04663    0.9547200      45.16
   1259.04846    0.9538800      45.12
   1259.05029    0.9526500      45.06
   1259.05212    0.9506900      44.96
   1259.05396    0.9488400      44.88
   1259.05579    0.9483100      44.85
   1259.05762    0.9491600      44.89
   1259.05945    0.9502600      44.94
   1259.06128    0.9507400      44.97
   1259.06311    0.9508000      44.97
   1259.06494    0.9509400      44.97
   1259.06677    0.9509800      44.98
   1259.06860    0.9503800      44.95
   1259.07043    0.9491900      44.89
   1259.07227    0.9480700      44.84
   1259.07410    0.9474400      44.81
   1259.07593    0.9471000      44.79
   1259.07776    0.9466300      44.77
   1259.07959    0.9457800      44.73
   1259.08142    0.9445200      44.67
   1259.08325    0.9430500      44.60
   1259.08508    0.9419100      44.55
   1259.08691    0.9414800      44.53
   1259.08875    0.9415200      44.53
   1259.09058    0.9413400      44.52
   1259.09241    0.9407700      44.49
   1259.09424    0.9404300      44.48
   1259.09607    0.9408700      44.50
   1259.09790    0.9417700      44.54
   1259.09973    0.9423900      44.57
   1259.10156    0.9425000      44.57
   1259.10339    0.9425500      44.58
   1259.10522    0.9429200      44.59
   1259.10706    0.9436200      44.63
   1259.10889    0.9445500      44.67
   1259.11072    0.9456000      44.72
   1259.11255    0.9465300      44.76
   1259.11438    0.9470600      44.79
   1259.11621    0.9473100      44.80
   1259.11804    0.9478000      44.82
   1259.11987    0.9487300      44.87
   1259.12170    0.9497500      44.91
   1259.12354    0.9504600      44.95
   1259.12537    0.9509300      44.97
   1259.12720    0.9513900      44.99
   1259.12903    0.9517700      45.01
   1259.13086    0.9519500      45.02
   1259.13269    0.9520200      45.02
   1259.13452    0.9522700      45.03
   1259.13635    0.9527200      45.05
   1259.13818    0.9531800      45.08
   1259.14001    0.9535700      45.09
   1259.14185    0.9538600      45.11
   1259.14368    0.9539700      45.11
   1259.14551    0.9537900      45.10
   1259.14734    0.9534400      45.09
   1259.14917    0.9531000      45.07
   1259.15100    0.9528300      45.06
   1259.15283    0.9525100      45.04
   1259.15466    0.9519900      45.02
   1259.15649    0.9511000      44.98
   1259.15833    0.9496900      44.91
   1259.16016    0.9480000      44.83
   1259.16199    0.9465000      44.76
   1259.16382    0.9454100      44.71
   1259.16565    0.9446400      44.67
   1259.16748    0.9443200      44.65
   1259.16931    0.9448600      44.68
   1259.17114    0.9461300      44.74
   1259.17297    0.9472400      44.79
   1259.17480    0.9477500      44.82
   1259.17664    0.9483700      44.85
   1259.17847    0.9495700      44.90
   1259.18030    0.9505100      44.95
   1259.18213    0.9504700      44.94
   1259.18396    0.9505300      44.95
   1259.18579    0.9520100      45.02
   1259.18762    0.9539000      45.11
   1259.18945    0.9541300      45.12
   1259.19128    0.9531100      45.07
   1259.19312    0.9533000      45.08
   1259.19495    0.9549600      45.16
   1259.19678    0.9554700      45.18
   1259.19861    0.9539000      45.10
   1259.20044    0.9529400      45.06
   1259.20227    0.9541400      45.12
   1259.20410    0.9549100      45.15
   1259.20593    0.9530500      45.06
   1259.20776    0.9511600      44.97
   1259.20959    0.9520800      45.02
   1259.21143    0.9532100      45.07
   1259.21326    0.9507600      44.96
   1259.21509    0.9474500      44.80
   1259.21692    0.9485600      44.85
   1259.21875    0.9512800      44.98
   1259.22058    0.9473900      44.80
   1259.22241    0.9376100      44.33
   1259.22424    0.9316900      44.05
   1259.22607    0.9279900      43.88
   1259.22791    0.9057900      42.83
   1259.22974    0.8525300      40.31
   1259.23157    0.7929500      37.49
   1259.23340    0.7726700      36.53
   1259.23523    0.8086000      38.23
   1259.23706    0.8695300      41.11
   1259.23889    0.9125200      43.15
   1259.24072    0.9267200      43.82
   1259.24255    0.9312400      44.03
   1259.24438    0.9407900      44.48
   1259.24622    0.9504100      44.94
   1259.24805    0.9522200      45.02
   1259.24988    0.9501500      44.92
   1259.25171    0.9517400      45.00
   1259.25354    0.9557700      45.19
   1259.25537    0.9565000      45.22
   1259.25720    0.9542200      45.12
   1259.25903    0.9538500      45.10
   1259.26086    0.9560700      45.20
   1259.26270    0.9570800      45.25
   1259.26453    0.9558400      45.19
   1259.26636    0.9555500      45.18
   1259.26819    0.9574600      45.27
   1259.27002    0.9587900      45.33
   1259.27185    0.9577800      45.28
   1259.27368    0.9565600      45.22
   1259.27551    0.9571700      45.25
   1259.27734    0.9582400      45.30
   1259.27917    0.9577300      45.28
   1259.28101    0.9565300      45.22
   1259.28284    0.9566900      45.23
   1259.28467    0.9579100      45.29
   1259.28650    0.9581900      45.30
   1259.28833    0.9571800      45.25
   1259.29016    0.9563900      45.22
   1259.29199    0.9566400      45.23
   1259.29382    0.9571200      45.25
   1259.29565    0.9570500      45.25
   1259.29749    0.9566400      45.23
   1259.29932    0.9562500      45.21
   1259.30115    0.9556400      45.18
   1259.30298    0.9547300      45.14
   1259.30481    0.9539600      45.10
   1259.30664    0.9536300      45.08
   1259.30847    0.9533600      45.07
   1259.31030    0.9527600      45.04
   1259.31213    0.9519900      45.01
   1259.31396    0.9514800      44.98
   1259.31580    0.9514200      44.98
   1259.31763    0.9517100      44.99
   1259.31946    0.9521500      45.01
   1259.32129    0.9525100      45.03
   1259.32312    0.9526600      45.04
   1259.32495    0.9528500      45.05
   1259.32678    0.9534700      45.07
   1259.32861    0.9545100      45.12
   1259.33044    0.9554500      45.17
   1259.33228    0.9559000      45.19
   1259.33411    0.9559200      45.19
   1259.33594    0.9557500      45.18
   1259.33777    0.9555100      45.17
   1259.33960    0.9552400      45.16
   1259.34143    0.9550900      45.15
   1259.34326    0.9550600      45.15
   1259.34509    0.9549100      45.14
   1259.34692    0.9544600      45.12
   1259.34875    0.9538400      45.09
   1259.35059    0.9531600      45.06
   1259.35242    0.9522900      45.02
   1259.35425    0.9510100      44.96
   1259.35608    0.9494500      44.88
   1259.35791    0.9480600      44.82
   1259.35974    0.9470900      44.77
   1259.36157    0.9463200      44.73
   1259.36340    0.9452400      44.68
   1259.36523    0.9435600      44.60
   1259.36707    0.9415100      44.51
   1259.36890    0.9397400      44.42
   1259.37073    0.9387100      44.37
   1259.37256    0.9384000      44.36
   1259.37439    0.9385700      44.37
   1259.37622    0.9392700      44.40
   1259.37805    0.9407700      44.47
   1259.37988    0.9429300      44.57
   1259.38171    0.9451700      44.68
   1259.38354    0.9470700      44.77
   1259.38538    0.9486800      44.84
   1259.38721    0.9502200      44.92
   1259.38904    0.9516200      44.98
   1259.39087    0.9526900      45.03
   1259.39270    0.9534200      45.07
   1259.39453    0.9539600      45.09
   1259.39636    0.9544400      45.12
   1259.39819    0.9548500      45.13
   1259.40002    0.9551100      45.15
   1259.40186    0.9551200      45.15
   1259.40369    0.9550100      45.14
   1259.40552    0.9551400      45.15
   1259.40735    0.9555800      45.17
   1259.40918    0.9558400      45.18
   1259.41101    0.9555200      45.17
   1259.41284    0.9551700      45.15
   1259.41467    0.9554900      45.16
   1259.41650    0.9561000      45.19
   1259.41833    0.9558900      45.18
   1259.42017    0.9549900      45.14
   1259.42200    0.9548100      45.13
   1259.42383    0.9558500      45.18
   1259.42566    0.9568100      45.23
   1259.42749    0.9566400      45.22
   1259.42932    0.9561800      45.20
   1259.43115    0.9564000      45.21
   1259.43298    0.9565600      45.21
   1259.43481    0.9557300      45.17
   1259.43665    0.9548800      45.13
   1259.43848    0.9552700      45.15
   1259.44031    0.9558600      45.18
   1259.44214    0.9549600      45.14
   1259.44397    0.9535700      45.07
   1259.44580    0.9539700      45.09
   1259.44763    0.9554900      45.16
   1259.44946    0.9553300      45.15
   1259.45129    0.9536500      45.07
   1259.45312    0.9536100      45.07
   1259.45496    0.9554700      45.16
   1259.45679    0.9554500      45.16
   1259.45862    0.9525500      45.02
   1259.46045    0.9511900      44.96
   1259.46228    0.9536900      45.07
   1259.46411    0.9553600      45.15
   1259.46594    0.9522300      45.01
   1259.46777    0.9486800      44.84
   1259.46960    0.9501800      44.91
   1259.47144    0.9528700      45.04
   1259.47327    0.9496900      44.89
   1259.47510    0.9436700      44.60
   1259.47693    0.9435000      44.59
   1259.47876    0.9462600      44.72
   1259.48059    0.9393700      44.40
   1259.48242    0.9226600      43.61
   1259.48425    0.9108300      43.05
   1259.48608    0.9032400      42.69
   1259.48792    0.8696100      41.10
   1259.48975    0.7892100      37.30
   1259.49158    0.6969000      32.94
   1259.49341    0.6620000      31.29
   1259.49524    0.7134700      33.72
   1259.49707    0.8066000      38.12
   1259.49890    0.8752700      41.37
   1259.50073    0.8999000      42.53
   1259.50256    0.9079400      42.91
   1259.50439    0.9227100      43.61
   1259.50623    0.9380200      44.33
   1259.50806    0.9416700      44.50
   1259.50989    0.9388300      44.37
   1259.51172    0.9410300      44.47
   1259.51355    0.9472900      44.77
   1259.51538    0.9491600      44.86
   1259.51721    0.9465100      44.73
   1259.51904    0.9464000      44.73
   1259.52087    0.9502500      44.91
   1259.52271    0.9525200      45.02
   1259.52454    0.9512100      44.95
   1259.52637    0.9506600      44.93
   1259.52820    0.9532200      45.05
   1259.53003    0.9555100      45.16
   1259.53186    0.9548200      45.12
   1259.53369    0.9534800      45.06
   1259.53552    0.9542000      45.09
   1259.53735    0.9555400      45.16
   1259.53918    0.9551500      45.14
   1259.54102    0.9539700      45.08
   1259.54285    0.9541700      45.09
   1259.54468    0.9553100      45.15
   1259.54651    0.9554300      45.15
   1259.54834    0.9544500      45.10
   1259.55017    0.9539300      45.08
   1259.55200    0.9541500      45.09
   1259.55383    0.9540300      45.08
   1259.55566    0.9533200      45.05
   1259.55750    0.9529400      45.03
   1259.55933    0.9531200      45.04
   1259.56116    0.9531200      45.04
   1259.56299    0.9526000      45.02
   1259.56482    0.9519700      44.99
   1259.56665    0.9513400      44.96
   1259.56848    0.9503000      44.91
   1259.57031    0.9489500      44.84
   1259.57214    0.9479800      44.80
   1259.57397    0.9475500      44.78
   1259.57581    0.9471400      44.76
   1259.57764    0.9466500      44.73
   1259.57947    0.9467300      44.74
   1259.58130    0.9476600      44.78
   1259.58313    0.9488000      44.83
   1259.58496    0.9496000      44.87
   1259.58679    0.9503200      44.91
   1259.58862    0.9513600      44.96
   1259.59045    0.9524400      45.01
   1259.59229    0.9531000      45.04
   1259.59412    0.9535300      45.06
   1259.59595    0.9541700      45.09
   1259.59778    0.9549500      45.12
   1259.59961    0.9554100      45.15
   1259.60144    0.9554800      45.15
   1259.60327    0.9555300      45.15
   1259.60510    0.9557300      45.16
   1259.60693    0.9558800      45.17
   1259.60876    0.9558300      45.16
   1259.61060    0.9558900      45.17
   1259.61243    0.9563700      45.19
   1259.61426    0.9570400      45.22
   1259.61609    0.9573900      45.24
   1259.61792    0.9571700      45.23
   1259.61975    0.9567200      45.21
   1259.62158    0.9565300      45.20
   1259.62341    0.9566000      45.20
   1259.62524    0.9565400      45.20
   1259.62708    0.9561800      45.18
   1259.62891    0.9557800      45.16
   1259.63074    0.9555800      45.15
   1259.63257    0.9553100      45.14
   1259.63440    0.9545600      45.10
   1259.63623    0.9535100      45.05
   1259.63806    0.9527900      45.02
   1259.63989    0.9526900      45.01
   1259.64172    0.9528500      45.02
   1259.64355    0.9529000      45.02
   1259.64539    0.9529200      45.02
   1259.64722    0.9531700      45.04
   1259.64905    0.9536100      45.06
   1259.65088    0.9540900      45.08
   1259.65271    0.9545800      45.10
   1259.65454    0.9551300      45.13
   1259.65637    0.9555500      45.15
   1259.65820    0.9558000      45.16
   1259.66003    0.9561100      45.17
   1259.66187    0.9566800      45.20
   1259.66370    0.9571600      45.22
   1259.66553    0.9570600      45.22
   1259.66736    0.9564500      45.19
   1259.66919    0.9559500      45.17
   1259.67102    0.9559500      45.17
   1259.67285    0.9563600      45.19
   1259.67468    0.9569900      45.21
   1259.67651    0.9577200      45.25
   1259.67834    0.9583000      45.28
   1259.68018    0.9582600      45.27
   1259.68201    0.9575900      45.24
   1259.68384    0.9569400      45.21
   1259.68567    0.9569000      45.21
   1259.68750    0.9573800      45.23
   1259.68945    0.9577900      45.25
   1259.69128    0.9578400      45.25
   1259.69312    0.9577300      45.25
   1259.69495    0.9575800      45.24
   1259.69678    0.9573000      45.23
   1259.69861    0.9568700      45.21
   1259.70044    0.9565400      45.19
   1259.70227    0.9565000      45.19
   1259.70410    0.9566000      45.19
   1259.70593    0.9566100      45.19
   1259.70776    0.9565900      45.19
   1259.70959    0.9568800      45.21
   1259.71143    0.9575100      45.24
   1259.71326    0.9580600      45.26
   1259.71509    0.9580500      45.26
   1259.71692    0.9575700      45.24
   1259.71875    0.9571400      45.22
   1259.72058    0.9570800      45.22
   1259.72241    0.9571800      45.22
   1259.72424    0.9570400      45.21
   1259.72607    0.9565900      45.19
   1259.72791    0.9560200      45.16
   1259.72974    0.9554600      45.14
   1259.73157    0.9550400      45.12
   1259.73340    0.9551000      45.12
   1259.73523    0.9558200      45.15
   1259.73706    0.9567800      45.20
   1259.73889    0.9572300      45.22
   1259.74072    0.9569000      45.21
   1259.74255    0.9562200      45.17
   1259.74438    0.9556400      45.15
   1259.74622    0.9553100      45.13
   1259.74805    0.9552000      45.12
   1259.74988    0.9552100      45.12
   1259.75171    0.9550700      45.12
   1259.75354    0.9546200      45.10
   1259.75537    0.9541900      45.08
   1259.75720    0.9541600      45.07
   1259.75903    0.9541200      45.07
   1259.76086    0.9533500      45.04
   1259.76270    0.9520800      44.98
   1259.76453    0.9513200      44.94
   1259.76636    0.9512600      44.94
   1259.76819    0.9510100      44.93
   1259.77002    0.9503000      44.89
   1259.77185    0.9499800      44.88
   1259.77368    0.9502200      44.89
   1259.77551    0.9498200      44.87
   1259.77734    0.9485100      44.81
   1259.77917    0.9480300      44.78
   1259.78101    0.9493400      44.85
   1259.78284    0.9504500      44.90
   1259.78467    0.9494000      44.85
   1259.78650    0.9478800      44.78
   1259.78833    0.9486500      44.81
   1259.79016    0.9506400      44.91
   1259.79199    0.9506000      44.90
   1259.79382    0.9487900      44.82
   1259.79565    0.9485400      44.81
   1259.79749    0.9498200      44.87
   1259.79932    0.9487500      44.82
   1259.80115    0.9448000      44.63
   1259.80298    0.9427100      44.53
   1259.80481    0.9442600      44.60
   1259.80664    0.9443700      44.61
   1259.80847    0.9399400      44.40
   1259.81030    0.9363600      44.23
   1259.81213    0.9384900      44.33
   1259.81396    0.9409600      44.45
   1259.81580    0.9367200      44.25
   1259.81763    0.9303600      43.95
   1259.81946    0.9307000      43.96
   1259.82129    0.9331200      44.08
   1259.82312    0.9246100      43.67
   1259.82495    0.9071900      42.85
   1259.82678    0.8963000      42.34
   1259.82861    0.8873200      41.91
   1259.83044    0.8457500      39.95
   1259.83228    0.7540200      35.62
   1259.83411    0.6564400      31.01
   1259.83594    0.6275900      29.64
   1259.83777    0.6911300      32.64
   1259.83960    0.7930800      37.46
   1259.84143    0.8645100      40.83
   1259.84326    0.8900800      42.04
   1259.84509    0.9003400      42.53
   1259.84692    0.9166400      43.30
   1259.84875    0.9306300      43.96
   1259.85059    0.9324300      44.04
   1259.85242    0.9308300      43.97
   1259.85425    0.9368800      44.25
   1259.85608    0.9458600      44.68
   1259.85791    0.9475700      44.76
   1259.85974    0.9438600      44.58
   1259.86169    0.9438000      44.58
   1259.86353    0.9482000      44.79
   1259.86536    0.9501600      44.88
   1259.86719    0.9480000      44.78
   1259.86902    0.9472600      44.74
   1259.87085    0.9502800      44.88
   1259.87268    0.9528000      45.00
   1259.87451    0.9521000      44.97
   1259.87634    0.9512300      44.93
   1259.87817    0.9528000      45.00
   1259.88000    0.9543800      45.08
   1259.88184    0.9533000      45.02
   1259.88367    0.9513700      44.93
   1259.88550    0.9515400      44.94
   1259.88733    0.9529600      45.01
   1259.88916    0.9529800      45.01
   1259.89099    0.9518800      44.96
   1259.89282    0.9520300      44.96
   1259.89465    0.9536800      45.04
   1259.89648    0.9548300      45.10
   1259.89832    0.9547000      45.09
   1259.90015    0.9545900      45.08
   1259.90198    0.9551800      45.11
   1259.90381    0.9555900      45.13
   1259.90564    0.9552800      45.12
   1259.90747    0.9550300      45.10
   1259.90930    0.9554200      45.12
   1259.91113    0.9558300      45.14
   1259.91296    0.9556100      45.13
   1259.91479    0.9550800      45.11
   1259.91663    0.9546800      45.09
   1259.91846    0.9541200      45.06
   1259.92029    0.9531600      45.02
   1259.92212    0.9522100      44.97
   1259.92395    0.9517200      44.95
   1259.92578    0.9514100      44.93
   1259.92761    0.9507400      44.90
   1259.92944    0.9498500      44.86
   1259.93127    0.9492800      44.83
   1259.93311    0.9492300      44.83
   1259.93494    0.9494900      44.84
   1259.93677    0.9500000      44.86
   1259.93860    0.9509100      44.91
   1259.94043    0.9520700      44.96
   1259.94226    0.9530600      45.01
   1259.94409    0.9535800      45.03
   1259.94592    0.9538000      45.04
   1259.94775    0.9541500      45.06
   1259.94958    0.9547700      45.09
   1259.95142    0.9554000      45.12
   1259.95325    0.9556000      45.13
   1259.95508    0.9553300      45.12
   1259.95691    0.9550400      45.10
   1259.95874    0.9552000      45.11
   1259.96057    0.9556900      45.13
   1259.96240    0.9560400      45.15
   1259.96423    0.9560900      45.15
   1259.96606    0.9561000      45.15
   1259.96790    0.9562000      45.16
   1259.96973    0.9561400      45.15
   1259.97156    0.9558300      45.14
   1259.97339    0.9556300      45.13
   1259.97522    0.9558900      45.14
   1259.97705    0.9564000      45.16
   1259.97888    0.9567000      45.18
   1259.98071    0.9565900      45.17
   1259.98254    0.9561200      45.15
   1259.98438    0.9552700      45.11
   1259.98621    0.9541500      45.06
   1259.98804    0.9533500      45.02
   1259.98999    0.9534400      45.02
   1259.99182    0.9542200      45.06
   1259.99365    0.9548500      45.09
   1259.99548    0.9548600      45.09
   1259.99731    0.9546400      45.08
   1259.99915    0.9547500      45.08
   1260.00098    0.9552000      45.11
   1260.00281    0.9554600      45.12
   1260.00464    0.9551100      45.10
   1260.00647    0.9542300      45.06
   1260.00830    0.9532000      45.01
   1260.01013    0.9523300      44.97
   1260.01196    0.9516800      44.94
   1260.01379    0.9511200      44.91
   1260.01562    0.9504800      44.88
   1260.01746    0.9495300      44.84
   1260.01929    0.9481200      44.77
   1260.02112    0.9463300      44.69
   1260.02295    0.9447200      44.61
   1260.02478    0.9438600      44.57
   1260.02661    0.9436400      44.56
   1260.02844    0.9434500      44.55
   1260.03027    0.9431400      44.53
   1260.03210    0.9433400      44.54
   1260.03394    0.9443800      44.59
   1260.03577    0.9456400      44.65
   1260.03760    0.9465200      44.69
   1260.03943    0.9473200      44.73
   1260.04126    0.9485200      44.79
   1260.04309    0.9495800      44.84
   1260.04492    0.9498300      44.85
   1260.04675    0.9498600      44.85
   1260.04858    0.9506800      44.89
   1260.05042    0.9519700      44.95
   1260.05225    0.9525400      44.98
   1260.05408    0.9525800      44.98
   1260.05591    0.9533500      45.01
   1260.05774    0.9545900      45.07
   1260.05957    0.9544900      45.07
   1260.06140    0.9528600      44.99
   1260.06323    0.9518800      44.94
   1260.06506    0.9524900      44.97
   1260.06689    0.9527700      44.99
   1260.06873    0.9515000      44.93
   1260.07056    0.9506600      44.89
   1260.07239    0.9519400      44.95
   1260.07422    0.9532500      45.01
   1260.07605    0.9521100      44.95
   1260.07788    0.9502200      44.86
   1260.07971    0.9505800      44.88
   1260.08154    0.9519100      44.94
   1260.08337    0.9507700      44.89
   1260.08521    0.9481600      44.77
   1260.08704    0.9480500      44.76
   1260.08887    0.9498000      44.84
   1260.09070    0.9485800      44.79
   1260.09253    0.9443400      44.59
   1260.09436    0.9428100      44.51
   1260.09619    0.9452000      44.63
   1260.09814    0.9450700      44.62
   1260.09998    0.9396500      44.36
