   1252.00146    0.9758400      46.71
   1252.00330    0.9756600      46.70
   1252.00500    0.9756600      46.70
   1252.00684    0.9760500      46.72
   1252.00867    0.9766800      46.75
   1252.01050    0.9771500      46.77
   1252.01233    0.9772500      46.77
   1252.01416    0.9770000      46.76
   1252.01587    0.9766300      46.74
   1252.01770    0.9764000      46.73
   1252.01953    0.9764600      46.73
   1252.02136    0.9766000      46.74
   1252.02319    0.9763800      46.73
   1252.02502    0.9756700      46.70
   1252.02673    0.9749900      46.66
   1252.02856    0.9750100      46.66
   1252.03040    0.9756300      46.69
   1252.03223    0.9761100      46.72
   1252.03406    0.9759900      46.71
   1252.03577    0.9757100      46.70
   1252.03760    0.9758200      46.70
   1252.03943    0.9761800      46.72
   1252.04126    0.9762100      46.72
   1252.04309    0.9757600      46.70
   1252.04492    0.9752500      46.67
   1252.04663    0.9750200      46.66
   1252.04846    0.9748900      46.66
   1252.05029    0.9746900      46.65
   1252.05212    0.9746000      46.64
   1252.05396    0.9747600      46.65
   1252.05579    0.9749300      46.66
   1252.05750    0.9747600      46.65
   1252.05933    0.9743900      46.63
   1252.06116    0.9742600      46.63
   1252.06299    0.9745700      46.64
   1252.06482    0.9750500      46.66
   1252.06665    0.9753700      46.68
   1252.06836    0.9754100      46.68
   1252.07019    0.9751800      46.67
   1252.07202    0.9748000      46.65
   1252.07385    0.9745200      46.64
   1252.07568    0.9745400      46.64
   1252.07751    0.9747200      46.65
   1252.07922    0.9746400      46.64
   1252.08105    0.9742400      46.62
   1252.08289    0.9739900      46.61
   1252.08472    0.9742200      46.62
   1252.08655    0.9745900      46.64
   1252.08826    0.9744700      46.63
   1252.09009    0.9738700      46.60
   1252.09192    0.9733600      46.58
   1252.09375    0.9732800      46.58
   1252.09558    0.9733800      46.58
   1252.09741    0.9733200      46.58
   1252.09912    0.9732200      46.57
   1252.10095    0.9733800      46.58
   1252.10278    0.9738300      46.60
   1252.10461    0.9742800      46.62
   1252.10645    0.9745200      46.63
   1252.10828    0.9745600      46.64
   1252.10999    0.9744100      46.63
   1252.11182    0.9740700      46.61
   1252.11365    0.9735900      46.59
   1252.11548    0.9730900      46.57
   1252.11731    0.9726500      46.54
   1252.11914    0.9722100      46.52
   1252.12085    0.9716900      46.50
   1252.12268    0.9710700      46.47
   1252.12451    0.9703400      46.43
   1252.12634    0.9695400      46.39
   1252.12817    0.9686800      46.35
   1252.13000    0.9678200      46.31
   1252.13171    0.9670600      46.28
   1252.13354    0.9664800      46.25
   1252.13538    0.9660300      46.23
   1252.13721    0.9655000      46.20
   1252.13904    0.9646200      46.16
   1252.14087    0.9634200      46.10
   1252.14258    0.9620800      46.04
   1252.14441    0.9605600      45.96
   1252.14624    0.9585600      45.87
   1252.14807    0.9560000      45.74
   1252.14990    0.9532500      45.61
   1252.15161    0.9506700      45.49
   1252.15344    0.9481300      45.37
   1252.15527    0.9454000      45.24
   1252.15710    0.9426500      45.11
   1252.15894    0.9402800      44.99
   1252.16077    0.9382500      44.89
   1252.16248    0.9361100      44.79
   1252.16431    0.9335300      44.67
   1252.16614    0.9304600      44.52
   1252.16797    0.9265200      44.33
   1252.16980    0.9209900      44.07
   1252.17163    0.9134300      43.71
   1252.17334    0.9041900      43.26
   1252.17517    0.8940400      42.78
   1252.17700    0.8837500      42.29
   1252.17883    0.8742700      41.83
   1252.18066    0.8667500      41.47
   1252.18250    0.8620300      41.25
   1252.18420    0.8601400      41.16
   1252.18604    0.8605600      41.18
   1252.18787    0.8627700      41.28
   1252.18970    0.8660400      41.44
   1252.19153    0.8689900      41.58
   1252.19336    0.8698200      41.62
   1252.19507    0.8671900      41.49
   1252.19690    0.8606000      41.18
   1252.19873    0.8499900      40.67
   1252.20056    0.8353200      39.97
   1252.20239    0.8166900      39.08
   1252.20422    0.7947900      38.03
   1252.20593    0.7710900      36.89
   1252.20776    0.7475600      35.77
   1252.20959    0.7262300      34.75
   1252.21143    0.7090900      33.93
   1252.21326    0.6983300      33.41
   1252.21509    0.6958400      33.29
   1252.21680    0.7021400      33.59
   1252.21863    0.7159600      34.25
   1252.22046    0.7354600      35.19
   1252.22229    0.7594400      36.33
   1252.22412    0.7867600      37.64
   1252.22595    0.8150100      38.99
   1252.22766    0.8413600      40.25
   1252.22949    0.8646600      41.37
   1252.23132    0.8854200      42.36
   1252.23315    0.9034700      43.22
   1252.23499    0.9176300      43.90
   1252.23682    0.9280100      44.40
   1252.23853    0.9366000      44.81
   1252.24036    0.9444100      45.18
   1252.24219    0.9501200      45.46
   1252.24402    0.9531400      45.60
   1252.24585    0.9557600      45.73
   1252.24768    0.9597000      45.91
   1252.24939    0.9628900      46.07
   1252.25122    0.9629200      46.07
   1252.25305    0.9618400      46.02
   1252.25488    0.9632300      46.08
   1252.25671    0.9659300      46.21
   1252.25854    0.9659100      46.21
   1252.26025    0.9638000      46.11
   1252.26208    0.9642700      46.13
   1252.26392    0.9675000      46.29
   1252.26575    0.9681100      46.31
   1252.26758    0.9647900      46.16
   1252.26929    0.9633600      46.09
   1252.27112    0.9664100      46.23
   1252.27295    0.9677400      46.30
   1252.27478    0.9632900      46.08
   1252.27661    0.9596100      45.91
   1252.27844    0.9626800      46.05
   1252.28015    0.9656000      46.19
   1252.28198    0.9594600      45.90
   1252.28381    0.9503900      45.47
   1252.28564    0.9499500      45.44
   1252.28748    0.9519400      45.54
   1252.28931    0.9390500      44.92
   1252.29102    0.9134000      43.70
   1252.29285    0.8944900      42.79
   1252.29468    0.8756400      41.89
   1252.29651    0.8118300      38.84
   1252.29834    0.6819000      32.62
   1252.30017    0.5473400      26.18
   1252.30188    0.5089100      24.35
   1252.30371    0.5978000      28.60
   1252.30554    0.7401000      35.40
   1252.30737    0.8413900      40.25
   1252.30920    0.8798900      42.09
   1252.31104    0.8970200      42.91
   1252.31274    0.9225800      44.13
   1252.31458    0.9452500      45.22
   1252.31641    0.9498200      45.44
   1252.31824    0.9464600      45.28
   1252.32007    0.9510700      45.50
   1252.32190    0.9602900      45.94
   1252.32361    0.9622600      46.03
   1252.32544    0.9583300      45.84
   1252.32727    0.9584300      45.85
   1252.32910    0.9630100      46.07
   1252.33093    0.9640300      46.11
   1252.33276    0.9603300      45.94
   1252.33447    0.9589800      45.87
   1252.33630    0.9623100      46.03
   1252.33813    0.9645800      46.14
   1252.33997    0.9628000      46.06
   1252.34180    0.9614500      45.99
   1252.34363    0.9639100      46.11
   1252.34546    0.9667700      46.24
   1252.34717    0.9663000      46.22
   1252.34900    0.9646400      46.14
   1252.35083    0.9652700      46.17
   1252.35266    0.9670600      46.26
   1252.35449    0.9669500      46.25
   1252.35632    0.9656700      46.19
   1252.35803    0.9660200      46.21
   1252.35986    0.9677700      46.29
   1252.36169    0.9682800      46.32
   1252.36353    0.9672400      46.27
   1252.36536    0.9670500      46.26
   1252.36719    0.9686700      46.33
   1252.36890    0.9704300      46.42
   1252.37073    0.9710600      46.45
   1252.37256    0.9713800      46.46
   1252.37439    0.9722400      46.50
   1252.37622    0.9730200      46.54
   1252.37805    0.9730400      46.54
   1252.37976    0.9727800      46.53
   1252.38159    0.9728400      46.53
   1252.38342    0.9728500      46.53
   1252.38525    0.9724200      46.51
   1252.38708    0.9720800      46.50
   1252.38892    0.9724200      46.51
   1252.39062    0.9730700      46.54
   1252.39246    0.9733200      46.55
   1252.39429    0.9732600      46.55
   1252.39612    0.9734800      46.56
   1252.39795    0.9740300      46.59
   1252.39978    0.9743800      46.60
   1252.40149    0.9742200      46.60
   1252.40332    0.9738300      46.58
   1252.40515    0.9735900      46.57
   1252.40698    0.9735900      46.57
   1252.40881    0.9737100      46.57
   1252.41064    0.9738000      46.58
   1252.41235    0.9737100      46.57
   1252.41418    0.9734600      46.56
   1252.41602    0.9733200      46.55
   1252.41785    0.9734800      46.56
   1252.41968    0.9737800      46.57
   1252.42151    0.9738500      46.58
   1252.42322    0.9736900      46.57
   1252.42505    0.9736900      46.57
   1252.42688    0.9741300      46.59
   1252.42871    0.9746700      46.62
   1252.43054    0.9746400      46.61
   1252.43237    0.9739000      46.58
   1252.43408    0.9730000      46.54
   1252.43591    0.9725500      46.51
   1252.43774    0.9725400      46.51
   1252.43958    0.9724900      46.51
   1252.44141    0.9722500      46.50
   1252.44324    0.9721800      46.50
   1252.44495    0.9725400      46.51
   1252.44678    0.9730500      46.54
   1252.44861    0.9732800      46.55
   1252.45044    0.9731900      46.54
   1252.45227    0.9729400      46.53
   1252.45410    0.9725800      46.51
   1252.45581    0.9722000      46.50
   1252.45764    0.9721000      46.49
   1252.45947    0.9723600      46.50
   1252.46130    0.9724400      46.51
   1252.46313    0.9717400      46.47
   1252.46497    0.9705400      46.42
   1252.46667    0.9697300      46.38
   1252.46851    0.9695100      46.37
   1252.47034    0.9691200      46.35
   1252.47217    0.9679700      46.29
   1252.47400    0.9664400      46.22
   1252.47583    0.9650700      46.15
   1252.47766    0.9635600      46.08
   1252.47937    0.9612000      45.97
   1252.48120    0.9580200      45.82
   1252.48303    0.9546600      45.65
   1252.48486    0.9513500      45.50
   1252.48669    0.9476900      45.32
   1252.48853    0.9436100      45.13
   1252.49023    0.9396900      44.94
   1252.49207    0.9363900      44.78
   1252.49390    0.9335700      44.65
   1252.49573    0.9310500      44.52
   1252.49756    0.9293500      44.44
   1252.49939    0.9291900      44.44
   1252.50110    0.9306000      44.50
   1252.50293    0.9329800      44.62
   1252.50476    0.9359500      44.76
   1252.50659    0.9395000      44.93
   1252.50842    0.9435400      45.12
   1252.51025    0.9475300      45.31
   1252.51196    0.9509800      45.48
   1252.51379    0.9539500      45.62
   1252.51562    0.9567800      45.75
   1252.51746    0.9596800      45.89
   1252.51929    0.9625300      46.03
   1252.52112    0.9650100      46.15
   1252.52283    0.9668400      46.23
   1252.52466    0.9679200      46.29
   1252.52649    0.9684900      46.31
   1252.52832    0.9689900      46.34
   1252.53015    0.9696000      46.37
   1252.53198    0.9701200      46.39
   1252.53369    0.9704000      46.40
   1252.53552    0.9707000      46.42
   1252.53735    0.9713200      46.45
   1252.53918    0.9720900      46.48
   1252.54102    0.9724800      46.50
   1252.54285    0.9722900      46.49
   1252.54468    0.9718900      46.47
   1252.54639    0.9716400      46.46
   1252.54822    0.9714500      46.45
   1252.55005    0.9710200      46.43
   1252.55188    0.9703200      46.40
   1252.55371    0.9696100      46.36
   1252.55554    0.9690500      46.34
   1252.55725    0.9685700      46.31
   1252.55908    0.9681600      46.29
   1252.56091    0.9679200      46.28
   1252.56274    0.9679000      46.28
   1252.56458    0.9679000      46.28
   1252.56641    0.9678000      46.28
   1252.56812    0.9676600      46.27
   1252.56995    0.9675900      46.27
   1252.57178    0.9675000      46.26
   1252.57361    0.9671900      46.25
   1252.57544    0.9666500      46.22
   1252.57727    0.9660600      46.19
   1252.57898    0.9657300      46.18
   1252.58081    0.9658300      46.18
   1252.58264    0.9664400      46.21
   1252.58447    0.9674000      46.26
   1252.58630    0.9683700      46.30
   1252.58813    0.9688600      46.33
   1252.58997    0.9686400      46.31
   1252.59167    0.9679600      46.28
   1252.59351    0.9674500      46.26
   1252.59534    0.9675500      46.26
   1252.59717    0.9681400      46.29
   1252.59900    0.9686900      46.32
   1252.60083    0.9689000      46.33
   1252.60254    0.9690200      46.33
   1252.60437    0.9693700      46.35
   1252.60620    0.9697900      46.37
   1252.60803    0.9697800      46.37
   1252.60986    0.9692800      46.34
   1252.61169    0.9688700      46.32
   1252.61340    0.9691200      46.34
   1252.61523    0.9699900      46.38
   1252.61707    0.9709400      46.42
   1252.61890    0.9715700      46.45
   1252.62073    0.9718300      46.47
   1252.62256    0.9719300      46.47
   1252.62427    0.9720900      46.48
   1252.62610    0.9724600      46.49
   1252.62793    0.9728700      46.51
   1252.62976    0.9728600      46.51
   1252.63159    0.9722900      46.49
   1252.63342    0.9716200      46.45
   1252.63525    0.9715300      46.45
   1252.63696    0.9719900      46.47
   1252.63879    0.9723500      46.49
   1252.64062    0.9722400      46.48
   1252.64246    0.9720700      46.47
   1252.64429    0.9723300      46.49
   1252.64612    0.9728800      46.51
   1252.64783    0.9732500      46.53
   1252.64966    0.9733800      46.54
   1252.65149    0.9736600      46.55
   1252.65332    0.9742300      46.58
   1252.65515    0.9746900      46.60
   1252.65698    0.9746500      46.60
   1252.65869    0.9741200      46.57
   1252.66052    0.9734400      46.54
   1252.66235    0.9728400      46.51
   1252.66418    0.9723900      46.49
   1252.66602    0.9721200      46.48
   1252.66785    0.9720700      46.47
   1252.66956    0.9722400      46.48
   1252.67139    0.9724700      46.49
   1252.67322    0.9724900      46.49
   1252.67505    0.9722000      46.48
   1252.67688    0.9718100      46.46
   1252.67871    0.9717500      46.46
   1252.68054    0.9721300      46.47
   1252.68225    0.9724600      46.49
   1252.68408    0.9721500      46.48
   1252.68591    0.9713700      46.44
   1252.68774    0.9709000      46.42
   1252.68958    0.9711300      46.43
   1252.69141    0.9715500      46.45
   1252.69312    0.9715000      46.44
   1252.69495    0.9710000      46.42
   1252.69678    0.9705700      46.40
   1252.69861    0.9703900      46.39
   1252.70044    0.9703400      46.39
   1252.70227    0.9705600      46.40
   1252.70398    0.9713800      46.44
   1252.70581    0.9725700      46.49
   1252.70764    0.9733000      46.53
   1252.70947    0.9731200      46.52
   1252.71130    0.9725000      46.49
   1252.71313    0.9721100      46.47
   1252.71497    0.9718900      46.46
   1252.71667    0.9714500      46.44
   1252.71851    0.9709200      46.41
   1252.72034    0.9709000      46.41
   1252.72217    0.9714400      46.44
   1252.72400    0.9719000      46.46
   1252.72583    0.9719000      46.46
   1252.72754    0.9718000      46.46
   1252.72937    0.9720300      46.47
   1252.73120    0.9724000      46.48
   1252.73303    0.9724800      46.49
   1252.73486    0.9723800      46.48
   1252.73669    0.9724800      46.49
   1252.73853    0.9727300      46.50
   1252.74023    0.9727200      46.50
   1252.74207    0.9724100      46.48
   1252.74390    0.9721900      46.47
   1252.74573    0.9721700      46.47
   1252.74756    0.9719400      46.46
   1252.74939    0.9712500      46.43
   1252.75110    0.9705300      46.39
   1252.75293    0.9701900      46.38
   1252.75476    0.9698300      46.36
   1252.75659    0.9686400      46.30
   1252.75842    0.9665400      46.20
   1252.76025    0.9642900      46.09
   1252.76196    0.9623900      46.00
   1252.76379    0.9604900      45.91
   1252.76562    0.9581600      45.80
   1252.76746    0.9557300      45.68
   1252.76929    0.9540000      45.60
   1252.77112    0.9531900      45.56
   1252.77295    0.9529500      45.55
   1252.77466    0.9531400      45.56
   1252.77649    0.9540700      45.60
   1252.77832    0.9558600      45.69
   1252.78015    0.9580700      45.79
   1252.78198    0.9602700      45.90
   1252.78381    0.9625300      46.01
   1252.78552    0.9650400      46.13
   1252.78735    0.9675100      46.25
   1252.78918    0.9694100      46.34
   1252.79102    0.9707200      46.40
   1252.79285    0.9719000      46.45
   1252.79468    0.9731000      46.51
   1252.79651    0.9739400      46.55
   1252.79822    0.9741400      46.56
   1252.80005    0.9739700      46.55
   1252.80188    0.9739000      46.55
   1252.80371    0.9738500      46.55
   1252.80554    0.9734800      46.53
   1252.80737    0.9728200      46.50
   1252.80908    0.9724500      46.48
   1252.81091    0.9727800      46.50
   1252.81274    0.9735900      46.53
   1252.81458    0.9743000      46.57
   1252.81641    0.9745700      46.58
   1252.81824    0.9744200      46.57
   1252.82007    0.9740900      46.56
   1252.82178    0.9737400      46.54
   1252.82361    0.9734100      46.52
   1252.82544    0.9729700      46.50
   1252.82727    0.9723300      46.47
   1252.82910    0.9717200      46.44
   1252.83093    0.9715200      46.43
   1252.83264    0.9718000      46.45
   1252.83447    0.9721300      46.46
   1252.83630    0.9720000      46.46
   1252.83813    0.9714900      46.43
   1252.83997    0.9711200      46.41
   1252.84180    0.9712200      46.42
   1252.84363    0.9715300      46.43
   1252.84534    0.9716000      46.44
   1252.84717    0.9712700      46.42
   1252.84900    0.9707800      46.40
   1252.85083    0.9704300      46.38
   1252.85266    0.9704000      46.38
   1252.85449    0.9707100      46.39
   1252.85620    0.9711800      46.42
   1252.85803    0.9715900      46.43
   1252.85986    0.9718500      46.45
   1252.86169    0.9721400      46.46
   1252.86353    0.9726500      46.49
   1252.86536    0.9733100      46.52
   1252.86719    0.9738200      46.54
   1252.86890    0.9739600      46.55
   1252.87073    0.9738700      46.54
   1252.87256    0.9738800      46.54
   1252.87439    0.9741100      46.55
   1252.87622    0.9743500      46.57
   1252.87805    0.9743400      46.56
   1252.87976    0.9741100      46.55
   1252.88159    0.9740000      46.55
   1252.88342    0.9742400      46.56
   1252.88525    0.9746000      46.58
   1252.88708    0.9746700      46.58
   1252.88892    0.9744400      46.57
   1252.89075    0.9742700      46.56
   1252.89246    0.9744000      46.57
   1252.89429    0.9745900      46.58
   1252.89612    0.9745400      46.57
   1252.89795    0.9744100      46.57
   1252.89978    0.9745800      46.57
   1252.90161    0.9749700      46.59
   1252.90332    0.9751100      46.60
   1252.90515    0.9748200      46.59
   1252.90698    0.9745700      46.57
   1252.90881    0.9746900      46.58
   1252.91064    0.9748700      46.59
   1252.91248    0.9745700      46.57
   1252.91431    0.9738100      46.54
   1252.91602    0.9731400      46.50
   1252.91785    0.9728800      46.49
   1252.91968    0.9730300      46.50
   1252.92151    0.9734900      46.52
   1252.92334    0.9742500      46.56
   1252.92517    0.9750200      46.59
   1252.92688    0.9753300      46.61
   1252.92871    0.9750600      46.60
   1252.93054    0.9746700      46.58
   1252.93237    0.9746500      46.58
   1252.93420    0.9749900      46.59
   1252.93604    0.9753200      46.61
   1252.93787    0.9754300      46.61
   1252.93958    0.9752700      46.60
   1252.94141    0.9747900      46.58
   1252.94324    0.9740700      46.55
   1252.94507    0.9733700      46.51
   1252.94690    0.9729300      46.49
   1252.94873    0.9726600      46.48
   1252.95044    0.9724500      46.47
   1252.95227    0.9724900      46.47
   1252.95410    0.9729300      46.49
   1252.95593    0.9734700      46.52
   1252.95776    0.9736300      46.52
   1252.95959    0.9734900      46.52
   1252.96143    0.9736800      46.53
   1252.96313    0.9743900      46.56
   1252.96497    0.9749900      46.59
   1252.96680    0.9748900      46.58
   1252.96863    0.9743400      46.56
   1252.97046    0.9740500      46.54
   1252.97229    0.9741500      46.55
   1252.97412    0.9741600      46.55
   1252.97583    0.9738100      46.53
   1252.97766    0.9733900      46.51
   1252.97949    0.9732500      46.50
   1252.98132    0.9732100      46.50
   1252.98315    0.9728700      46.49
   1252.98499    0.9721300      46.45
   1252.98669    0.9712800      46.41
   1252.98853    0.9707000      46.38
   1252.99036    0.9704100      46.37
   1252.99219    0.9700400      46.35
   1252.99402    0.9692400      46.31
   1252.99585    0.9682200      46.26
   1252.99768    0.9677400      46.24
   1252.99939    0.9683100      46.27
   1253.00122    0.9695400      46.33
   1253.00305    0.9705400      46.37
   1253.00488    0.9709900      46.39
   1253.00671    0.9714100      46.41
   1253.00854    0.9722300      46.45
   1253.01038    0.9731300      46.50
   1253.01208    0.9735000      46.51
   1253.01392    0.9732300      46.50
   1253.01575    0.9727600      46.48
   1253.01758    0.9724500      46.46
   1253.01941    0.9723200      46.46
   1253.02124    0.9723600      46.46
   1253.02295    0.9725500      46.47
   1253.02478    0.9727700      46.48
   1253.02661    0.9728100      46.48
   1253.02844    0.9727100      46.48
   1253.03027    0.9726000      46.47
   1253.03210    0.9724200      46.46
   1253.03394    0.9719400      46.44
   1253.03564    0.9712400      46.40
   1253.03748    0.9707700      46.38
   1253.03931    0.9707100      46.38
   1253.04114    0.9707800      46.38
   1253.04297    0.9706900      46.38
   1253.04480    0.9705200      46.37
   1253.04663    0.9704700      46.37
   1253.04834    0.9705100      46.37
   1253.05017    0.9705700      46.37
   1253.05200    0.9708900      46.39
   1253.05383    0.9716200      46.42
   1253.05566    0.9723400      46.46
   1253.05750    0.9723100      46.45
   1253.05920    0.9714200      46.41
   1253.06104    0.9704100      46.36
   1253.06287    0.9700000      46.34
   1253.06470    0.9701200      46.35
   1253.06653    0.9701700      46.35
   1253.06836    0.9698400      46.33
   1253.07019    0.9694700      46.32
   1253.07190    0.9694600      46.32
   1253.07373    0.9697700      46.33
   1253.07556    0.9699000      46.34
   1253.07739    0.9695600      46.32
   1253.07922    0.9689700      46.29
   1253.08105    0.9686600      46.28
   1253.08289    0.9687500      46.28
   1253.08459    0.9687500      46.28
   1253.08643    0.9682100      46.26
   1253.08826    0.9674400      46.22
   1253.09009    0.9672100      46.21
   1253.09192    0.9678900      46.24
   1253.09375    0.9689400      46.29
   1253.09558    0.9696300      46.32
   1253.09729    0.9698100      46.33
   1253.09912    0.9698300      46.33
   1253.10095    0.9699400      46.34
   1253.10278    0.9700800      46.34
   1253.10461    0.9702600      46.35
   1253.10645    0.9706100      46.37
   1253.10815    0.9710800      46.39
   1253.10999    0.9714400      46.41
   1253.11182    0.9715700      46.41
   1253.11365    0.9716500      46.42
   1253.11548    0.9717900      46.42
   1253.11731    0.9718000      46.42
   1253.11914    0.9715800      46.41
   1253.12085    0.9714500      46.41
   1253.12268    0.9717500      46.42
   1253.12451    0.9722900      46.45
   1253.12634    0.9725800      46.46
   1253.12817    0.9724600      46.46
   1253.13000    0.9723000      46.45
   1253.13184    0.9724300      46.45
   1253.13354    0.9727200      46.47
   1253.13538    0.9728700      46.47
   1253.13721    0.9728800      46.47
   1253.13904    0.9729200      46.48
   1253.14087    0.9730300      46.48
   1253.14270    0.9730700      46.48
   1253.14453    0.9730000      46.48
   1253.14624    0.9729700      46.48
   1253.14807    0.9730900      46.48
   1253.14990    0.9733400      46.50
   1253.15173    0.9737000      46.51
   1253.15356    0.9741100      46.53
   1253.15540    0.9743900      46.55
   1253.15723    0.9743000      46.54
   1253.15894    0.9739000      46.52
   1253.16077    0.9735600      46.51
   1253.16260    0.9735000      46.50
   1253.16443    0.9735300      46.50
   1253.16626    0.9732700      46.49
   1253.16809    0.9727800      46.47
   1253.16980    0.9724800      46.45
   1253.17163    0.9726800      46.46
   1253.17346    0.9731800      46.49
   1253.17529    0.9735400      46.50
   1253.17712    0.9736100      46.51
   1253.17896    0.9736600      46.51
   1253.18079    0.9739700      46.52
   1253.18250    0.9744300      46.55
   1253.18433    0.9745800      46.55
   1253.18616    0.9741200      46.53
   1253.18799    0.9733500      46.49
   1253.18982    0.9729400      46.47
   1253.19165    0.9732100      46.49
   1253.19348    0.9737400      46.51
   1253.19519    0.9738900      46.52
   1253.19702    0.9735700      46.50
   1253.19885    0.9732800      46.49
   1253.20068    0.9733600      46.49
   1253.20251    0.9735700      46.50
   1253.20435    0.9735200      46.50
   1253.20618    0.9733100      46.49
   1253.20789    0.9733600      46.49
   1253.20972    0.9737100      46.51
   1253.21155    0.9739700      46.52
   1253.21338    0.9738700      46.52
   1253.21521    0.9736700      46.51
   1253.21704    0.9736100      46.50
   1253.21887    0.9735700      46.50
   1253.22058    0.9733200      46.49
   1253.22241    0.9730000      46.47
   1253.22424    0.9729700      46.47
   1253.22607    0.9733300      46.49
   1253.22791    0.9738000      46.51
   1253.22974    0.9741500      46.53
   1253.23157    0.9743900      46.54
   1253.23328    0.9745000      46.54
   1253.23511    0.9743600      46.54
   1253.23694    0.9739900      46.52
   1253.23877    0.9736400      46.50
   1253.24060    0.9735000      46.50
   1253.24243    0.9733900      46.49
   1253.24426    0.9731300      46.48
   1253.24597    0.9729000      46.47
   1253.24780    0.9729400      46.47
   1253.24963    0.9730700      46.47
   1253.25146    0.9728300      46.46
   1253.25330    0.9721400      46.43
   1253.25513    0.9715400      46.40
   1253.25696    0.9714900      46.40
   1253.25867    0.9717400      46.41
   1253.26050    0.9716200      46.40
   1253.26233    0.9708300      46.37
   1253.26416    0.9696000      46.31
   1253.26599    0.9680500      46.23
   1253.26782    0.9657500      46.12
   1253.26953    0.9622000      45.95
   1253.27136    0.9574000      45.72
   1253.27319    0.9519000      45.46
   1253.27502    0.9460900      45.18
   1253.27686    0.9398500      44.89
   1253.27869    0.9330500      44.56
   1253.28052    0.9262100      44.23
   1253.28223    0.9204700      43.96
   1253.28406    0.9168200      43.79
   1253.28589    0.9155100      43.72
   1253.28772    0.9162200      43.76
   1253.28955    0.9187200      43.88
   1253.29138    0.9230100      44.08
   1253.29321    0.9288500      44.36
   1253.29492    0.9354700      44.68
   1253.29675    0.9419300      44.98
   1253.29858    0.9477900      45.26
   1253.30042    0.9530900      45.52
   1253.30225    0.9579100      45.75
   1253.30408    0.9619900      45.94
   1253.30591    0.9649800      46.08
   1253.30762    0.9669400      46.18
   1253.30945    0.9683700      46.25
   1253.31128    0.9697000      46.31
   1253.31311    0.9709600      46.37
   1253.31494    0.9718900      46.41
   1253.31677    0.9723400      46.43
   1253.31860    0.9724400      46.44
   1253.32031    0.9724000      46.44
   1253.32214    0.9722700      46.43
   1253.32397    0.9721100      46.42
   1253.32581    0.9722000      46.43
   1253.32764    0.9727500      46.45
   1253.32947    0.9734700      46.49
   1253.33130    0.9736800      46.50
   1253.33301    0.9731000      46.47
   1253.33484    0.9723400      46.43
   1253.33667    0.9721700      46.43
   1253.33850    0.9725900      46.45
   1253.34033    0.9730300      46.47
   1253.34216    0.9731800      46.47
   1253.34399    0.9733100      46.48
   1253.34570    0.9734700      46.49
   1253.34753    0.9731900      46.47
   1253.34937    0.9722000      46.43
   1253.35120    0.9711500      46.38
   1253.35303    0.9708600      46.36
   1253.35486    0.9712000      46.38
   1253.35669    0.9713000      46.38
   1253.35840    0.9708900      46.36
   1253.36023    0.9706300      46.35
   1253.36206    0.9710200      46.37
   1253.36389    0.9716400      46.40
   1253.36572    0.9717700      46.40
   1253.36755    0.9714000      46.39
   1253.36938    0.9710100      46.37
   1253.37122    0.9707600      46.36
   1253.37292    0.9704100      46.34
   1253.37476    0.9699000      46.31
   1253.37659    0.9694200      46.29
   1253.37842    0.9690600      46.27
   1253.38025    0.9688100      46.26
   1253.38208    0.9688500      46.26
   1253.38391    0.9691000      46.27
   1253.38562    0.9687900      46.26
   1253.38745    0.9671600      46.18
   1253.38928    0.9649200      46.07
   1253.39111    0.9641200      46.04
   1253.39294    0.9659600      46.12
   1253.39478    0.9691700      46.28
   1253.39661    0.9714100      46.38
   1253.39832    0.9719200      46.41
   1253.40015    0.9718700      46.41
   1253.40198    0.9723000      46.43
   1253.40381    0.9728200      46.45
   1253.40564    0.9726500      46.44
   1253.40747    0.9720700      46.41
   1253.40930    0.9719300      46.41
   1253.41101    0.9723100      46.43
   1253.41284    0.9724700      46.43
   1253.41467    0.9720600      46.41
   1253.41650    0.9716100      46.39
   1253.41833    0.9716200      46.39
   1253.42017    0.9719100      46.41
   1253.42200    0.9719900      46.41
   1253.42371    0.9718200      46.40
   1253.42554    0.9717300      46.40
   1253.42737    0.9719300      46.41
   1253.42920    0.9723400      46.43
   1253.43103    0.9728000      46.45
   1253.43286    0.9731300      46.46
   1253.43469    0.9732400      46.47
   1253.43640    0.9732400      46.47
   1253.43823    0.9734200      46.48
   1253.44006    0.9737500      46.49
   1253.44189    0.9736900      46.49
   1253.44373    0.9728700      46.45
   1253.44556    0.9717700      46.40
   1253.44739    0.9712500      46.37
   1253.44910    0.9714200      46.38
   1253.45093    0.9715500      46.39
   1253.45276    0.9711900      46.37
   1253.45459    0.9707500      46.35
   1253.45642    0.9706800      46.34
   1253.45825    0.9706300      46.34
   1253.46008    0.9701100      46.32
   1253.46179    0.9694700      46.29
   1253.46362    0.9693800      46.28
   1253.46545    0.9696200      46.29
   1253.46729    0.9692700      46.28
   1253.46912    0.9682700      46.23
   1253.47095    0.9677300      46.20
   1253.47278    0.9680800      46.22
   1253.47449    0.9679400      46.21
   1253.47632    0.9659000      46.11
   1253.47815    0.9628200      45.97
   1253.47998    0.9611300      45.89
   1253.48181    0.9618000      45.92
   1253.48364    0.9631500      45.98
   1253.48547    0.9631200      45.98
   1253.48730    0.9617100      45.91
   1253.48901    0.9604200      45.85
   1253.49084    0.9601500      45.84
   1253.49268    0.9605200      45.86
   1253.49451    0.9610900      45.88
   1253.49634    0.9620400      45.93
   1253.49817    0.9634600      46.00
   1253.50000    0.9648600      46.06
   1253.50171    0.9658600      46.11
   1253.50354    0.9667700      46.15
   1253.50537    0.9680300      46.21
   1253.50720    0.9694100      46.28
   1253.50903    0.9703400      46.32
   1253.51086    0.9707200      46.34
   1253.51270    0.9710500      46.36
   1253.51440    0.9716100      46.38
   1253.51624    0.9722500      46.41
   1253.51807    0.9727200      46.44
   1253.51990    0.9730600      46.45
   1253.52173    0.9733600      46.47
   1253.52356    0.9735000      46.47
   1253.52539    0.9734000      46.47
   1253.52710    0.9731800      46.46
   1253.52893    0.9729800      46.45
   1253.53076    0.9727300      46.44
   1253.53259    0.9723500      46.42
   1253.53442    0.9719800      46.40
   1253.53625    0.9718700      46.40
   1253.53809    0.9720400      46.40
   1253.53992    0.9721900      46.41
   1253.54163    0.9720900      46.41
   1253.54346    0.9718400      46.39
   1253.54529    0.9716700      46.38
   1253.54712    0.9716000      46.38
   1253.54895    0.9715200      46.38
   1253.55078    0.9714900      46.38
   1253.55261    0.9718300      46.39
   1253.55432    0.9725800      46.43
   1253.55615    0.9732800      46.46
   1253.55798    0.9734800      46.47
   1253.55981    0.9733400      46.46
   1253.56165    0.9733800      46.47
   1253.56348    0.9737100      46.48
   1253.56531    0.9737300      46.48
   1253.56702    0.9731000      46.45
   1253.56885    0.9723900      46.42
   1253.57068    0.9724500      46.42
   1253.57251    0.9731800      46.45
   1253.57434    0.9736000      46.47
   1253.57617    0.9731800      46.45
   1253.57800    0.9725400      46.42
   1253.57983    0.9725200      46.42
   1253.58154    0.9730200      46.45
   1253.58337    0.9732800      46.46
   1253.58521    0.9730000      46.45
   1253.58704    0.9727000      46.43
   1253.58887    0.9727400      46.43
   1253.59070    0.9728800      46.44
   1253.59253    0.9727300      46.43
   1253.59424    0.9725000      46.42
   1253.59607    0.9726500      46.43
   1253.59790    0.9732200      46.45
   1253.59973    0.9736900      46.48
   1253.60156    0.9736300      46.47
   1253.60339    0.9732400      46.46
   1253.60522    0.9729700      46.44
   1253.60693    0.9730600      46.45
   1253.60876    0.9733000      46.46
   1253.61060    0.9733700      46.46
   1253.61243    0.9731500      46.45
   1253.61426    0.9728300      46.43
   1253.61609    0.9727100      46.43
   1253.61792    0.9728100      46.43
   1253.61975    0.9728300      46.43
   1253.62146    0.9725600      46.42
   1253.62329    0.9722600      46.41
   1253.62512    0.9723100      46.41
   1253.62695    0.9726400      46.42
   1253.62878    0.9727500      46.43
   1253.63062    0.9723900      46.41
   1253.63245    0.9719300      46.39
   1253.63416    0.9718300      46.39
   1253.63599    0.9719900      46.39
   1253.63782    0.9720000      46.39
   1253.63965    0.9718300      46.39
   1253.64148    0.9718200      46.38
   1253.64331    0.9720400      46.39
   1253.64514    0.9720700      46.40
   1253.64685    0.9716200      46.37
   1253.64868    0.9709000      46.34
   1253.65051    0.9702000      46.31
   1253.65234    0.9694400      46.27
   1253.65417    0.9685600      46.23
   1253.65601    0.9678800      46.20
   1253.65784    0.9677500      46.19
   1253.65967    0.9679500      46.20
   1253.66138    0.9679300      46.20
   1253.66321    0.9675800      46.18
   1253.66504    0.9673300      46.17
   1253.66687    0.9674100      46.17
   1253.66870    0.9675500      46.18
   1253.67053    0.9675300      46.18
   1253.67236    0.9675900      46.18
   1253.67407    0.9680000      46.20
   1253.67590    0.9686400      46.23
   1253.67773    0.9692900      46.26
   1253.67957    0.9699600      46.29
   1253.68140    0.9706800      46.33
   1253.68323    0.9711500      46.35
   1253.68506    0.9710500      46.34
   1253.68689    0.9705800      46.32
   1253.68860    0.9702700      46.31
   1253.69043    0.9704000      46.31
   1253.69226    0.9708200      46.33
   1253.69409    0.9713800      46.36
   1253.69592    0.9720000      46.39
   1253.69775    0.9724300      46.41
   1253.69958    0.9723700      46.41
   1253.70129    0.9719800      46.39
   1253.70312    0.9717700      46.38
   1253.70496    0.9719300      46.38
   1253.70679    0.9720100      46.39
   1253.70862    0.9717100      46.37
   1253.71045    0.9714200      46.36
   1253.71228    0.9715700      46.37
   1253.71411    0.9719000      46.38
   1253.71582    0.9716700      46.37
   1253.71765    0.9708000      46.33
   1253.71948    0.9699600      46.29
   1253.72131    0.9696700      46.28
   1253.72314    0.9696700      46.28
   1253.72498    0.9694800      46.27
   1253.72681    0.9692200      46.25
   1253.72852    0.9692300      46.25
   1253.73035    0.9694100      46.26
   1253.73218    0.9693400      46.26
   1253.73401    0.9690000      46.24
   1253.73584    0.9689400      46.24
   1253.73767    0.9694000      46.26
   1253.73950    0.9699300      46.29
   1253.74133    0.9701300      46.30
   1253.74304    0.9703000      46.30
   1253.74487    0.9708600      46.33
   1253.74670    0.9715000      46.36
   1253.74854    0.9714900      46.36
   1253.75037    0.9707600      46.33
   1253.75220    0.9700600      46.29
   1253.75403    0.9699700      46.29
   1253.75574    0.9701900      46.30
   1253.75757    0.9701900      46.30
   1253.75940    0.9698100      46.28
   1253.76123    0.9692600      46.25
   1253.76306    0.9688000      46.23
   1253.76489    0.9687100      46.23
   1253.76672    0.9691200      46.25
   1253.76855    0.9695800      46.27
   1253.77026    0.9694700      46.26
   1253.77209    0.9689200      46.24
   1253.77393    0.9687200      46.23
   1253.77576    0.9690700      46.24
   1253.77759    0.9692300      46.25
   1253.77942    0.9689700      46.24
   1253.78125    0.9690900      46.24
   1253.78296    0.9699800      46.29
   1253.78479    0.9705500      46.31
   1253.78662    0.9699100      46.28
   1253.78845    0.9689900      46.24
   1253.79028    0.9691200      46.24
   1253.79211    0.9698000      46.28
   1253.79395    0.9697500      46.27
   1253.79578    0.9693400      46.25
   1253.79749    0.9698200      46.28
   1253.79932    0.9706300      46.32
   1253.80115    0.9701200      46.29
   1253.80298    0.9687900      46.23
   1253.80481    0.9688100      46.23
   1253.80664    0.9701700      46.29
   1253.80847    0.9703000      46.30
   1253.81030    0.9686600      46.22
   1253.81201    0.9679500      46.19
   1253.81384    0.9692700      46.25
   1253.81567    0.9699400      46.28
   1253.81750    0.9682900      46.20
   1253.81934    0.9669700      46.14
   1253.82117    0.9679800      46.19
   1253.82300    0.9685500      46.21
   1253.82471    0.9660800      46.10
   1253.82654    0.9636700      45.98
   1253.82837    0.9649700      46.04
   1253.83020    0.9669200      46.14
   1253.83203    0.9645500      46.02
   1253.83386    0.9604000      45.82
   1253.83569    0.9606700      45.84
   1253.83752    0.9635100      45.97
   1253.83923    0.9612100      45.86
   1253.84106    0.9543900      45.54
   1253.84290    0.9521100      45.43
   1253.84473    0.9552100      45.58
   1253.84656    0.9529100      45.47
   1253.84839    0.9419400      44.94
   1253.85022    0.9340800      44.57
   1253.85205    0.9342100      44.57
   1253.85376    0.9261700      44.19
   1253.85559    0.8976600      42.83
   1253.85742    0.8636000      41.20
   1253.85925    0.8369000      39.93
   1253.86108    0.7854500      37.48
   1253.86292    0.6604400      31.51
   1253.86475    0.4817200      22.98
   1253.86646    0.3571700      17.04
   1253.86829    0.3822000      18.24
   1253.87012    0.5344500      25.50
   1253.87195    0.7001800      33.41
   1253.87378    0.7967000      38.01
   1253.87561    0.8353700      39.86
   1253.87744    0.8658300      41.31
   1253.87927    0.9016800      43.02
   1253.88098    0.9238400      44.08
   1253.88281    0.9276300      44.26
   1253.88464    0.9307800      44.41
   1253.88647    0.9420400      44.94
   1253.88831    0.9504900      45.35
   1253.89014    0.9488600      45.27
   1253.89197    0.9460900      45.14
   1253.89380    0.9505800      45.35
   1253.89551    0.9569100      45.65
   1253.89734    0.9574900      45.68
   1253.89917    0.9557200      45.60
   1253.90100    0.9584300      45.73
   1253.90283    0.9638000      45.98
   1253.90466    0.9656400      46.07
   1253.90649    0.9643200      46.01
   1253.90820    0.9647700      46.03
   1253.91003    0.9671700      46.14
   1253.91187    0.9675200      46.16
   1253.91370    0.9657200      46.07
   1253.91553    0.9657000      46.07
   1253.91736    0.9680800      46.18
   1253.91919    0.9691100      46.23
   1253.92102    0.9674500      46.15
   1253.92273    0.9663200      46.10
   1253.92456    0.9676400      46.16
   1253.92639    0.9689700      46.23
   1253.92822    0.9681800      46.19
   1253.93005    0.9670000      46.13
   1253.93188    0.9675600      46.16
   1253.93372    0.9686300      46.21
   1253.93555    0.9681200      46.18
   1253.93726    0.9667800      46.12
   1253.93909    0.9667200      46.12
   1253.94092    0.9677400      46.17
   1253.94275    0.9680100      46.18
   1253.94458    0.9673100      46.15
   1253.94641    0.9671500      46.14
   1253.94824    0.9679400      46.18
   1253.95007    0.9684800      46.20
   1253.95178    0.9681300      46.18
   1253.95361    0.9677300      46.16
   1253.95544    0.9678700      46.17
   1253.95728    0.9678300      46.17
   1253.95911    0.9667900      46.12
   1253.96094    0.9649800      46.03
   1253.96277    0.9631000      45.94
   1253.96460    0.9612700      45.86
   1253.96631    0.9592900      45.76
   1253.96814    0.9572700      45.66
   1253.96997    0.9555200      45.58
   1253.97180    0.9540800      45.51
   1253.97363    0.9528900      45.46
   1253.97546    0.9520600      45.42
   1253.97729    0.9518200      45.40
   1253.97900    0.9522400      45.42
   1253.98083    0.9532800      45.47
   1253.98267    0.9549100      45.55
   1253.98450    0.9570600      45.65
   1253.98633    0.9594300      45.77
   1253.98816    0.9616100      45.87
   1253.98999    0.9634500      45.96
   1253.99182    0.9649900      46.03
   1253.99353    0.9663300      46.10
   1253.99536    0.9673700      46.14
   1253.99719    0.9679000      46.17
   1253.99902    0.9678700      46.17
   1254.00085    0.9675600      46.15
   1254.00269    0.9673800      46.14
   1254.00452    0.9673900      46.14
   1254.00635    0.9672300      46.14
   1254.00806    0.9665700      46.11
   1254.00989    0.9656600      46.06
   1254.01172    0.9650500      46.03
   1254.01355    0.9649200      46.03
   1254.01538    0.9649900      46.03
   1254.01721    0.9650000      46.03
   1254.01904    0.9652000      46.04
   1254.02087    0.9659100      46.07
   1254.02258    0.9670900      46.13
   1254.02441    0.9683300      46.19
   1254.02625    0.9692500      46.23
   1254.02808    0.9698100      46.26
   1254.02991    0.9701700      46.28
   1254.03174    0.9704600      46.29
   1254.03357    0.9706800      46.30
   1254.03540    0.9708000      46.31
   1254.03711    0.9707600      46.30
   1254.03894    0.9706000      46.30
   1254.04077    0.9704400      46.29
   1254.04260    0.9703200      46.28
   1254.04443    0.9701200      46.27
   1254.04626    0.9697100      46.25
   1254.04810    0.9692100      46.23
   1254.04993    0.9688700      46.21
   1254.05164    0.9688100      46.21
   1254.05347    0.9688200      46.21
   1254.05530    0.9685500      46.20
   1254.05713    0.9680100      46.17
   1254.05896    0.9675000      46.15
   1254.06079    0.9672900      46.14
   1254.06262    0.9672400      46.13
   1254.06445    0.9671700      46.13
   1254.06616    0.9671600      46.13
   1254.06799    0.9674700      46.14
   1254.06982    0.9680400      46.17
   1254.07166    0.9685200      46.19
   1254.07349    0.9687900      46.21
   1254.07532    0.9692300      46.23
   1254.07715    0.9700600      46.27
   1254.07898    0.9709200      46.31
   1254.08069    0.9712800      46.32
   1254.08252    0.9712200      46.32
   1254.08435    0.9712800      46.32
   1254.08618    0.9716200      46.34
   1254.08801    0.9717900      46.35
   1254.08984    0.9715400      46.34
   1254.09167    0.9712600      46.32
   1254.09351    0.9714400      46.33
   1254.09521    0.9719700      46.36
   1254.09705    0.9722900      46.37
   1254.09888    0.9722100      46.37
   1254.10071    0.9720100      46.36
   1254.10254    0.9719700      46.36
   1254.10437    0.9720600      46.36
   1254.10620    0.9720500      46.36
   1254.10803    0.9717800      46.35
   1254.10974    0.9712800      46.32
   1254.11157    0.9707800      46.30
   1254.11340    0.9706600      46.29
   1254.11523    0.9710300      46.31
   1254.11707    0.9715200      46.33
   1254.11890    0.9715900      46.34
   1254.12073    0.9712400      46.32
   1254.12256    0.9709100      46.30
   1254.12427    0.9708000      46.30
   1254.12610    0.9706700      46.29
   1254.12793    0.9703600      46.28
   1254.12976    0.9702900      46.27
   1254.13159    0.9707600      46.30
   1254.13342    0.9713200      46.32
   1254.13525    0.9712500      46.32
   1254.13708    0.9706000      46.29
   1254.13879    0.9700700      46.26
   1254.14062    0.9700000      46.26
   1254.14246    0.9700800      46.26
   1254.14429    0.9700200      46.26
   1254.14612    0.9701200      46.26
   1254.14795    0.9706000      46.29
   1254.14978    0.9709900      46.31
   1254.15161    0.9707900      46.30
   1254.15332    0.9703300      46.27
   1254.15515    0.9703700      46.28
   1254.15698    0.9709700      46.30
   1254.15881    0.9713800      46.32
   1254.16064    0.9711000      46.31
   1254.16248    0.9705000      46.28
   1254.16431    0.9700700      46.26
   1254.16614    0.9697400      46.24
   1254.16797    0.9692100      46.22
   1254.16968    0.9686000      46.19
   1254.17151    0.9681900      46.17
   1254.17334    0.9678400      46.15
   1254.17517    0.9671700      46.12
   1254.17700    0.9662200      46.08
   1254.17883    0.9653700      46.03
   1254.18066    0.9647100      46.00
   1254.18250    0.9640100      45.97
   1254.18420    0.9633100      45.94
   1254.18604    0.9630900      45.93
   1254.18787    0.9635200      45.95
   1254.18970    0.9641500      45.98
   1254.19153    0.9645900      46.00
   1254.19336    0.9651100      46.02
   1254.19519    0.9661000      46.07
   1254.19702    0.9673200      46.13
   1254.19873    0.9682400      46.17
   1254.20056    0.9688900      46.20
   1254.20239    0.9697100      46.24
   1254.20422    0.9706500      46.28
   1254.20605    0.9710800      46.31
   1254.20789    0.9708400      46.29
   1254.20972    0.9707200      46.29
   1254.21155    0.9714000      46.32
   1254.21326    0.9724500      46.37
   1254.21509    0.9729300      46.39
   1254.21692    0.9726900      46.38
   1254.21875    0.9723300      46.36
   1254.22058    0.9722300      46.36
   1254.22241    0.9721100      46.35
   1254.22424    0.9717900      46.34
   1254.22607    0.9715700      46.33
   1254.22778    0.9716600      46.33
   1254.22961    0.9716700      46.33
   1254.23145    0.9711900      46.31
   1254.23328    0.9704900      46.27
   1254.23511    0.9701600      46.26
   1254.23694    0.9702100      46.26
   1254.23877    0.9701400      46.26
   1254.24060    0.9698000      46.24
   1254.24243    0.9697100      46.24
   1254.24414    0.9702500      46.26
   1254.24597    0.9710100      46.30
   1254.24780    0.9713300      46.31
   1254.24963    0.9711300      46.30
   1254.25146    0.9709700      46.30
   1254.25330    0.9712200      46.31
   1254.25513    0.9716600      46.33
   1254.25696    0.9718200      46.34
   1254.25867    0.9716200      46.33
   1254.26050    0.9713200      46.31
   1254.26233    0.9712100      46.31
   1254.26416    0.9712600      46.31
   1254.26599    0.9711800      46.31
   1254.26782    0.9707700      46.29
   1254.26965    0.9701700      46.26
   1254.27148    0.9697700      46.24
   1254.27319    0.9698600      46.24
   1254.27502    0.9702800      46.26
   1254.27686    0.9706500      46.28
   1254.27869    0.9707300      46.28
   1254.28052    0.9706300      46.28
   1254.28235    0.9705200      46.27
   1254.28418    0.9704400      46.27
   1254.28601    0.9703000      46.26
   1254.28784    0.9700900      46.25
   1254.28955    0.9699000      46.24
   1254.29138    0.9699000      46.24
   1254.29321    0.9700900      46.25
   1254.29504    0.9702700      46.26
   1254.29688    0.9701100      46.25
   1254.29871    0.9694400      46.22
   1254.30054    0.9684300      46.17
   1254.30237    0.9674000      46.12
   1254.30408    0.9664000      46.07
   1254.30591    0.9652900      46.02
   1254.30774    0.9640600      45.96
   1254.30957    0.9629900      45.91
   1254.31140    0.9622700      45.88
   1254.31323    0.9617500      45.85
   1254.31506    0.9613100      45.83
   1254.31689    0.9610900      45.82
   1254.31860    0.9612300      45.83
   1254.32043    0.9615000      45.84
   1254.32227    0.9616300      45.85
   1254.32410    0.9617900      45.85
   1254.32593    0.9624900      45.89
   1254.32776    0.9637400      45.95
   1254.32959    0.9649400      46.00
   1254.33142    0.9657200      46.04
   1254.33325    0.9663600      46.07
   1254.33496    0.9672100      46.11
   1254.33679    0.9680600      46.15
   1254.33862    0.9684600      46.17
   1254.34045    0.9685800      46.18
   1254.34229    0.9690300      46.20
   1254.34412    0.9699600      46.24
   1254.34595    0.9707700      46.28
   1254.34778    0.9709900      46.29
   1254.34949    0.9707900      46.28
   1254.35132    0.9705800      46.27
   1254.35315    0.9704100      46.26
   1254.35498    0.9700800      46.25
   1254.35681    0.9697200      46.23
   1254.35864    0.9696500      46.22
   1254.36047    0.9698800      46.24
   1254.36230    0.9700600      46.24
   1254.36414    0.9699500      46.24
   1254.36584    0.9697300      46.23
   1254.36768    0.9696500      46.22
   1254.36951    0.9696800      46.23
   1254.37134    0.9696400      46.22
   1254.37317    0.9695200      46.22
   1254.37500    0.9694700      46.22
   1254.37683    0.9695200      46.22
   1254.37866    0.9695200      46.22
   1254.38037    0.9693100      46.21
   1254.38220    0.9689000      46.19
   1254.38403    0.9685200      46.17
   1254.38586    0.9683300      46.16
   1254.38770    0.9683600      46.16
   1254.38953    0.9684800      46.17
   1254.39136    0.9685700      46.17
   1254.39319    0.9686200      46.17
   1254.39502    0.9686800      46.18
   1254.39673    0.9687400      46.18
   1254.39856    0.9688000      46.18
   1254.40039    0.9689100      46.19
   1254.40222    0.9691300      46.20
   1254.40405    0.9694100      46.21
   1254.40588    0.9695700      46.22
   1254.40771    0.9695300      46.22
   1254.40955    0.9694000      46.21
   1254.41125    0.9693700      46.21
   1254.41309    0.9694700      46.21
   1254.41492    0.9696900      46.22
   1254.41675    0.9700500      46.24
   1254.41858    0.9705000      46.26
   1254.42041    0.9708900      46.28
   1254.42224    0.9711500      46.29
   1254.42407    0.9713500      46.30
   1254.42590    0.9714800      46.31
   1254.42761    0.9712500      46.30
   1254.42944    0.9704600      46.26
   1254.43127    0.9695400      46.21
   1254.43311    0.9693900      46.21
   1254.43494    0.9702500      46.25
   1254.43677    0.9713200      46.30
   1254.43860    0.9716300      46.31
   1254.44043    0.9711400      46.29
   1254.44214    0.9706300      46.27
   1254.44397    0.9706000      46.26
   1254.44580    0.9707000      46.27
   1254.44763    0.9705000      46.26
   1254.44946    0.9701300      46.24
   1254.45129    0.9701000      46.24
   1254.45312    0.9705100      46.26
   1254.45496    0.9709400      46.28
   1254.45679    0.9710800      46.29
   1254.45850    0.9709600      46.28
   1254.46033    0.9708700      46.28
   1254.46216    0.9709400      46.28
   1254.46399    0.9710800      46.28
   1254.46582    0.9711600      46.29
   1254.46765    0.9711100      46.29
   1254.46948    0.9711000      46.29
   1254.47131    0.9713100      46.30
   1254.47314    0.9715700      46.31
   1254.47485    0.9713700      46.30
   1254.47668    0.9704600      46.25
   1254.47852    0.9694300      46.21
   1254.48035    0.9691700      46.19
   1254.48218    0.9697100      46.22
   1254.48401    0.9700500      46.23
   1254.48584    0.9693500      46.20
   1254.48767    0.9679500      46.13
   1254.48938    0.9668200      46.08
   1254.49121    0.9662800      46.05
   1254.49304    0.9658800      46.03
   1254.49487    0.9653700      46.01
   1254.49670    0.9650700      46.00
   1254.49854    0.9652100      46.00
   1254.50037    0.9655100      46.02
   1254.50220    0.9656600      46.02
   1254.50403    0.9658700      46.03
   1254.50574    0.9664200      46.06
   1254.50757    0.9669900      46.09
   1254.50940    0.9671300      46.09
   1254.51123    0.9670200      46.09
   1254.51306    0.9672900      46.10
   1254.51489    0.9679700      46.13
   1254.51672    0.9684200      46.15
   1254.51855    0.9683100      46.15
   1254.52039    0.9681600      46.14
   1254.52209    0.9684700      46.16
   1254.52393    0.9687700      46.17
   1254.52576    0.9682800      46.15
   1254.52759    0.9671100      46.09
   1254.52942    0.9661300      46.04
   1254.53125    0.9657500      46.03
   1254.53308    0.9653200      46.00
   1254.53491    0.9641300      45.95
   1254.53662    0.9623300      45.86
   1254.53845    0.9606700      45.78
   1254.54028    0.9595200      45.73
   1254.54211    0.9587100      45.69
   1254.54395    0.9580600      45.66
   1254.54578    0.9577000      45.64
   1254.54761    0.9578100      45.65
   1254.54944    0.9584200      45.67
   1254.55127    0.9594800      45.73
   1254.55298    0.9609000      45.79
   1254.55481    0.9624100      45.86
   1254.55664    0.9636800      45.92
   1254.55847    0.9646300      45.97
   1254.56030    0.9655100      46.01
   1254.56213    0.9665200      46.06
   1254.56396    0.9675500      46.11
   1254.56580    0.9683400      46.15
   1254.56763    0.9687300      46.16
   1254.56934    0.9687900      46.17
   1254.57117    0.9686300      46.16
   1254.57300    0.9684300      46.15
   1254.57483    0.9683100      46.14
   1254.57666    0.9683200      46.14
   1254.57849    0.9683500      46.15
   1254.58032    0.9683600      46.15
   1254.58215    0.9683700      46.15
   1254.58398    0.9683200      46.14
   1254.58569    0.9679000      46.12
   1254.58752    0.9669200      46.08
   1254.58936    0.9657300      46.02
   1254.59119    0.9648300      45.98
   1254.59302    0.9643500      45.95
   1254.59485    0.9639500      45.93
   1254.59668    0.9634100      45.91
   1254.59851    0.9630500      45.89
   1254.60034    0.9633100      45.90
   1254.60205    0.9642200      45.95
   1254.60388    0.9654400      46.01
   1254.60571    0.9667500      46.07
   1254.60754    0.9681300      46.13
   1254.60938    0.9694300      46.19
   1254.61121    0.9703100      46.24
   1254.61304    0.9706400      46.25
   1254.61487    0.9707200      46.26
   1254.61670    0.9709900      46.27
   1254.61841    0.9715000      46.29
   1254.62024    0.9719400      46.31
   1254.62207    0.9720900      46.32
   1254.62390    0.9720800      46.32
   1254.62573    0.9720800      46.32
   1254.62756    0.9720100      46.32
   1254.62939    0.9717100      46.30
   1254.63123    0.9713200      46.28
   1254.63306    0.9712200      46.28
   1254.63477    0.9715500      46.29
   1254.63660    0.9719600      46.31
   1254.63843    0.9720100      46.32
   1254.64026    0.9717900      46.30
   1254.64209    0.9718000      46.31
   1254.64392    0.9722200      46.33
   1254.64575    0.9725600      46.34
   1254.64758    0.9722700      46.33
   1254.64941    0.9715800      46.29
   1254.65112    0.9712700      46.28
   1254.65295    0.9716700      46.30
   1254.65479    0.9722600      46.33
   1254.65662    0.9723400      46.33
   1254.65845    0.9719200      46.31
   1254.66028    0.9715500      46.29
   1254.66211    0.9714800      46.29
   1254.66394    0.9714600      46.29
   1254.66577    0.9712400      46.28
   1254.66748    0.9709900      46.26
   1254.66931    0.9710200      46.27
   1254.67114    0.9712800      46.28
   1254.67297    0.9715200      46.29
   1254.67480    0.9716000      46.29
   1254.67664    0.9715200      46.29
   1254.67847    0.9712600      46.28
   1254.68030    0.9708400      46.26
   1254.68213    0.9705200      46.24
   1254.68384    0.9706000      46.24
   1254.68567    0.9711400      46.27
   1254.68750    0.9718500      46.30
   1254.68933    0.9723400      46.33
   1254.69116    0.9724800      46.33
   1254.69299    0.9723300      46.33
   1254.69482    0.9720600      46.31
   1254.69666    0.9718900      46.31
   1254.69849    0.9719400      46.31
   1254.70020    0.9721000      46.32
   1254.70203    0.9720300      46.31
   1254.70386    0.9716700      46.29
   1254.70569    0.9713500      46.28
   1254.70752    0.9714000      46.28
   1254.70935    0.9716800      46.29
   1254.71118    0.9717900      46.30
   1254.71301    0.9716300      46.29
   1254.71484    0.9716000      46.29
   1254.71655    0.9719400      46.31
   1254.71838    0.9723300      46.32
   1254.72021    0.9724000      46.33
   1254.72205    0.9722500      46.32
   1254.72388    0.9723100      46.32
   1254.72571    0.9726200      46.34
   1254.72754    0.9726900      46.34
   1254.72937    0.9721900      46.32
   1254.73120    0.9714400      46.28
   1254.73291    0.9709500      46.26
   1254.73474    0.9708600      46.25
   1254.73657    0.9708900      46.25
   1254.73840    0.9708800      46.25
   1254.74023    0.9709600      46.26
   1254.74207    0.9712100      46.27
   1254.74390    0.9713700      46.28
   1254.74573    0.9711700      46.27
   1254.74756    0.9707000      46.24
   1254.74927    0.9703300      46.23
   1254.75110    0.9702300      46.22
   1254.75293    0.9702400      46.22
   1254.75476    0.9701800      46.22
   1254.75659    0.9701500      46.22
   1254.75842    0.9703000      46.22
   1254.76025    0.9705400      46.24
   1254.76208    0.9706100      46.24
   1254.76392    0.9704200      46.23
   1254.76562    0.9701400      46.22
   1254.76746    0.9698400      46.20
   1254.76929    0.9693800      46.18
   1254.77112    0.9686600      46.15
   1254.77295    0.9679600      46.11
   1254.77478    0.9676900      46.10
   1254.77661    0.9677900      46.10
   1254.77844    0.9676400      46.10
   1254.78027    0.9666700      46.05
   1254.78210    0.9649200      45.97
   1254.78381    0.9629500      45.87
   1254.78564    0.9611700      45.79
   1254.78748    0.9594500      45.71
   1254.78931    0.9573600      45.61
   1254.79114    0.9548300      45.49
   1254.79297    0.9523400      45.37
   1254.79480    0.9505800      45.28
   1254.79663    0.9498300      45.25
   1254.79846    0.9498600      45.25
   1254.80017    0.9503700      45.27
   1254.80200    0.9514400      45.32
   1254.80383    0.9534200      45.42
   1254.80566    0.9562600      45.55
   1254.80750    0.9592900      45.70
   1254.80933    0.9617600      45.81
   1254.81116    0.9636000      45.90
   1254.81299    0.9653100      45.98
   1254.81482    0.9671700      46.07
   1254.81653    0.9688500      46.15
   1254.81836    0.9698200      46.20
   1254.82019    0.9699800      46.20
   1254.82202    0.9697500      46.19
   1254.82385    0.9695900      46.19
   1254.82568    0.9696700      46.19
   1254.82751    0.9699100      46.20
   1254.82935    0.9701900      46.21
   1254.83118    0.9704300      46.23
   1254.83301    0.9705300      46.23
   1254.83472    0.9704500      46.23
   1254.83655    0.9702200      46.21
   1254.83838    0.9700000      46.20
   1254.84021    0.9698900      46.20
   1254.84204    0.9698900      46.20
   1254.84387    0.9699000      46.20
   1254.84570    0.9699200      46.20
   1254.84753    0.9700800      46.21
   1254.84937    0.9704000      46.22
   1254.85107    0.9705900      46.23
   1254.85291    0.9704000      46.22
   1254.85474    0.9700100      46.20
   1254.85657    0.9700200      46.20
   1254.85840    0.9706600      46.23
   1254.86023    0.9713800      46.27
   1254.86206    0.9713600      46.27
   1254.86389    0.9705100      46.23
   1254.86572    0.9695000      46.18
   1254.86743    0.9689400      46.15
   1254.86926    0.9688100      46.15
   1254.87109    0.9687700      46.14
   1254.87292    0.9687700      46.14
   1254.87476    0.9690600      46.16
   1254.87659    0.9696200      46.18
   1254.87842    0.9700800      46.20
   1254.88025    0.9700900      46.21
   1254.88208    0.9696400      46.18
   1254.88391    0.9690600      46.16
   1254.88562    0.9686900      46.14
   1254.88745    0.9685800      46.13
   1254.88928    0.9685000      46.13
   1254.89111    0.9681200      46.11
   1254.89294    0.9674200      46.08
   1254.89478    0.9666500      46.04
   1254.89661    0.9660000      46.01
   1254.89844    0.9653400      45.98
   1254.90027    0.9644500      45.94
   1254.90198    0.9634200      45.89
   1254.90381    0.9626200      45.85
   1254.90564    0.9621200      45.82
   1254.90747    0.9615100      45.79
   1254.90930    0.9603400      45.74
   1254.91113    0.9587000      45.66
   1254.91296    0.9570300      45.58
   1254.91479    0.9555500      45.51
   1254.91663    0.9540000      45.44
   1254.91846    0.9519200      45.34
   1254.92017    0.9491000      45.20
   1254.92200    0.9455700      45.03
   1254.92383    0.9413500      44.83
   1254.92566    0.9363000      44.59
   1254.92749    0.9303600      44.31
   1254.92932    0.9238400      44.00
   1254.93115    0.9172600      43.69
   1254.93298    0.9108300      43.38
   1254.93481    0.9042600      43.07
   1254.93652    0.8972800      42.73
   1254.93835    0.8902600      42.40
   1254.94019    0.8840300      42.10
   1254.94202    0.8789200      41.86
   1254.94385    0.8743700      41.64
   1254.94568    0.8697800      41.42
   1254.94751    0.8655000      41.22
   1254.94934    0.8626100      41.08
   1254.95117    0.8617000      41.04
   1254.95300    0.8623500      41.07
   1254.95471    0.8640100      41.15
   1254.95654    0.8669000      41.28
   1254.95837    0.8715400      41.51
   1254.96021    0.8777700      41.80
   1254.96204    0.8845700      42.13
   1254.96387    0.8911800      42.44
   1254.96570    0.8978200      42.76
   1254.96753    0.9050300      43.10
   1254.96936    0.9127000      43.47
   1254.97119    0.9200600      43.82
   1254.97290    0.9266000      44.13
   1254.97473    0.9324100      44.40
   1254.97656    0.9376200      44.65
   1254.97839    0.9418800      44.85
   1254.98022    0.9448700      45.00
   1254.98206    0.9469800      45.10
   1254.98389    0.9491200      45.20
   1254.98572    0.9516900      45.32
   1254.98755    0.9541800      45.44
   1254.98926    0.9558800      45.52
   1254.99109    0.9567000      45.56
   1254.99292    0.9570900      45.58
   1254.99475    0.9575300      45.60
   1254.99658    0.9582000      45.63
   1254.99841    0.9591500      45.68
   1255.00024    0.9602700      45.73
   1255.00208    0.9612400      45.77
   1255.00391    0.9618300      45.80
   1255.00574    0.9623200      45.83
   1255.00745    0.9631400      45.86
   1255.00928    0.9642600      45.92
   1255.01111    0.9650600      45.96
   1255.01294    0.9652300      45.96
   1255.01477    0.9652600      45.96
   1255.01660    0.9657800      45.99
   1255.01843    0.9666500      46.03
   1255.02026    0.9672400      46.06
   1255.02209    0.9673100      46.06
   1255.02393    0.9673400      46.06
   1255.02563    0.9677600      46.08
   1255.02747    0.9684000      46.11
   1255.02930    0.9687600      46.13
   1255.03113    0.9686000      46.12
   1255.03296    0.9679900      46.09
   1255.03479    0.9672100      46.06
   1255.03662    0.9667400      46.03
   1255.03845    0.9670000      46.05
   1255.04028    0.9678900      46.09
   1255.04199    0.9686700      46.13
   1255.04382    0.9687600      46.13
   1255.04565    0.9684600      46.11
   1255.04749    0.9684700      46.12
   1255.04932    0.9689400      46.14
   1255.05115    0.9693200      46.16
   1255.05298    0.9692600      46.15
   1255.05481    0.9690200      46.14
   1255.05664    0.9690400      46.14
   1255.05847    0.9692700      46.15
   1255.06018    0.9693800      46.16
   1255.06201    0.9693500      46.16
   1255.06384    0.9693300      46.15
   1255.06567    0.9693300      46.15
   1255.06750    0.9692300      46.15
   1255.06934    0.9690800      46.14
   1255.07117    0.9690800      46.14
   1255.07300    0.9692000      46.15
   1255.07483    0.9691400      46.14
   1255.07666    0.9688800      46.13
   1255.07837    0.9687000      46.12
   1255.08020    0.9687400      46.13
   1255.08203    0.9686400      46.12
   1255.08386    0.9680200      46.09
   1255.08569    0.9669800      46.04
   1255.08752    0.9659600      45.99
   1255.08936    0.9650600      45.95
   1255.09119    0.9638900      45.89
   1255.09302    0.9620800      45.81
   1255.09485    0.9596300      45.69
   1255.09656    0.9566700      45.55
   1255.09839    0.9533000      45.39
   1255.10022    0.9499800      45.23
   1255.10205    0.9478800      45.13
   1255.10388    0.9482000      45.15
   1255.10571    0.9510100      45.28
   1255.10754    0.9549600      45.47
   1255.10938    0.9583600      45.63
   1255.11121    0.9606000      45.74
   1255.11304    0.9622800      45.82
   1255.11475    0.9640500      45.90
   1255.11658    0.9657700      45.98
   1255.11841    0.9669200      46.04
   1255.12024    0.9674100      46.06
   1255.12207    0.9676900      46.07
   1255.12390    0.9680700      46.09
   1255.12573    0.9684400      46.11
   1255.12756    0.9686600      46.12
   1255.12939    0.9689000      46.13
   1255.13123    0.9693300      46.15
   1255.13293    0.9698000      46.17
   1255.13477    0.9700000      46.18
   1255.13660    0.9700000      46.18
   1255.13843    0.9701200      46.19
   1255.14026    0.9703700      46.20
   1255.14209    0.9703600      46.20
   1255.14392    0.9698500      46.17
   1255.14575    0.9691800      46.14
   1255.14758    0.9689400      46.13
   1255.14941    0.9692800      46.15
   1255.15112    0.9697900      46.17
   1255.15295    0.9700400      46.18
   1255.15479    0.9700700      46.18
   1255.15662    0.9702900      46.19
   1255.15845    0.9708100      46.22
   1255.16028    0.9711800      46.24
   1255.16211    0.9708900      46.22
   1255.16394    0.9701000      46.18
   1255.16577    0.9694900      46.15
   1255.16760    0.9694500      46.15
   1255.16931    0.9695300      46.16
   1255.17114    0.9691100      46.14
   1255.17297    0.9682100      46.09
   1255.17480    0.9674600      46.06
   1255.17664    0.9671100      46.04
   1255.17847    0.9666200      46.02
   1255.18030    0.9654500      45.96
   1255.18213    0.9639400      45.89
   1255.18396    0.9630200      45.84
   1255.18579    0.9632300      45.85
   1255.18750    0.9643100      45.91
   1255.18933    0.9656500      45.97
   1255.19116    0.9667800      46.02
   1255.19299    0.9674700      46.06
   1255.19482    0.9676700      46.07
   1255.19666    0.9676200      46.06
   1255.19849    0.9677000      46.07
   1255.20032    0.9680100      46.08
   1255.20215    0.9682200      46.09
   1255.20398    0.9681300      46.09
   1255.20581    0.9680700      46.08
   1255.20752    0.9684800      46.10
   1255.20935    0.9692700      46.14
   1255.21118    0.9698700      46.17
   1255.21301    0.9699500      46.17
   1255.21484    0.9697800      46.16
   1255.21667    0.9698000      46.17
   1255.21851    0.9701100      46.18
   1255.22034    0.9704600      46.20
   1255.22217    0.9706000      46.20
   1255.22400    0.9704200      46.19
   1255.22571    0.9699300      46.17
   1255.22754    0.9693100      46.14
   1255.22937    0.9688700      46.12
   1255.23120    0.9688300      46.12
   1255.23303    0.9691700      46.13
   1255.23486    0.9697000      46.16
   1255.23669    0.9703200      46.19
   1255.23853    0.9709500      46.22
   1255.24036    0.9713700      46.24
   1255.24219    0.9713400      46.24
   1255.24390    0.9710100      46.22
   1255.24573    0.9708600      46.21
   1255.24756    0.9711200      46.23
   1255.24939    0.9714100      46.24
   1255.25122    0.9711700      46.23
   1255.25305    0.9704200      46.19
   1255.25488    0.9697700      46.16
   1255.25671    0.9696500      46.15
   1255.25854    0.9697900      46.16
   1255.26038    0.9697100      46.16
   1255.26208    0.9693900      46.14
   1255.26392    0.9693300      46.14
   1255.26575    0.9698100      46.16
   1255.26758    0.9704000      46.19
   1255.26941    0.9703900      46.19
   1255.27124    0.9696200      46.15
   1255.27307    0.9686700      46.11
   1255.27490    0.9682300      46.09
   1255.27673    0.9683300      46.09
   1255.27856    0.9685200      46.10
   1255.28040    0.9685000      46.10
   1255.28210    0.9683600      46.09
   1255.28394    0.9683200      46.09
   1255.28577    0.9683600      46.09
   1255.28760    0.9683700      46.09
   1255.28943    0.9682900      46.09
   1255.29126    0.9680900      46.08
   1255.29309    0.9676800      46.06
   1255.29492    0.9671600      46.03
   1255.29675    0.9669000      46.02
   1255.29858    0.9671300      46.03
   1255.30029    0.9675900      46.05
   1255.30212    0.9678200      46.06
   1255.30396    0.9677100      46.06
   1255.30579    0.9675700      46.05
   1255.30762    0.9675900      46.05
   1255.30945    0.9676000      46.05
   1255.31128    0.9675900      46.05
   1255.31311    0.9678200      46.06
   1255.31494    0.9684700      46.09
   1255.31677    0.9692500      46.13
   1255.31860    0.9698100      46.16
   1255.32031    0.9701500      46.17
   1255.32214    0.9704400      46.19
   1255.32397    0.9705600      46.19
   1255.32581    0.9702300      46.18
   1255.32764    0.9695400      46.14
   1255.32947    0.9688600      46.11
   1255.33130    0.9684100      46.09
   1255.33313    0.9680700      46.07
   1255.33496    0.9677300      46.06
   1255.33679    0.9673600      46.04
   1255.33850    0.9669100      46.02
   1255.34033    0.9662800      45.99
   1255.34216    0.9655400      45.95
   1255.34399    0.9650200      45.93
   1255.34583    0.9650100      45.93
   1255.34766    0.9654700      45.95
   1255.34949    0.9660900      45.98
   1255.35132    0.9665500      46.00
   1255.35315    0.9667700      46.01
   1255.35498    0.9669400      46.02
   1255.35681    0.9672500      46.03
   1255.35852    0.9676300      46.05
   1255.36035    0.9678900      46.06
   1255.36218    0.9680500      46.07
   1255.36401    0.9682800      46.08
   1255.36584    0.9685000      46.09
   1255.36768    0.9685000      46.09
   1255.36951    0.9683700      46.09
   1255.37134    0.9683800      46.09
   1255.37317    0.9684500      46.09
   1255.37500    0.9681100      46.07
   1255.37671    0.9674000      46.04
   1255.37854    0.9670500      46.02
   1255.38037    0.9673100      46.03
   1255.38220    0.9675100      46.04
   1255.38403    0.9673000      46.03
   1255.38586    0.9674000      46.04
   1255.38770    0.9682400      46.08
   1255.38953    0.9688300      46.11
   1255.39136    0.9681800      46.07
   1255.39319    0.9671200      46.02
   1255.39502    0.9669600      46.02
   1255.39673    0.9671700      46.03
   1255.39856    0.9663600      45.99
   1255.40039    0.9650800      45.93
   1255.40222    0.9650500      45.92
   1255.40405    0.9658800      45.96
   1255.40588    0.9654600      45.94
   1255.40771    0.9638800      45.87
   1255.40955    0.9636000      45.86
   1255.41138    0.9649200      45.92
   1255.41321    0.9649100      45.92
   1255.41504    0.9626000      45.81
   1255.41675    0.9612600      45.74
   1255.41858    0.9627100      45.81
   1255.42041    0.9635400      45.85
   1255.42224    0.9609100      45.73
   1255.42407    0.9581400      45.59
   1255.42590    0.9591700      45.64
   1255.42773    0.9609900      45.73
   1255.42957    0.9583200      45.60
   1255.43140    0.9533400      45.37
   1255.43323    0.9523700      45.32
   1255.43494    0.9542900      45.41
   1255.43677    0.9518800      45.30
   1255.43860    0.9451500      44.97
   1255.44043    0.9421000      44.83
   1255.44226    0.9435000      44.90
   1255.44409    0.9394200      44.70
   1255.44592    0.9266200      44.09
   1255.44775    0.9159200      43.58
   1255.44958    0.9118200      43.39
   1255.45142    0.8991500      42.79
   1255.45325    0.8654500      41.18
   1255.45496    0.8226000      39.14
   1255.45679    0.7803100      37.13
   1255.45862    0.7075400      33.67
   1255.46045    0.5607000      26.68
   1255.46228    0.3646800      17.35
   1255.46411    0.2300400      10.95
   1255.46594    0.2543000      12.10
   1255.46777    0.4175200      19.87
   1255.46960    0.6050200      28.79
   1255.47144    0.7273900      34.61
   1255.47327    0.7874900      37.47
   1255.47498    0.8314100      39.56
   1255.47681    0.8751200      41.64
   1255.47864    0.9028300      42.96
   1255.48047    0.9105900      43.33
   1255.48230    0.9159900      43.58
   1255.48413    0.9290600      44.21
   1255.48596    0.9402500      44.74
   1255.48779    0.9416200      44.80
   1255.48962    0.9405900      44.75
   1255.49146    0.9455500      44.99
   1255.49329    0.9523500      45.31
   1255.49500    0.9537400      45.38
   1255.49683    0.9521600      45.30
   1255.49866    0.9540600      45.39
   1255.50049    0.9583400      45.60
   1255.50232    0.9594400      45.65
   1255.50415    0.9575200      45.56
   1255.50598    0.9574400      45.55
   1255.50781    0.9598000      45.67
   1255.50964    0.9605500      45.70
   1255.51147    0.9586000      45.61
   1255.51331    0.9574900      45.56
   1255.51501    0.9588400      45.62
   1255.51685    0.9599500      45.67
   1255.51868    0.9589500      45.63
   1255.52051    0.9577700      45.57
   1255.52234    0.9581300      45.59
   1255.52417    0.9585600      45.61
   1255.52600    0.9573800      45.55
   1255.52783    0.9557500      45.47
   1255.52966    0.9554300      45.46
   1255.53149    0.9557100      45.47
   1255.53333    0.9550000      45.44
   1255.53503    0.9538100      45.38
   1255.53687    0.9538600      45.38
   1255.53870    0.9552800      45.45
   1255.54053    0.9565100      45.51
   1255.54236    0.9567900      45.52
   1255.54419    0.9568100      45.52
   1255.54602    0.9571400      45.54
   1255.54785    0.9575900      45.56
   1255.54968    0.9580400      45.58
   1255.55151    0.9588300      45.62
   1255.55334    0.9599500      45.67
   1255.55505    0.9609000      45.72
   1255.55688    0.9614600      45.74
   1255.55872    0.9620300      45.77
   1255.56055    0.9629200      45.81
   1255.56238    0.9638400      45.85
   1255.56421    0.9643900      45.88
   1255.56604    0.9645400      45.89
   1255.56787    0.9645200      45.89
   1255.56970    0.9645100      45.89
   1255.57153    0.9645400      45.89
   1255.57336    0.9645800      45.89
   1255.57507    0.9644900      45.88
   1255.57690    0.9642200      45.87
   1255.57874    0.9640000      45.86
   1255.58057    0.9641200      45.87
   1255.58240    0.9644100      45.88
   1255.58423    0.9643100      45.88
   1255.58606    0.9635500      45.84
   1255.58789    0.9623900      45.78
   1255.58972    0.9612700      45.73
   1255.59155    0.9603700      45.69
   1255.59338    0.9596600      45.65
   1255.59521    0.9591100      45.63
   1255.59692    0.9586700      45.61
   1255.59875    0.9582700      45.59
   1255.60059    0.9579200      45.57
   1255.60242    0.9577500      45.56
   1255.60425    0.9578800      45.57
   1255.60608    0.9581900      45.58
   1255.60791    0.9584100      45.59
   1255.60974    0.9583200      45.59
   1255.61157    0.9580500      45.58
   1255.61340    0.9579400      45.57
   1255.61523    0.9582400      45.58
   1255.61694    0.9588000      45.61
   1255.61877    0.9593800      45.64
   1255.62061    0.9600300      45.67
   1255.62244    0.9610800      45.72
   1255.62427    0.9626100      45.79
   1255.62610    0.9641600      45.87
   1255.62793    0.9651500      45.91
   1255.62976    0.9655800      45.93
   1255.63159    0.9658800      45.95
   1255.63342    0.9662800      45.97
   1255.63525    0.9666600      45.98
   1255.63696    0.9669200      46.00
   1255.63879    0.9672200      46.01
   1255.64062    0.9676800      46.03
   1255.64246    0.9680900      46.05
   1255.64429    0.9682400      46.06
   1255.64612    0.9681800      46.05
   1255.64795    0.9680700      46.05
   1255.64978    0.9678900      46.04
   1255.65161    0.9675600      46.02
   1255.65344    0.9672800      46.01
   1255.65527    0.9673500      46.01
   1255.65710    0.9675800      46.03
   1255.65881    0.9673800      46.02
   1255.66064    0.9664300      45.97
   1255.66248    0.9651800      45.91
   1255.66431    0.9644600      45.88
   1255.66614    0.9645600      45.88
   1255.66797    0.9649700      45.90
   1255.66980    0.9650100      45.90
   1255.67163    0.9645900      45.88
   1255.67346    0.9640900      45.86
   1255.67529    0.9636600      45.84
   1255.67712    0.9628500      45.80
   1255.67883    0.9609700      45.71
   1255.68066    0.9576300      45.55
   1255.68250    0.9526700      45.31
   1255.68433    0.9457700      44.99
   1255.68616    0.9363000      44.54
   1255.68799    0.9237200      43.94
   1255.68982    0.9079400      43.19
   1255.69165    0.8894000      42.30
   1255.69348    0.8690300      41.34
   1255.69531    0.8483800      40.35
   1255.69714    0.8295000      39.45
   1255.69897    0.8145900      38.75
   1255.70068    0.8055800      38.32
   1255.70251    0.8038200      38.23
   1255.70435    0.8096800      38.51
   1255.70618    0.8220400      39.10
   1255.70801    0.8385900      39.89
   1255.70984    0.8569900      40.76
   1255.71167    0.8757600      41.65
   1255.71350    0.8939500      42.52
   1255.71533    0.9102900      43.30
   1255.71716    0.9235400      43.93
   1255.71899    0.9336000      44.40
   1255.72070    0.9416900      44.79
   1255.72253    0.9488900      45.13
   1255.72437    0.9550400      45.42
   1255.72620    0.9594000      45.63
   1255.72803    0.9620000      45.75
   1255.72986    0.9637600      45.84
   1255.73169    0.9652800      45.91
   1255.73352    0.9663800      45.96
   1255.73535    0.9668700      45.99
   1255.73718    0.9672200      46.00
   1255.73901    0.9679800      46.04
   1255.74084    0.9688300      46.08
   1255.74255    0.9689500      46.08
   1255.74438    0.9681900      46.05
   1255.74622    0.9673200      46.01
   1255.74805    0.9671900      46.00
   1255.74988    0.9678200      46.03
   1255.75171    0.9685000      46.06
   1255.75354    0.9687100      46.07
   1255.75537    0.9684900      46.06
   1255.75720    0.9682500      46.05
   1255.75903    0.9682600      46.05
   1255.76086    0.9684700      46.06
   1255.76270    0.9686600      46.07
   1255.76440    0.9687300      46.07
   1255.76624    0.9687000      46.07
   1255.76807    0.9685000      46.06
   1255.76990    0.9680100      46.04
   1255.77173    0.9673500      46.01
   1255.77356    0.9671000      45.99
   1255.77539    0.9676400      46.02
   1255.77722    0.9685000      46.06
   1255.77905    0.9686900      46.07
   1255.78088    0.9678700      46.03
   1255.78271    0.9667800      45.98
   1255.78455    0.9663200      45.96
   1255.78625    0.9664300      45.96
   1255.78809    0.9664100      45.96
   1255.78992    0.9658400      45.93
   1255.79175    0.9649900      45.89
   1255.79358    0.9641500      45.85
   1255.79541    0.9632900      45.81
   1255.79724    0.9623300      45.76
   1255.79907    0.9613200      45.72
   1255.80090    0.9601800      45.66
   1255.80273    0.9586200      45.59
   1255.80457    0.9566600      45.49
   1255.80640    0.9547400      45.40
   1255.80811    0.9530600      45.32
   1255.80994    0.9512100      45.23
   1255.81177    0.9489200      45.13
   1255.81360    0.9467700      45.02
   1255.81543    0.9456400      44.97
   1255.81726    0.9456300      44.97
   1255.81909    0.9461600      44.99
   1255.82092    0.9469500      45.03
   1255.82275    0.9483200      45.10
   1255.82458    0.9503200      45.19
   1255.82642    0.9522700      45.28
   1255.82825    0.9536400      45.35
   1255.82996    0.9547200      45.40
   1255.83179    0.9561400      45.47
   1255.83362    0.9578500      45.55
   1255.83545    0.9593000      45.62
   1255.83728    0.9602700      45.66
   1255.83911    0.9610900      45.70
   1255.84094    0.9620200      45.75
   1255.84277    0.9630500      45.80
   1255.84460    0.9641400      45.85
   1255.84644    0.9653100      45.90
   1255.84827    0.9664200      45.96
   1255.85010    0.9670800      45.99
   1255.85181    0.9672100      45.99
   1255.85364    0.9672300      45.99
   1255.85547    0.9674900      46.01
   1255.85730    0.9679400      46.03
   1255.85913    0.9683200      46.04
   1255.86096    0.9685400      46.06
   1255.86279    0.9685100      46.05
   1255.86462    0.9680500      46.03
   1255.86646    0.9671800      45.99
   1255.86829    0.9663900      45.95
   1255.87012    0.9662600      45.95
   1255.87195    0.9668500      45.97
   1255.87366    0.9676800      46.01
   1255.87549    0.9683400      46.04
   1255.87732    0.9686200      46.06
   1255.87915    0.9683800      46.05
   1255.88098    0.9676200      46.01
   1255.88281    0.9667300      45.97
   1255.88464    0.9662400      45.94
   1255.88647    0.9662400      45.94
   1255.88831    0.9662700      45.95
   1255.89014    0.9660500      45.93
   1255.89197    0.9658400      45.92
   1255.89380    0.9659900      45.93
   1255.89551    0.9662100      45.94
   1255.89734    0.9659300      45.93
   1255.89917    0.9651300      45.89
   1255.90100    0.9644700      45.86
   1255.90283    0.9644400      45.86
   1255.90466    0.9647600      45.87
   1255.90649    0.9648300      45.88
   1255.90833    0.9645800      45.86
   1255.91016    0.9645500      45.86
   1255.91199    0.9651000      45.89
   1255.91382    0.9658600      45.92
   1255.91565    0.9662100      45.94
   1255.91736    0.9662100      45.94
   1255.91919    0.9665800      45.96
   1255.92102    0.9676000      46.01
   1255.92285    0.9685200      46.05
   1255.92468    0.9684900      46.05
   1255.92651    0.9677100      46.01
   1255.92834    0.9671600      45.98
   1255.93018    0.9672300      45.99
   1255.93201    0.9673200      45.99
   1255.93384    0.9669700      45.97
   1255.93567    0.9666100      45.96
   1255.93750    0.9666200      45.96
   1255.93933    0.9664400      45.95
   1255.94104    0.9654500      45.90
   1255.94287    0.9643500      45.85
   1255.94470    0.9645400      45.86
   1255.94653    0.9659500      45.93
   1255.94836    0.9669500      45.97
   1255.95020    0.9665700      45.95
   1255.95203    0.9658300      45.92
   1255.95386    0.9658600      45.92
   1255.95569    0.9657900      45.92
   1255.95752    0.9639500      45.83
   1255.95935    0.9607500      45.68
   1255.96118    0.9587700      45.58
   1255.96289    0.9597200      45.63
   1255.96472    0.9624100      45.76
   1255.96655    0.9646500      45.86
   1255.96838    0.9658400      45.92
   1255.97021    0.9668100      45.96
   1255.97205    0.9678400      46.01
   1255.97388    0.9681900      46.03
   1255.97571    0.9675600      46.00
   1255.97754    0.9668800      45.97
   1255.97937    0.9670300      45.97
   1255.98120    0.9677400      46.01
   1255.98303    0.9681500      46.03
   1255.98486    0.9680000      46.02
   1255.98657    0.9677100      46.01
   1255.98840    0.9676500      46.00
   1255.99023    0.9676900      46.00
   1255.99207    0.9675600      46.00
   1255.99390    0.9672100      45.98
   1255.99573    0.9667500      45.96
   1255.99756    0.9663800      45.94
   1255.99939    0.9663100      45.94
   1256.00122    0.9665500      45.95
   1256.00305    0.9668300      45.96
   1256.00488    0.9668300      45.96
   1256.00671    0.9665200      45.95
   1256.00842    0.9661600      45.93
   1256.01025    0.9660100      45.92
   1256.01208    0.9661100      45.93
   1256.01392    0.9663300      45.94
   1256.01575    0.9664200      45.94
   1256.01758    0.9661400      45.93
   1256.01941    0.9656100      45.90
   1256.02124    0.9652900      45.89
   1256.02307    0.9655000      45.90
   1256.02490    0.9659700      45.92
   1256.02673    0.9661000      45.93
   1256.02856    0.9657800      45.91
   1256.03040    0.9654600      45.90
   1256.03210    0.9654100      45.89
   1256.03394    0.9652300      45.88
   1256.03577    0.9645000      45.85
   1256.03760    0.9635400      45.80
   1256.03943    0.9629700      45.78
   1256.04126    0.9628400      45.77
   1256.04309    0.9625800      45.76
   1256.04492    0.9618900      45.72
   1256.04675    0.9611900      45.69
   1256.04858    0.9609100      45.68
   1256.05042    0.9608600      45.68
   1256.05225    0.9606200      45.66
   1256.05408    0.9602900      45.65
   1256.05579    0.9603900      45.65
   1256.05762    0.9610500      45.68
   1256.05945    0.9617900      45.72
   1256.06128    0.9620900      45.73
   1256.06311    0.9619100      45.72
   1256.06494    0.9616100      45.71
   1256.06677    0.9615100      45.71
   1256.06860    0.9617500      45.72
   1256.07043    0.9623500      45.74
   1256.07227    0.9631300      45.78
   1256.07410    0.9635600      45.80
   1256.07593    0.9632200      45.79
   1256.07776    0.9623400      45.74
   1256.07947    0.9617400      45.71
   1256.08130    0.9619700      45.73
   1256.08313    0.9626000      45.76
   1256.08496    0.9626700      45.76
   1256.08679    0.9618500      45.72
   1256.08862    0.9607800      45.67
   1256.09045    0.9602900      45.65
   1256.09229    0.9604100      45.65
   1256.09412    0.9604400      45.65
   1256.09595    0.9597900      45.62
   1256.09778    0.9586300      45.57
   1256.09961    0.9574900      45.51
