   1212.00000    0.7098100      36.39
   1212.00171    0.7435200      38.12
   1212.00342    0.7750600      39.73
   1212.00513    0.8032200      41.18
   1212.00684    0.8276400      42.43
   1212.00842    0.8483300      43.49
   1212.01013    0.8654200      44.36
   1212.01184    0.8793400      45.08
   1212.01355    0.8908200      45.67
   1212.01526    0.9005400      46.16
   1212.01697    0.9086600      46.58
   1212.01868    0.9150500      46.91
   1212.02039    0.9199000      47.16
   1212.02209    0.9238300      47.36
   1212.02368    0.9271700      47.53
   1212.02539    0.9296800      47.66
   1212.02710    0.9311400      47.73
   1212.02881    0.9318900      47.77
   1212.03052    0.9323900      47.79
   1212.03223    0.9325300      47.80
   1212.03394    0.9318600      47.77
   1212.03564    0.9302600      47.69
   1212.03735    0.9280100      47.57
   1212.03894    0.9251100      47.42
   1212.04065    0.9211600      47.22
   1212.04236    0.9159100      46.95
   1212.04407    0.9096400      46.63
   1212.04578    0.9026000      46.27
   1212.04749    0.8943000      45.84
   1212.04919    0.8837700      45.30
   1212.05090    0.8702500      44.61
   1212.05261    0.8534900      43.75
   1212.05432    0.8332600      42.71
   1212.05591    0.8088400      41.46
   1212.05762    0.7791700      39.94
   1212.05933    0.7435200      38.11
   1212.06104    0.7026900      36.02
   1212.06274    0.6599800      33.83
   1212.06445    0.6212100      31.84
   1212.06616    0.5929300      30.39
   1212.06787    0.5798000      29.72
   1212.06958    0.5825800      29.86
   1212.07117    0.5980500      30.65
   1212.07288    0.6204000      31.80
   1212.07458    0.6432700      32.97
   1212.07629    0.6617900      33.92
   1212.07800    0.6741300      34.55
   1212.07971    0.6820000      34.96
   1212.08142    0.6894400      35.34
   1212.08313    0.7005400      35.91
   1212.08484    0.7173400      36.77
   1212.08655    0.7393200      37.89
   1212.08813    0.7643600      39.18
   1212.08984    0.7900900      40.50
   1212.09155    0.8146400      41.75
   1212.09326    0.8367200      42.89
   1212.09497    0.8557300      43.86
   1212.09668    0.8719600      44.69
   1212.09839    0.8862700      45.43
   1212.10010    0.8993500      46.10
   1212.10181    0.9110100      46.69
   1212.10352    0.9206500      47.19
   1212.10510    0.9281300      47.57
   1212.10681    0.9341500      47.88
   1212.10852    0.9396600      48.16
   1212.11023    0.9450200      48.44
   1212.11194    0.9499200      48.69
   1212.11365    0.9539800      48.89
   1212.11536    0.9572000      49.06
   1212.11707    0.9599800      49.20
   1212.11877    0.9626600      49.34
   1212.12036    0.9652400      49.47
   1212.12207    0.9673500      49.58
   1212.12378    0.9687500      49.65
   1212.12549    0.9696700      49.70
   1212.12720    0.9707000      49.75
   1212.12891    0.9721400      49.82
   1212.13062    0.9736700      49.90
   1212.13232    0.9748500      49.96
   1212.13403    0.9756800      50.00
   1212.13574    0.9765400      50.05
   1212.13733    0.9775000      50.10
   1212.13904    0.9782500      50.14
   1212.14075    0.9786800      50.16
   1212.14246    0.9792200      50.19
   1212.14417    0.9803100      50.24
   1212.14587    0.9817000      50.31
   1212.14758    0.9827200      50.36
   1212.14929    0.9831500      50.39
   1212.15100    0.9835400      50.41
   1212.15271    0.9844100      50.45
   1212.15430    0.9855800      50.51
   1212.15601    0.9864900      50.56
   1212.15771    0.9869600      50.58
   1212.15942    0.9873800      50.60
   1212.16113    0.9880000      50.63
   1212.16284    0.9886100      50.67
   1212.16455    0.9889100      50.68
   1212.16626    0.9890300      50.69
   1212.16797    0.9892600      50.70
   1212.16968    0.9896400      50.72
   1212.17126    0.9899300      50.73
   1212.17297    0.9900600      50.74
   1212.17468    0.9902400      50.75
   1212.17639    0.9905700      50.76
   1212.17810    0.9907600      50.77
   1212.17981    0.9904600      50.76
   1212.18152    0.9897300      50.72
   1212.18323    0.9890200      50.68
   1212.18494    0.9886600      50.67
   1212.18652    0.9886700      50.67
   1212.18823    0.9889100      50.68
   1212.18994    0.9892700      50.70
   1212.19165    0.9896400      50.72
   1212.19336    0.9899200      50.73
   1212.19507    0.9901000      50.74
   1212.19678    0.9903300      50.75
   1212.19849    0.9907500      50.77
   1212.20020    0.9912300      50.80
   1212.20190    0.9915500      50.81
   1212.20349    0.9916600      50.82
   1212.20520    0.9917300      50.82
   1212.20691    0.9918700      50.83
   1212.20862    0.9919900      50.83
   1212.21033    0.9919500      50.83
   1212.21204    0.9918000      50.82
   1212.21375    0.9917200      50.82
   1212.21545    0.9918300      50.83
   1212.21716    0.9920300      50.84
   1212.21887    0.9921800      50.84
   1212.22046    0.9922600      50.85
   1212.22217    0.9923000      50.85
   1212.22388    0.9922300      50.85
   1212.22559    0.9919900      50.83
   1212.22729    0.9916900      50.82
   1212.22900    0.9915400      50.81
   1212.23071    0.9914500      50.80
   1212.23242    0.9909800      50.78
   1212.23413    0.9899300      50.73
   1212.23584    0.9887500      50.67
   1212.23743    0.9880900      50.63
   1212.23914    0.9879400      50.62
   1212.24084    0.9876400      50.61
   1212.24255    0.9867800      50.56
   1212.24426    0.9857300      50.51
   1212.24597    0.9849500      50.47
   1212.24768    0.9842100      50.43
   1212.24939    0.9829500      50.37
   1212.25110    0.9811800      50.28
   1212.25281    0.9794400      50.19
   1212.25439    0.9777300      50.10
   1212.25610    0.9752400      49.97
   1212.25781    0.9713500      49.77
   1212.25952    0.9664900      49.52
   1212.26123    0.9613600      49.26
   1212.26294    0.9557500      48.97
   1212.26465    0.9485200      48.60
   1212.26636    0.9389300      48.11
   1212.26807    0.9273300      47.52
   1212.26978    0.9149600      46.88
   1212.27136    0.9037600      46.31
   1212.27307    0.8963200      45.93
   1212.27478    0.8950100      45.86
   1212.27649    0.9003300      46.13
   1212.27820    0.9102900      46.64
   1212.27991    0.9218400      47.23
   1212.28162    0.9329700      47.80
   1212.28333    0.9430700      48.32
   1212.28503    0.9518900      48.77
   1212.28674    0.9590100      49.14
   1212.28833    0.9643800      49.41
   1212.29004    0.9686200      49.63
   1212.29175    0.9722800      49.82
   1212.29346    0.9751800      49.97
   1212.29517    0.9769700      50.06
   1212.29688    0.9778600      50.10
   1212.29858    0.9783800      50.13
   1212.30029    0.9786800      50.14
   1212.30200    0.9784900      50.13
   1212.30371    0.9778000      50.10
   1212.30530    0.9771000      50.06
   1212.30701    0.9768700      50.05
   1212.30872    0.9771300      50.06
   1212.31042    0.9777100      50.09
   1212.31213    0.9786200      50.14
   1212.31384    0.9800300      50.21
   1212.31555    0.9817900      50.30
   1212.31726    0.9835200      50.39
   1212.31897    0.9848000      50.46
   1212.32068    0.9854600      50.49
   1212.32227    0.9856300      50.50
   1212.32397    0.9855600      50.49
   1212.32568    0.9854600      50.49
   1212.32739    0.9853000      50.48
   1212.32910    0.9849600      50.46
   1212.33081    0.9845200      50.44
   1212.33252    0.9841800      50.42
   1212.33423    0.9837800      50.40
   1212.33594    0.9828200      50.35
   1212.33765    0.9810800      50.26
   1212.33923    0.9790500      50.16
   1212.34094    0.9774100      50.08
   1212.34265    0.9761000      50.01
   1212.34436    0.9744100      49.92
   1212.34607    0.9717800      49.79
   1212.34778    0.9684100      49.61
   1212.34949    0.9646400      49.42
   1212.35120    0.9603600      49.20
   1212.35291    0.9550900      48.93
   1212.35461    0.9484800      48.59
   1212.35620    0.9404900      48.18
   1212.35791    0.9311900      47.71
   1212.35962    0.9208500      47.18
   1212.36133    0.9102700      46.63
   1212.36304    0.9009100      46.15
   1212.36475    0.8946100      45.83
   1212.36646    0.8929300      45.75
   1212.36816    0.8965300      45.93
   1212.36987    0.9046400      46.34
   1212.37158    0.9152600      46.89
   1212.37317    0.9262700      47.45
   1212.37488    0.9365000      47.98
   1212.37659    0.9457100      48.45
   1212.37830    0.9538000      48.86
   1212.38000    0.9604700      49.20
   1212.38171    0.9656600      49.47
   1212.38342    0.9698700      49.69
   1212.38513    0.9735900      49.88
   1212.38684    0.9768000      50.04
   1212.38855    0.9793100      50.17
   1212.39026    0.9813300      50.27
   1212.39185    0.9832700      50.37
   1212.39355    0.9850500      50.46
   1212.39526    0.9861600      50.52
   1212.39697    0.9865600      50.54
   1212.39868    0.9869900      50.56
   1212.40039    0.9880600      50.62
   1212.40210    0.9894700      50.69
   1212.40381    0.9904400      50.74
   1212.40552    0.9906900      50.75
   1212.40723    0.9906600      50.75
   1212.40881    0.9907700      50.75
   1212.41052    0.9910200      50.77
   1212.41223    0.9912800      50.78
   1212.41394    0.9916000      50.80
   1212.41565    0.9920100      50.82
   1212.41736    0.9922500      50.83
   1212.41907    0.9920500      50.82
   1212.42078    0.9914900      50.79
   1212.42249    0.9909700      50.76
   1212.42419    0.9907900      50.75
   1212.42578    0.9909300      50.76
   1212.42749    0.9911800      50.77
   1212.42920    0.9912600      50.78
   1212.43091    0.9910200      50.76
   1212.43262    0.9905500      50.74
   1212.43433    0.9902900      50.73
   1212.43604    0.9905800      50.74
   1212.43774    0.9912300      50.77
   1212.43945    0.9916900      50.80
   1212.44116    0.9917200      50.80
   1212.44287    0.9916700      50.80
   1212.44446    0.9919700      50.81
   1212.44617    0.9925300      50.84
   1212.44788    0.9929400      50.86
   1212.44958    0.9930600      50.87
   1212.45129    0.9930700      50.87
   1212.45300    0.9931200      50.87
   1212.45471    0.9932000      50.87
   1212.45642    0.9933300      50.88
   1212.45813    0.9936100      50.90
   1212.45984    0.9939200      50.91
   1212.46143    0.9939700      50.91
   1212.46313    0.9937100      50.90
   1212.46484    0.9935100      50.89
   1212.46655    0.9936300      50.90
   1212.46826    0.9938300      50.91
   1212.46997    0.9937000      50.90
   1212.47168    0.9933000      50.88
   1212.47339    0.9931000      50.87
   1212.47510    0.9932500      50.88
   1212.47681    0.9934100      50.88
   1212.47852    0.9932300      50.87
   1212.48010    0.9928500      50.85
   1212.48181    0.9927100      50.85
   1212.48352    0.9929000      50.86
   1212.48523    0.9931100      50.87
   1212.48694    0.9930900      50.87
   1212.48865    0.9929900      50.86
   1212.49036    0.9931600      50.87
   1212.49207    0.9937200      50.90
   1212.49377    0.9942900      50.93
   1212.49548    0.9944400      50.93
   1212.49707    0.9941500      50.92
   1212.49878    0.9938300      50.90
   1212.50049    0.9936900      50.90
   1212.50220    0.9933400      50.88
   1212.50391    0.9923200      50.82
   1212.50562    0.9907600      50.74
   1212.50732    0.9892000      50.66
   1212.50903    0.9874500      50.58
   1212.51074    0.9845200      50.42
   1212.51245    0.9802100      50.20
   1212.51416    0.9763200      50.00
   1212.51575    0.9752700      49.95
   1212.51746    0.9775200      50.07
   1212.51917    0.9809600      50.24
   1212.52087    0.9833500      50.36
   1212.52258    0.9844700      50.42
   1212.52429    0.9855700      50.48
   1212.52600    0.9871600      50.56
   1212.52771    0.9884400      50.62
   1212.52942    0.9887500      50.64
   1212.53113    0.9884300      50.62
   1212.53271    0.9880700      50.60
   1212.53442    0.9874600      50.57
   1212.53613    0.9860800      50.50
   1212.53784    0.9840500      50.40
   1212.53955    0.9820600      50.30
   1212.54126    0.9802400      50.20
   1212.54297    0.9780400      50.09
   1212.54468    0.9751000      49.94
   1212.54639    0.9720000      49.78
   1212.54810    0.9696100      49.66
   1212.54980    0.9682700      49.59
   1212.55139    0.9678100      49.57
   1212.55310    0.9680800      49.58
   1212.55481    0.9691400      49.63
   1212.55652    0.9709400      49.73
   1212.55823    0.9730800      49.83
   1212.55994    0.9751900      49.94
   1212.56165    0.9771400      50.04
   1212.56335    0.9789600      50.14
   1212.56506    0.9805300      50.22
   1212.56677    0.9817000      50.28
   1212.56848    0.9825000      50.32
   1212.57007    0.9831400      50.35
   1212.57178    0.9838400      50.38
   1212.57349    0.9845900      50.42
   1212.57520    0.9852700      50.46
   1212.57690    0.9858400      50.49
   1212.57861    0.9864200      50.52
   1212.58032    0.9870500      50.55
   1212.58203    0.9876600      50.58
   1212.58374    0.9880900      50.60
   1212.58545    0.9883600      50.61
   1212.58704    0.9886300      50.63
   1212.58875    0.9889300      50.64
   1212.59045    0.9891300      50.65
   1212.59216    0.9891600      50.66
   1212.59387    0.9893000      50.66
   1212.59558    0.9898200      50.69
   1212.59729    0.9906000      50.73
   1212.59900    0.9911600      50.76
   1212.60071    0.9912600      50.76
   1212.60242    0.9911600      50.76
   1212.60413    0.9912400      50.76
   1212.60571    0.9915200      50.78
   1212.60742    0.9918400      50.79
   1212.60913    0.9921400      50.81
   1212.61084    0.9924300      50.82
   1212.61255    0.9924600      50.82
   1212.61426    0.9919600      50.80
   1212.61597    0.9911200      50.75
   1212.61768    0.9905800      50.73
   1212.61938    0.9906200      50.73
   1212.62109    0.9907500      50.73
   1212.62280    0.9903300      50.71
   1212.62439    0.9893900      50.66
   1212.62610    0.9884300      50.61
   1212.62781    0.9875400      50.57
   1212.62952    0.9862400      50.50
   1212.63123    0.9841800      50.40
   1212.63293    0.9816500      50.27
   1212.63464    0.9790300      50.13
   1212.63635    0.9761300      49.98
   1212.63806    0.9725000      49.80
   1212.63977    0.9683600      49.59
   1212.64148    0.9648000      49.40
   1212.64307    0.9629900      49.31
   1212.64478    0.9633100      49.33
   1212.64648    0.9652900      49.43
   1212.64819    0.9682400      49.58
   1212.64990    0.9715400      49.75
   1212.65161    0.9747100      49.91
   1212.65332    0.9772700      50.04
   1212.65503    0.9790500      50.13
   1212.65674    0.9802500      50.19
   1212.65845    0.9813100      50.25
   1212.66016    0.9824200      50.30
   1212.66174    0.9834100      50.35
   1212.66345    0.9840100      50.39
   1212.66516    0.9842400      50.40
   1212.66687    0.9844200      50.41
   1212.66858    0.9847600      50.42
   1212.67029    0.9851100      50.44
   1212.67200    0.9851500      50.44
   1212.67371    0.9848200      50.43
   1212.67542    0.9842700      50.40
   1212.67712    0.9836100      50.36
   1212.67883    0.9827900      50.32
   1212.68042    0.9818000      50.27
   1212.68213    0.9807600      50.22
   1212.68384    0.9797400      50.16
   1212.68555    0.9785600      50.10
   1212.68726    0.9768800      50.02
   1212.68896    0.9744000      49.89
   1212.69067    0.9707900      49.71
   1212.69238    0.9658400      49.45
   1212.69409    0.9599100      49.15
   1212.69580    0.9543000      48.86
   1212.69751    0.9507300      48.68
   1212.69910    0.9500000      48.64
   1212.70081    0.9512200      48.70
   1212.70251    0.9525800      48.77
   1212.70422    0.9527600      48.78
   1212.70593    0.9515700      48.72
   1212.70764    0.9494400      48.61
   1212.70935    0.9465700      48.46
   1212.71106    0.9427400      48.27
   1212.71277    0.9376500      48.01
   1212.71448    0.9309500      47.66
   1212.71619    0.9222200      47.22
   1212.71777    0.9110300      46.64
   1212.71948    0.8971100      45.93
   1212.72119    0.8803400      45.07
   1212.72290    0.8604700      44.06
   1212.72461    0.8374400      42.88
   1212.72632    0.8124500      41.60
   1212.72803    0.7888500      40.39
   1212.72974    0.7716000      39.50
   1212.73145    0.7651000      39.17
   1212.73315    0.7708600      39.47
   1212.73486    0.7868200      40.28
   1212.73645    0.8087800      41.41
   1212.73816    0.8326500      42.63
   1212.73987    0.8557000      43.81
   1212.74158    0.8765000      44.87
   1212.74329    0.8943800      45.79
   1212.74500    0.9092200      46.55
   1212.74670    0.9214500      47.18
   1212.74841    0.9316700      47.70
   1212.75012    0.9402500      48.14
   1212.75183    0.9473400      48.50
   1212.75354    0.9532600      48.80
   1212.75525    0.9584500      49.07
   1212.75684    0.9630400      49.30
   1212.75854    0.9667800      49.49
   1212.76025    0.9695100      49.63
   1212.76196    0.9715500      49.74
   1212.76367    0.9732900      49.83
   1212.76538    0.9747700      49.90
   1212.76709    0.9758900      49.96
   1212.76880    0.9768700      50.01
   1212.77051    0.9780300      50.07
   1212.77222    0.9792300      50.13
   1212.77393    0.9799400      50.17
   1212.77551    0.9801600      50.18
   1212.77722    0.9805800      50.20
   1212.77893    0.9817200      50.26
   1212.78064    0.9831100      50.33
   1212.78235    0.9839700      50.37
   1212.78406    0.9842100      50.39
   1212.78577    0.9844700      50.40
   1212.78748    0.9850800      50.43
   1212.78918    0.9857800      50.46
   1212.79089    0.9863200      50.49
   1212.79260    0.9869400      50.52
   1212.79419    0.9878500      50.57
   1212.79590    0.9887900      50.62
   1212.79761    0.9894800      50.65
   1212.79932    0.9901200      50.69
   1212.80103    0.9910900      50.74
   1212.80273    0.9922800      50.80
   1212.80444    0.9930900      50.84
   1212.80615    0.9933200      50.85
   1212.80786    0.9934000      50.85
   1212.80957    0.9936900      50.87
   1212.81128    0.9939700      50.88
   1212.81287    0.9938700      50.88
   1212.81458    0.9935600      50.86
   1212.81628    0.9936100      50.86
   1212.81799    0.9942500      50.90
   1212.81970    0.9950700      50.94
   1212.82141    0.9955700      50.96
   1212.82312    0.9956800      50.97
   1212.82483    0.9956400      50.97
   1212.82654    0.9956800      50.97
   1212.82825    0.9958700      50.98
   1212.82996    0.9961400      50.99
   1212.83167    0.9962900      51.00
   1212.83325    0.9961200      50.99
   1212.83496    0.9956400      50.97
   1212.83667    0.9951800      50.94
   1212.83838    0.9950200      50.93
   1212.84009    0.9951200      50.94
   1212.84180    0.9951500      50.94
   1212.84351    0.9950000      50.93
   1212.84521    0.9949000      50.93
   1212.84692    0.9949500      50.93
   1212.84863    0.9949200      50.93
   1212.85034    0.9945300      50.91
   1212.85193    0.9939600      50.88
   1212.85364    0.9935500      50.86
   1212.85535    0.9933100      50.84
   1212.85706    0.9928800      50.82
   1212.85876    0.9921600      50.79
   1212.86047    0.9915100      50.75
   1212.86218    0.9912400      50.74
   1212.86389    0.9911200      50.73
   1212.86560    0.9907700      50.71
   1212.86731    0.9901700      50.68
   1212.86902    0.9895800      50.65
   1212.87073    0.9890800      50.63
   1212.87231    0.9885300      50.60
   1212.87402    0.9881300      50.58
   1212.87573    0.9883500      50.59
   1212.87744    0.9892500      50.63
   1212.87915    0.9902400      50.69
   1212.88086    0.9907600      50.71
   1212.88257    0.9910100      50.72
   1212.88428    0.9916000      50.75
   1212.88599    0.9926700      50.81
   1212.88770    0.9936500      50.86
   1212.88940    0.9940700      50.88
   1212.89111    0.9941200      50.88
   1212.89270    0.9943200      50.89
   1212.89441    0.9948800      50.92
   1212.89612    0.9955300      50.95
   1212.89783    0.9959600      50.98
   1212.89954    0.9959900      50.98
   1212.90125    0.9957200      50.96
   1212.90295    0.9953800      50.95
   1212.90466    0.9952800      50.94
   1212.90637    0.9955400      50.95
   1212.90808    0.9959100      50.97
   1212.90979    0.9960200      50.98
   1212.91138    0.9957400      50.96
   1212.91309    0.9953200      50.94
   1212.91479    0.9949400      50.92
   1212.91650    0.9945800      50.90
   1212.91821    0.9941500      50.88
   1212.91992    0.9937200      50.86
   1212.92163    0.9934300      50.84
   1212.92334    0.9931900      50.83
   1212.92505    0.9927500      50.81
   1212.92676    0.9920300      50.77
   1212.92847    0.9911900      50.73
   1212.93018    0.9904400      50.69
   1212.93176    0.9897700      50.66
   1212.93347    0.9889300      50.61
   1212.93518    0.9877100      50.55
   1212.93689    0.9860300      50.46
   1212.93860    0.9839100      50.36
   1212.94031    0.9814100      50.23
   1212.94202    0.9785400      50.08
   1212.94373    0.9752000      49.91
   1212.94543    0.9713100      49.71
   1212.94714    0.9671400      49.50
   1212.94885    0.9635500      49.31
   1212.95056    0.9616900      49.22
   1212.95215    0.9622200      49.24
   1212.95386    0.9647800      49.38
   1212.95557    0.9682300      49.55
   1212.95728    0.9717300      49.73
   1212.95898    0.9752100      49.91
   1212.96069    0.9788800      50.10
   1212.96240    0.9824500      50.28
   1212.96411    0.9850500      50.41
   1212.96582    0.9862900      50.48
   1212.96753    0.9868900      50.51
   1212.96924    0.9878700      50.56
   1212.97095    0.9890900      50.62
   1212.97253    0.9892300      50.63
   1212.97424    0.9876000      50.54
   1212.97595    0.9854800      50.43
   1212.97766    0.9850400      50.41
   1212.97937    0.9868800      50.50
   1212.98108    0.9894300      50.63
   1212.98279    0.9908900      50.71
   1212.98450    0.9912400      50.73
   1212.98621    0.9917300      50.75
   1212.98792    0.9928400      50.81
   1212.98962    0.9937800      50.86
   1212.99133    0.9938600      50.86
   1212.99292    0.9936000      50.85
   1212.99463    0.9938900      50.86
   1212.99634    0.9946800      50.90
   1212.99805    0.9951800      50.93
   1212.99976    0.9950500      50.92
   1213.00146    0.9947200      50.90
   1213.00317    0.9945800      50.90
   1213.00488    0.9944900      50.89
   1213.00659    0.9942300      50.88
   1213.00830    0.9940400      50.87
   1213.01001    0.9942100      50.88
   1213.01172    0.9945900      50.90
   1213.01331    0.9947600      50.90
   1213.01501    0.9947100      50.90
   1213.01672    0.9948400      50.91
   1213.01843    0.9952800      50.93
   1213.02014    0.9957100      50.95
   1213.02185    0.9957900      50.96
   1213.02356    0.9955900      50.95
   1213.02527    0.9953900      50.94
   1213.02698    0.9953000      50.93
   1213.02869    0.9951300      50.92
   1213.03040    0.9946400      50.90
   1213.03210    0.9937500      50.85
   1213.03369    0.9924300      50.78
   1213.03540    0.9906800      50.69
   1213.03711    0.9884900      50.58
   1213.03882    0.9858100      50.44
   1213.04053    0.9826300      50.28
   1213.04224    0.9790700      50.10
   1213.04395    0.9753700      49.91
   1213.04565    0.9717700      49.73
   1213.04736    0.9685500      49.56
   1213.04907    0.9660700      49.43
   1213.05078    0.9647500      49.37
   1213.05249    0.9648300      49.37
   1213.05408    0.9661400      49.44
   1213.05579    0.9682500      49.54
   1213.05750    0.9709200      49.68
   1213.05920    0.9741000      49.84
   1213.06091    0.9776300      50.02
   1213.06262    0.9810700      50.20
   1213.06433    0.9839900      50.35
   1213.06604    0.9863700      50.47
   1213.06775    0.9884200      50.58
   1213.06946    0.9901600      50.66
   1213.07117    0.9914600      50.73
   1213.07288    0.9923300      50.78
   1213.07446    0.9931000      50.81
   1213.07617    0.9940400      50.86
   1213.07788    0.9949800      50.91
   1213.07959    0.9956100      50.94
   1213.08130    0.9959300      50.96
   1213.08301    0.9962400      50.97
   1213.08472    0.9966800      51.00
   1213.08643    0.9970500      51.02
   1213.08813    0.9970600      51.02
   1213.08984    0.9966900      51.00
   1213.09155    0.9960900      50.97
   1213.09326    0.9953400      50.93
   1213.09485    0.9944200      50.88
   1213.09656    0.9933800      50.83
   1213.09827    0.9923900      50.78
   1213.09998    0.9914200      50.73
   1213.10168    0.9901400      50.66
   1213.10339    0.9883000      50.57
   1213.10510    0.9859500      50.45
   1213.10681    0.9833100      50.31
   1213.10852    0.9804000      50.16
   1213.11023    0.9771400      49.99
   1213.11194    0.9737100      49.82
   1213.11365    0.9706100      49.66
   1213.11536    0.9682600      49.54
   1213.11694    0.9667300      49.46
   1213.11865    0.9659800      49.42
   1213.12036    0.9662100      49.43
   1213.12207    0.9676800      49.51
   1213.12378    0.9702800      49.64
   1213.12549    0.9734300      49.80
   1213.12720    0.9766200      49.97
   1213.12891    0.9797200      50.13
   1213.13062    0.9827200      50.28
   1213.13232    0.9854900      50.42
   1213.13403    0.9879000      50.54
   1213.13574    0.9900600      50.65
   1213.13733    0.9921000      50.76
   1213.13904    0.9938000      50.84
   1213.14075    0.9948000      50.90
   1213.14246    0.9952000      50.92
   1213.14417    0.9956500      50.94
   1213.14587    0.9964700      50.98
   1213.14758    0.9971500      51.02
   1213.14929    0.9970200      51.01
   1213.15100    0.9962900      50.97
   1213.15271    0.9959900      50.96
   1213.15442    0.9966700      50.99
   1213.15613    0.9976700      51.04
   1213.15784    0.9980200      51.06
   1213.15942    0.9975500      51.03
   1213.16113    0.9969000      51.00
   1213.16284    0.9965800      50.98
   1213.16455    0.9965000      50.98
   1213.16626    0.9964200      50.98
   1213.16797    0.9963800      50.97
   1213.16968    0.9964200      50.98
   1213.17139    0.9963600      50.97
   1213.17310    0.9960900      50.96
   1213.17480    0.9959100      50.95
   1213.17651    0.9961100      50.96
   1213.17822    0.9963600      50.97
   1213.17981    0.9959900      50.95
   1213.18152    0.9949100      50.90
   1213.18323    0.9938800      50.84
   1213.18494    0.9935700      50.83
   1213.18665    0.9937900      50.84
   1213.18835    0.9939400      50.85
   1213.19006    0.9939200      50.85
   1213.19177    0.9941000      50.86
   1213.19348    0.9944700      50.87
   1213.19519    0.9945100      50.88
   1213.19690    0.9939500      50.85
   1213.19861    0.9932600      50.81
   1213.20032    0.9929800      50.80
   1213.20190    0.9929500      50.80
   1213.20361    0.9926100      50.78
   1213.20532    0.9918900      50.74
   1213.20703    0.9912900      50.71
   1213.20874    0.9910700      50.70
   1213.21045    0.9908400      50.69
   1213.21216    0.9901300      50.65
   1213.21387    0.9890500      50.59
   1213.21558    0.9879900      50.54
   1213.21729    0.9870700      50.49
   1213.21899    0.9861600      50.45
   1213.22070    0.9853100      50.40
   1213.22241    0.9847900      50.38
   1213.22400    0.9847000      50.37
   1213.22571    0.9850100      50.39
   1213.22742    0.9858100      50.43
   1213.22913    0.9872100      50.50
   1213.23083    0.9889300      50.59
   1213.23254    0.9903600      50.66
   1213.23425    0.9912200      50.70
   1213.23596    0.9918800      50.74
   1213.23767    0.9927900      50.78
   1213.23938    0.9938900      50.84
   1213.24109    0.9947300      50.88
   1213.24280    0.9951900      50.91
   1213.24451    0.9955900      50.93
   1213.24609    0.9961900      50.96
   1213.24780    0.9968600      50.99
   1213.24951    0.9973900      51.02
   1213.25122    0.9977400      51.04
   1213.25293    0.9979400      51.05
   1213.25464    0.9978900      51.04
   1213.25635    0.9976600      51.03
   1213.25806    0.9976000      51.03
   1213.25977    0.9978700      51.04
   1213.26147    0.9981900      51.06
   1213.26318    0.9981100      51.05
   1213.26489    0.9976700      51.03
   1213.26648    0.9973200      51.01
   1213.26819    0.9973400      51.01
   1213.26990    0.9974800      51.02
   1213.27161    0.9974700      51.02
   1213.27332    0.9974200      51.02
   1213.27502    0.9974600      51.02
   1213.27673    0.9974200      51.02
   1213.27844    0.9970200      51.00
   1213.28015    0.9964000      50.97
   1213.28186    0.9960000      50.94
   1213.28357    0.9958900      50.94
   1213.28528    0.9957500      50.93
   1213.28699    0.9953900      50.91
   1213.28857    0.9950800      50.90
   1213.29028    0.9951000      50.90
   1213.29199    0.9952400      50.90
   1213.29370    0.9949500      50.89
   1213.29541    0.9940600      50.84
   1213.29712    0.9928700      50.78
   1213.29883    0.9918000      50.73
   1213.30054    0.9911100      50.69
   1213.30225    0.9908900      50.68
   1213.30396    0.9911200      50.69
   1213.30566    0.9915500      50.71
   1213.30737    0.9918700      50.73
   1213.30908    0.9920400      50.74
   1213.31079    0.9923600      50.76
   1213.31238    0.9930100      50.79
   1213.31409    0.9937500      50.83
   1213.31580    0.9941500      50.85
   1213.31750    0.9941300      50.85
   1213.31921    0.9939500      50.84
   1213.32092    0.9938800      50.83
   1213.32263    0.9939700      50.84
   1213.32434    0.9941700      50.85
   1213.32605    0.9944500      50.86
   1213.32776    0.9947300      50.88
   1213.32947    0.9948600      50.88
   1213.33118    0.9948000      50.88
   1213.33289    0.9945900      50.87
   1213.33447    0.9942000      50.85
   1213.33618    0.9936200      50.82
   1213.33789    0.9929800      50.79
   1213.33960    0.9924900      50.76
   1213.34131    0.9922000      50.74
   1213.34302    0.9918200      50.73
   1213.34473    0.9912300      50.69
   1213.34644    0.9906800      50.67
   1213.34814    0.9905100      50.66
   1213.34985    0.9907200      50.67
   1213.35156    0.9910300      50.68
   1213.35327    0.9914400      50.70
   1213.35498    0.9920500      50.74
   1213.35657    0.9926800      50.77
   1213.35828    0.9928100      50.77
   1213.35999    0.9922900      50.75
   1213.36169    0.9916600      50.72
   1213.36340    0.9915500      50.71
   1213.36511    0.9917900      50.72
   1213.36682    0.9916000      50.71
   1213.36853    0.9905800      50.66
   1213.37024    0.9890900      50.58
   1213.37195    0.9877000      50.51
   1213.37366    0.9865100      50.45
   1213.37537    0.9851500      50.38
   1213.37708    0.9832400      50.28
   1213.37866    0.9805300      50.14
   1213.38037    0.9769200      49.96
   1213.38208    0.9724700      49.73
   1213.38379    0.9675000      49.48
   1213.38550    0.9622300      49.21
   1213.38721    0.9564300      48.91
   1213.38892    0.9497400      48.57
   1213.39062    0.9422500      48.19
   1213.39233    0.9347600      47.80
   1213.39404    0.9281700      47.47
   1213.39575    0.9228400      47.19
   1213.39746    0.9187400      46.98
   1213.39917    0.9160000      46.84
   1213.40088    0.9150800      46.80
   1213.40247    0.9163000      46.86
   1213.40417    0.9194600      47.02
   1213.40588    0.9238600      47.24
   1213.40759    0.9288800      47.50
   1213.40930    0.9342500      47.78
   1213.41101    0.9399600      48.07
   1213.41272    0.9458600      48.37
   1213.41443    0.9514500      48.65
   1213.41614    0.9561900      48.90
   1213.41785    0.9599900      49.09
   1213.41956    0.9631600      49.25
   1213.42126    0.9658700      49.39
   1213.42297    0.9678500      49.49
   1213.42456    0.9687800      49.54
   1213.42627    0.9687800      49.54
   1213.42798    0.9681900      49.51
   1213.42969    0.9670700      49.45
   1213.43140    0.9652300      49.36
   1213.43311    0.9626500      49.23
   1213.43481    0.9595300      49.07
   1213.43652    0.9557600      48.87
   1213.43823    0.9508400      48.62
   1213.43994    0.9444500      48.29
   1213.44165    0.9366600      47.90
   1213.44336    0.9271500      47.41
   1213.44507    0.9148000      46.78
   1213.44678    0.8986100      45.95
   1213.44836    0.8787900      44.94
   1213.45007    0.8564800      43.80
   1213.45178    0.8327100      42.58
   1213.45349    0.8087800      41.36
   1213.45520    0.7878600      40.29
   1213.45691    0.7751400      39.64
   1213.45862    0.7750000      39.63
   1213.46033    0.7876600      40.28
   1213.46204    0.8090500      41.37
   1213.46375    0.8337300      42.63
   1213.46545    0.8577000      43.86
   1213.46716    0.8789800      44.94
   1213.46887    0.8968300      45.86
   1213.47058    0.9111800      46.59
   1213.47217    0.9225500      47.17
   1213.47388    0.9316800      47.64
   1213.47559    0.9391100      48.02
   1213.47729    0.9450400      48.32
   1213.47900    0.9497300      48.56
   1213.48071    0.9535900      48.76
   1213.48242    0.9569000      48.93
   1213.48413    0.9596400      49.07
   1213.48584    0.9616800      49.17
   1213.48755    0.9630600      49.24
   1213.48926    0.9640700      49.29
   1213.49097    0.9649200      49.34
   1213.49268    0.9656400      49.37
   1213.49438    0.9662100      49.40
   1213.49597    0.9666900      49.43
   1213.49768    0.9670800      49.45
   1213.49939    0.9671800      49.45
   1213.50110    0.9667600      49.43
   1213.50281    0.9660400      49.39
   1213.50452    0.9654800      49.36
   1213.50623    0.9651000      49.34
   1213.50793    0.9643700      49.31
   1213.50964    0.9629800      49.24
   1213.51135    0.9614800      49.16
   1213.51306    0.9604900      49.11
   1213.51477    0.9596700      49.07
   1213.51648    0.9580400      48.98
   1213.51819    0.9554000      48.85
   1213.51978    0.9525400      48.70
   1213.52148    0.9500400      48.57
   1213.52319    0.9473900      48.44
   1213.52490    0.9438800      48.26
   1213.52661    0.9397400      48.05
   1213.52832    0.9355800      47.83
   1213.53003    0.9312600      47.61
   1213.53174    0.9260800      47.35
   1213.53345    0.9198500      47.03
   1213.53516    0.9130400      46.68
   1213.53687    0.9058000      46.31
   1213.53857    0.8977500      45.90
   1213.54028    0.8885500      45.43
   1213.54199    0.8780100      44.89
   1213.54358    0.8654000      44.24
   1213.54529    0.8493800      43.43
   1213.54700    0.8288600      42.38
   1213.54871    0.8027300      41.04
   1213.55042    0.7690800      39.32
   1213.55212    0.7273100      37.18
   1213.55383    0.6830600      34.92
   1213.55554    0.6495900      33.21
   1213.55725    0.6406600      32.75
   1213.55896    0.6597800      33.73
   1213.56067    0.6973000      35.65
   1213.56238    0.7386000      37.76
   1213.56409    0.7744300      39.59
   1213.56580    0.8034100      41.07
   1213.56738    0.8273000      42.29
   1213.56909    0.8468400      43.29
   1213.57080    0.8620000      44.07
   1213.57251    0.8735700      44.66
   1213.57422    0.8827900      45.13
   1213.57593    0.8900700      45.50
   1213.57764    0.8949800      45.75
   1213.57935    0.8971700      45.87
   1213.58105    0.8966200      45.84
   1213.58276    0.8931800      45.66
   1213.58447    0.8866600      45.33
   1213.58618    0.8774200      44.86
   1213.58789    0.8667300      44.31
   1213.58960    0.8566100      43.79
   1213.59119    0.8495900      43.43
   1213.59290    0.8481500      43.36
   1213.59460    0.8534300      43.63
   1213.59631    0.8642900      44.18
   1213.59802    0.8778700      44.88
   1213.59973    0.8914500      45.57
   1213.60144    0.9037700      46.20
   1213.60315    0.9147900      46.76
   1213.60486    0.9247500      47.27
   1213.60657    0.9336100      47.73
   1213.60828    0.9411300      48.11
   1213.60999    0.9471400      48.42
   1213.61169    0.9517500      48.65
   1213.61340    0.9554000      48.84
   1213.61499    0.9584800      49.00
   1213.61670    0.9609700      49.12
   1213.61841    0.9625600      49.21
   1213.62012    0.9631700      49.24
   1213.62183    0.9632300      49.24
   1213.62354    0.9629800      49.23
   1213.62524    0.9619900      49.18
   1213.62695    0.9596200      49.05
   1213.62866    0.9560200      48.87
   1213.63037    0.9521000      48.67
   1213.63208    0.9486000      48.49
   1213.63379    0.9455700      48.34
   1213.63550    0.9429300      48.20
   1213.63721    0.9411100      48.11
   1213.63892    0.9407300      48.09
   1213.64050    0.9419800      48.15
   1213.64221    0.9445700      48.28
   1213.64392    0.9482100      48.47
   1213.64563    0.9526300      48.70
   1213.64734    0.9573500      48.94
   1213.64905    0.9617300      49.16
   1213.65076    0.9656700      49.36
   1213.65247    0.9695400      49.56
   1213.65417    0.9734600      49.76
   1213.65588    0.9767700      49.93
   1213.65759    0.9787900      50.03
   1213.65930    0.9797000      50.08
   1213.66101    0.9803500      50.11
   1213.66272    0.9812300      50.16
   1213.66443    0.9820400      50.20
   1213.66602    0.9823200      50.21
   1213.66772    0.9821300      50.20
   1213.66943    0.9818900      50.19
   1213.67114    0.9817900      50.18
   1213.67285    0.9817000      50.18
   1213.67456    0.9814100      50.16
   1213.67627    0.9807600      50.13
   1213.67798    0.9798500      50.08
   1213.67969    0.9789700      50.04
   1213.68140    0.9784900      50.01
   1213.68311    0.9783800      50.01
   1213.68481    0.9781200      49.99
   1213.68652    0.9773100      49.95
   1213.68823    0.9762500      49.90
   1213.68982    0.9755600      49.86
   1213.69153    0.9752000      49.84
   1213.69324    0.9744200      49.80
   1213.69495    0.9727500      49.72
   1213.69666    0.9706900      49.61
   1213.69836    0.9689400      49.52
   1213.70007    0.9673500      49.44
   1213.70178    0.9651100      49.33
   1213.70349    0.9618200      49.16
   1213.70520    0.9579200      48.96
   1213.70691    0.9538300      48.75
   1213.70862    0.9492500      48.52
   1213.71033    0.9434800      48.22
   1213.71204    0.9362100      47.85
   1213.71375    0.9275200      47.41
   1213.71533    0.9173100      46.88
   1213.71704    0.9052300      46.27
   1213.71875    0.8913600      45.56
   1213.72046    0.8766300      44.80
   1213.72217    0.8627400      44.09
   1213.72388    0.8516700      43.53
   1213.72559    0.8454100      43.21
   1213.72729    0.8454500      43.21
   1213.72900    0.8519200      43.54
   1213.73071    0.8630900      44.11
   1213.73242    0.8762200      44.78
   1213.73413    0.8890700      45.44
   1213.73584    0.9007600      46.04
   1213.73755    0.9112300      46.57
   1213.73926    0.9204800      47.04
   1213.74084    0.9284000      47.45
   1213.74255    0.9351200      47.79
   1213.74426    0.9410000      48.09
   1213.74597    0.9461600      48.36
   1213.74768    0.9504100      48.57
   1213.74939    0.9536800      48.74
   1213.75110    0.9563300      48.88
   1213.75281    0.9587800      49.00
   1213.75452    0.9609800      49.11
   1213.75623    0.9625500      49.19
   1213.75793    0.9634000      49.24
   1213.75964    0.9639400      49.26
   1213.76135    0.9645400      49.29
   1213.76306    0.9650100      49.32
   1213.76477    0.9648500      49.31
   1213.76636    0.9639700      49.26
   1213.76807    0.9627700      49.20
   1213.76978    0.9616100      49.14
   1213.77148    0.9603800      49.08
   1213.77319    0.9588300      49.00
   1213.77490    0.9569400      48.90
   1213.77661    0.9548700      48.80
   1213.77832    0.9526100      48.68
   1213.78003    0.9499000      48.54
   1213.78174    0.9465400      48.37
   1213.78345    0.9425000      48.17
   1213.78516    0.9377600      47.92
   1213.78687    0.9321900      47.64
   1213.78857    0.9256900      47.31
   1213.79028    0.9183000      46.93
   1213.79199    0.9098200      46.50
   1213.79358    0.8996200      45.97
   1213.79529    0.8870900      45.33
   1213.79700    0.8720300      44.56
   1213.79871    0.8544200      43.66
   1213.80042    0.8337300      42.61
   1213.80212    0.8089800      41.34
   1213.80383    0.7796600      39.84
   1213.80554    0.7461200      38.13
   1213.80725    0.7092700      36.25
   1213.80896    0.6705500      34.27
   1213.81067    0.6330700      32.35
   1213.81238    0.6023900      30.78
   1213.81409    0.5850000      29.89
   1213.81580    0.5850700      29.90
   1213.81750    0.6022300      30.77
   1213.81909    0.6320900      32.30
   1213.82080    0.6688100      34.18
   1213.82251    0.7072600      36.14
   1213.82422    0.7440200      38.02
   1213.82593    0.7773300      39.72
   1213.82764    0.8065400      41.21
   1213.82935    0.8315100      42.49
   1213.83105    0.8524700      43.56
   1213.83276    0.8700900      44.46
   1213.83447    0.8854000      45.24
   1213.83618    0.8990000      45.94
   1213.83789    0.9106800      46.54
   1213.83960    0.9200500      47.01
   1213.84131    0.9274300      47.39
   1213.84302    0.9337300      47.71
   1213.84473    0.9394800      48.01
   1213.84631    0.9446000      48.27
   1213.84802    0.9490600      48.50
   1213.84973    0.9531700      48.71
   1213.85144    0.9570300      48.90
   1213.85315    0.9601500      49.06
   1213.85486    0.9622700      49.17
   1213.85657    0.9639800      49.26
   1213.85828    0.9660500      49.36
   1213.85999    0.9684300      49.48
   1213.86169    0.9703800      49.58
   1213.86340    0.9717100      49.65
   1213.86511    0.9729600      49.72
   1213.86682    0.9744700      49.79
   1213.86853    0.9758300      49.86
   1213.87024    0.9767600      49.91
   1213.87183    0.9777200      49.96
   1213.87354    0.9792100      50.03
   1213.87524    0.9808600      50.12
   1213.87695    0.9818500      50.17
   1213.87866    0.9820700      50.18
   1213.88037    0.9822300      50.19
   1213.88208    0.9827600      50.21
   1213.88379    0.9833300      50.24
   1213.88550    0.9834500      50.25
   1213.88721    0.9833000      50.24
   1213.88892    0.9834300      50.25
   1213.89062    0.9840500      50.28
   1213.89233    0.9848700      50.32
   1213.89404    0.9855700      50.36
   1213.89575    0.9860300      50.38
   1213.89746    0.9862200      50.39
   1213.89905    0.9861100      50.38
   1213.90076    0.9857000      50.36
   1213.90247    0.9851600      50.34
   1213.90417    0.9847400      50.31
   1213.90588    0.9845900      50.31
   1213.90759    0.9846800      50.31
   1213.90930    0.9847900      50.32
   1213.91101    0.9847900      50.32
   1213.91272    0.9848300      50.32
   1213.91443    0.9852200      50.34
   1213.91614    0.9860000      50.38
   1213.91785    0.9868400      50.42
   1213.91956    0.9874100      50.45
   1213.92126    0.9877200      50.46
   1213.92297    0.9879900      50.48
   1213.92468    0.9882900      50.49
   1213.92627    0.9885400      50.51
   1213.92798    0.9886500      50.51
   1213.92969    0.9885000      50.50
   1213.93140    0.9878800      50.47
   1213.93311    0.9868000      50.42
   1213.93481    0.9858300      50.37
   1213.93652    0.9857600      50.36
   1213.93823    0.9867100      50.41
   1213.93994    0.9879700      50.48
   1213.94165    0.9887900      50.52
   1213.94336    0.9890900      50.53
   1213.94507    0.9891900      50.54
   1213.94678    0.9890900      50.53
   1213.94849    0.9885200      50.50
   1213.95020    0.9876100      50.46
   1213.95190    0.9868700      50.42
   1213.95349    0.9865000      50.40
   1213.95520    0.9861400      50.38
   1213.95691    0.9854500      50.35
   1213.95862    0.9846600      50.31
   1213.96033    0.9843200      50.29
   1213.96204    0.9844900      50.30
   1213.96375    0.9846600      50.30
   1213.96545    0.9844400      50.29
   1213.96716    0.9839700      50.27
   1213.96887    0.9836100      50.25
   1213.97058    0.9834400      50.24
   1213.97229    0.9831800      50.23
   1213.97400    0.9825900      50.20
   1213.97571    0.9818700      50.16
   1213.97742    0.9814300      50.14
   1213.97913    0.9815000      50.14
   1213.98083    0.9818600      50.16
   1213.98242    0.9821800      50.18
   1213.98413    0.9824100      50.19
   1213.98584    0.9827500      50.21
   1213.98755    0.9833000      50.23
   1213.98926    0.9838400      50.26
   1213.99097    0.9841500      50.28
   1213.99268    0.9843500      50.29
   1213.99438    0.9846900      50.30
   1213.99609    0.9851900      50.33
   1213.99780    0.9855700      50.35
   1213.99951    0.9857200      50.36
   1214.00122    0.9858000      50.36
   1214.00293    0.9860000      50.37
   1214.00464    0.9861600      50.38
   1214.00635    0.9860400      50.37
   1214.00806    0.9856300      50.35
   1214.00964    0.9851000      50.32
   1214.01135    0.9845900      50.30
   1214.01306    0.9841100      50.27
   1214.01477    0.9836300      50.25
   1214.01648    0.9831200      50.22
   1214.01819    0.9824600      50.19
   1214.01990    0.9814900      50.14
   1214.02161    0.9802900      50.08
   1214.02332    0.9791300      50.02
   1214.02502    0.9780700      49.96
   1214.02673    0.9767200      49.89
   1214.02844    0.9747000      49.79
   1214.03015    0.9720500      49.65
   1214.03186    0.9691700      49.51
   1214.03357    0.9662200      49.36
   1214.03528    0.9629300      49.19
   1214.03699    0.9588800      48.98
   1214.03857    0.9538600      48.72
   1214.04028    0.9479200      48.42
   1214.04199    0.9411900      48.08
   1214.04370    0.9339300      47.71
   1214.04541    0.9266100      47.33
   1214.04712    0.9198900      46.99
   1214.04883    0.9145400      46.72
   1214.05054    0.9110400      46.54
   1214.05225    0.9091400      46.44
   1214.05396    0.9074400      46.35
   1214.05566    0.9039500      46.17
   1214.05737    0.8972400      45.83
   1214.05908    0.8869800      45.31
   1214.06079    0.8731100      44.60
   1214.06250    0.8547600      43.66
   1214.06421    0.8303100      42.41
   1214.06592    0.7985000      40.79
   1214.06750    0.7588300      38.76
   1214.06921    0.7114800      36.34
   1214.07092    0.6588400      33.65
   1214.07263    0.6081800      31.07
   1214.07434    0.5717100      29.20
   1214.07605    0.5610900      28.66
   1214.07776    0.5798700      29.62
   1214.07947    0.6211600      31.73
   1214.08118    0.6726900      34.36
   1214.08289    0.7242100      36.99
   1214.08459    0.7705900      39.36
   1214.08630    0.8101900      41.38
   1214.08801    0.8426800      43.04
   1214.08972    0.8684500      44.36
   1214.09143    0.8887100      45.39
   1214.09314    0.9048200      46.22
   1214.09485    0.9176800      46.87
   1214.09644    0.9279900      47.40
   1214.09814    0.9365300      47.83
   1214.09985    0.9438600      48.21
   1214.10156    0.9500100      48.52
   1214.10327    0.9549300      48.77
   1214.10498    0.9590400      48.98
   1214.10669    0.9628800      49.18
   1214.10840    0.9664000      49.36
   1214.11011    0.9692000      49.50
   1214.11182    0.9713100      49.61
   1214.11353    0.9733400      49.71
   1214.11523    0.9755900      49.83
   1214.11694    0.9776600      49.93
   1214.11865    0.9790700      50.01
   1214.12036    0.9799600      50.05
   1214.12207    0.9808000      50.09
   1214.12378    0.9818700      50.15
   1214.12537    0.9830600      50.21
   1214.12708    0.9841700      50.27
   1214.12878    0.9850400      50.31
   1214.13049    0.9855100      50.33
   1214.13220    0.9857100      50.34
   1214.13391    0.9860900      50.36
   1214.13562    0.9870300      50.41
   1214.13733    0.9882100      50.47
   1214.13904    0.9889700      50.51
   1214.14075    0.9891400      50.52
   1214.14246    0.9892900      50.53
   1214.14417    0.9899400      50.56
   1214.14587    0.9908100      50.60
   1214.14758    0.9912500      50.63
   1214.14929    0.9911300      50.62
   1214.15100    0.9910000      50.61
   1214.15271    0.9913000      50.63
   1214.15442    0.9918000      50.65
   1214.15601    0.9920400      50.66
   1214.15771    0.9919600      50.66
   1214.15942    0.9919100      50.66
   1214.16113    0.9921600      50.67
   1214.16284    0.9925600      50.69
   1214.16455    0.9928600      50.71
   1214.16626    0.9930300      50.71
   1214.16797    0.9932000      50.72
   1214.16968    0.9934000      50.73
   1214.17139    0.9935300      50.74
   1214.17310    0.9935000      50.74
   1214.17480    0.9933800      50.73
   1214.17651    0.9933000      50.73
   1214.17822    0.9933600      50.73
   1214.17993    0.9936400      50.74
   1214.18164    0.9940600      50.77
   1214.18335    0.9942700      50.78
   1214.18506    0.9938500      50.75
   1214.18665    0.9929200      50.71
   1214.18835    0.9922000      50.67
   1214.19006    0.9922500      50.67
   1214.19177    0.9927400      50.70
   1214.19348    0.9928400      50.70
   1214.19519    0.9923500      50.68
   1214.19690    0.9919200      50.66
   1214.19861    0.9920200      50.66
   1214.20032    0.9922300      50.67
   1214.20203    0.9918100      50.65
   1214.20374    0.9907400      50.59
   1214.20544    0.9897100      50.54
   1214.20715    0.9889900      50.50
   1214.20886    0.9881300      50.46
   1214.21057    0.9868200      50.39
   1214.21228    0.9854400      50.32
   1214.21399    0.9845300      50.28
   1214.21558    0.9839900      50.25
   1214.21729    0.9834200      50.22
   1214.21899    0.9828900      50.19
   1214.22070    0.9828000      50.19
   1214.22241    0.9830800      50.20
   1214.22412    0.9830800      50.20
   1214.22583    0.9824900      50.17
   1214.22754    0.9816900      50.13
   1214.22925    0.9810900      50.10
   1214.23096    0.9804100      50.06
   1214.23267    0.9791700      50.00
   1214.23438    0.9773700      49.91
   1214.23608    0.9752800      49.80
   1214.23779    0.9729100      49.68
   1214.23950    0.9700800      49.54
   1214.24121    0.9667900      49.37
   1214.24292    0.9630400      49.18
   1214.24463    0.9584300      48.94
   1214.24634    0.9524700      48.64
   1214.24792    0.9451800      48.26
   1214.24963    0.9366500      47.83
   1214.25134    0.9258900      47.28
   1214.25305    0.9111000      46.52
   1214.25476    0.8912500      45.51
   1214.25647    0.8660300      44.22
   1214.25818    0.8339300      42.58
   1214.25989    0.7923300      40.46
   1214.26160    0.7425700      37.92
   1214.26331    0.6951000      35.49
   1214.26501    0.6665100      34.03
   1214.26672    0.6686400      34.14
   1214.26843    0.6996300      35.72
   1214.27014    0.7463000      38.11
   1214.27185    0.7943700      40.56
   1214.27356    0.8360500      42.69
   1214.27527    0.8697600      44.41
   1214.27698    0.8959700      45.75
   1214.27856    0.9154000      46.74
   1214.28027    0.9295200      47.46
   1214.28198    0.9405000      48.02
   1214.28369    0.9497900      48.50
   1214.28540    0.9574900      48.89
   1214.28711    0.9633100      49.19
   1214.28882    0.9675900      49.40
   1214.29053    0.9710700      49.58
   1214.29224    0.9742500      49.74
   1214.29395    0.9771000      49.89
   1214.29565    0.9794500      50.01
   1214.29736    0.9812000      50.10
   1214.29907    0.9824200      50.16
   1214.30078    0.9834100      50.21
   1214.30249    0.9844600      50.26
   1214.30420    0.9856200      50.32
   1214.30591    0.9866900      50.38
   1214.30762    0.9876100      50.43
   1214.30933    0.9885700      50.47
   1214.31091    0.9896700      50.53
   1214.31262    0.9905900      50.58
   1214.31433    0.9910000      50.60
   1214.31604    0.9910200      50.60
   1214.31775    0.9911600      50.61
   1214.31946    0.9916600      50.63
   1214.32117    0.9922400      50.66
   1214.32288    0.9924800      50.67
   1214.32458    0.9923300      50.66
   1214.32629    0.9920900      50.65
   1214.32800    0.9921000      50.65
   1214.32971    0.9922900      50.66
   1214.33142    0.9923800      50.67
   1214.33313    0.9921400      50.65
   1214.33484    0.9916400      50.63
   1214.33655    0.9911100      50.60
   1214.33826    0.9907100      50.58
   1214.33997    0.9904600      50.57
   1214.34167    0.9904000      50.56
   1214.34326    0.9905700      50.57
   1214.34497    0.9908400      50.59
   1214.34668    0.9908900      50.59
   1214.34839    0.9906200      50.58
   1214.35010    0.9903500      50.56
   1214.35181    0.9905000      50.57
   1214.35352    0.9909900      50.59
   1214.35522    0.9914100      50.62
   1214.35693    0.9915500      50.62
   1214.35864    0.9916200      50.63
   1214.36035    0.9917700      50.63
   1214.36206    0.9918300      50.64
   1214.36377    0.9916500      50.63
   1214.36548    0.9914600      50.62
   1214.36719    0.9915700      50.62
   1214.36890    0.9919200      50.64
   1214.37061    0.9921200      50.65
   1214.37231    0.9919300      50.64
   1214.37402    0.9914900      50.62
   1214.37561    0.9911500      50.60
   1214.37732    0.9911900      50.60
   1214.37903    0.9917400      50.63
   1214.38074    0.9926200      50.67
   1214.38245    0.9933700      50.71
   1214.38416    0.9935300      50.72
   1214.38586    0.9931500      50.70
   1214.38757    0.9926800      50.68
   1214.38928    0.9924500      50.67
   1214.39099    0.9924200      50.66
   1214.39270    0.9924700      50.67
   1214.39441    0.9926200      50.67
   1214.39612    0.9928200      50.68
   1214.39783    0.9928200      50.68
   1214.39954    0.9924500      50.66
   1214.40125    0.9919300      50.64
   1214.40295    0.9916000      50.62
   1214.40466    0.9915700      50.62
   1214.40637    0.9916500      50.62
   1214.40796    0.9916900      50.62
   1214.40967    0.9916200      50.62
   1214.41138    0.9913500      50.61
   1214.41309    0.9908200      50.58
   1214.41479    0.9902000      50.55
   1214.41650    0.9896700      50.52
   1214.41821    0.9891900      50.50
   1214.41992    0.9886700      50.47
   1214.42163    0.9883600      50.45
   1214.42334    0.9885900      50.47
   1214.42505    0.9891100      50.49
   1214.42676    0.9890800      50.49
   1214.42847    0.9881900      50.44
   1214.43018    0.9872500      50.40
   1214.43188    0.9872300      50.39
   1214.43359    0.9880500      50.44
   1214.43530    0.9887600      50.47
   1214.43701    0.9888200      50.48
   1214.43872    0.9885700      50.46
   1214.44043    0.9884400      50.46
   1214.44202    0.9882900      50.45
   1214.44373    0.9879100      50.43
   1214.44543    0.9875000      50.41
   1214.44714    0.9872600      50.40
   1214.44885    0.9869000      50.38
   1214.45056    0.9859900      50.33
   1214.45227    0.9846800      50.26
   1214.45398    0.9835400      50.20
   1214.45569    0.9827100      50.16
   1214.45740    0.9817400      50.11
   1214.45911    0.9803500      50.04
   1214.46082    0.9788300      49.96
   1214.46252    0.9774600      49.89
   1214.46423    0.9759100      49.81
   1214.46594    0.9736600      49.70
   1214.46765    0.9706500      49.55
   1214.46936    0.9672600      49.37
   1214.47107    0.9635600      49.18
   1214.47278    0.9591100      48.96
   1214.47449    0.9534700      48.67
   1214.47607    0.9464500      48.31
   1214.47778    0.9379300      47.87
   1214.47949    0.9275000      47.34
   1214.48120    0.9148000      46.69
   1214.48291    0.9001400      45.95
   1214.48462    0.8848800      45.17
   1214.48633    0.8714300      44.48
   1214.48804    0.8627200      44.03
   1214.48975    0.8609800      43.95
   1214.49146    0.8663200      44.22
   1214.49316    0.8764700      44.74
   1214.49487    0.8881000      45.33
   1214.49658    0.8986000      45.87
   1214.49829    0.9068200      46.28
   1214.50000    0.9124500      46.57
   1214.50171    0.9153200      46.72
   1214.50342    0.9154500      46.72
   1214.50513    0.9132200      46.61
   1214.50684    0.9091300      46.40
   1214.50854    0.9035200      46.12
   1214.51025    0.8968500      45.78
   1214.51184    0.8904000      45.45
   1214.51355    0.8861600      45.23
   1214.51526    0.8858200      45.21
   1214.51697    0.8897300      45.41
   1214.51868    0.8968300      45.77
   1214.52039    0.9054500      46.21
   1214.52209    0.9141700      46.66
   1214.52380    0.9222300      47.07
   1214.52551    0.9293600      47.43
   1214.52722    0.9354700      47.74
   1214.52893    0.9405100      48.00
   1214.53064    0.9445600      48.21
   1214.53235    0.9479300      48.38
   1214.53406    0.9508900      48.53
   1214.53577    0.9533100      48.65
   1214.53748    0.9548300      48.73
   1214.53918    0.9553300      48.76
   1214.54089    0.9552300      48.75
   1214.54260    0.9550300      48.74
   1214.54431    0.9547100      48.73
   1214.54590    0.9538000      48.68
   1214.54761    0.9520900      48.59
   1214.54932    0.9498800      48.48
   1214.55103    0.9474900      48.36
   1214.55273    0.9447300      48.22
   1214.55444    0.9410400      48.03
   1214.55615    0.9360400      47.77
   1214.55786    0.9297200      47.45
   1214.55957    0.9221900      47.06
   1214.56128    0.9134100      46.62
   1214.56299    0.9031600      46.09
   1214.56470    0.8910400      45.47
   1214.56641    0.8766800      44.74
   1214.56812    0.8600100      43.89
   1214.56982    0.8412100      42.93
   1214.57153    0.8200400      41.85
   1214.57324    0.7950300      40.57
   1214.57495    0.7635700      38.97
   1214.57666    0.7229900      36.90
   1214.57837    0.6710000      34.24
   1214.58008    0.6057000      30.91
   1214.58167    0.5270300      26.90
   1214.58337    0.4405500      22.48
   1214.58508    0.3605400      18.40
   1214.58679    0.3069700      15.67
   1214.58850    0.2960100      15.11
   1214.59021    0.3306700      16.87
   1214.59192    0.3995200      20.39
   1214.59363    0.4842300      24.71
   1214.59534    0.5690100      29.04
   1214.59705    0.6450100      32.92
   1214.59875    0.7091100      36.19
   1214.60046    0.7610100      38.84
   1214.60217    0.8018200      40.92
   1214.60388    0.8335200      42.54
   1214.60559    0.8583700      43.80
   1214.60730    0.8780800      44.81
   1214.60901    0.8938000      45.61
   1214.61072    0.9064200      46.26
   1214.61243    0.9167500      46.78
   1214.61414    0.9253800      47.22
   1214.61584    0.9327200      47.60
   1214.61755    0.9391400      47.92
   1214.61914    0.9449700      48.22
   1214.62085    0.9502500      48.49
   1214.62256    0.9548300      48.72
   1214.62427    0.9587200      48.92
   1214.62598    0.9621100      49.10
   1214.62769    0.9650900      49.25
   1214.62939    0.9675800      49.37
   1214.63110    0.9696900      49.48
   1214.63281    0.9717700      49.59
   1214.63452    0.9740300      49.70
   1214.63623    0.9760700      49.81
   1214.63794    0.9774100      49.88
   1214.63965    0.9782100      49.92
   1214.64136    0.9791100      49.96
   1214.64307    0.9804600      50.03
   1214.64478    0.9818400      50.10
   1214.64648    0.9827700      50.15
   1214.64819    0.9833500      50.18
   1214.64990    0.9840100      50.21
   1214.65161    0.9847900      50.25
   1214.65332    0.9853400      50.28
   1214.65503    0.9855400      50.29
   1214.65662    0.9857600      50.30
   1214.65833    0.9862700      50.33
   1214.66003    0.9868700      50.36
   1214.66174    0.9872100      50.37
   1214.66345    0.9873000      50.38
   1214.66516    0.9874600      50.39
   1214.66687    0.9877000      50.40
   1214.66858    0.9876700      50.40
   1214.67029    0.9871200      50.37
   1214.67200    0.9862400      50.32
   1214.67371    0.9853700      50.28
   1214.67542    0.9846200      50.24
   1214.67712    0.9836700      50.19
   1214.67883    0.9821300      50.11
   1214.68054    0.9797400      49.99
   1214.68225    0.9764400      49.82
   1214.68396    0.9722800      49.61
   1214.68567    0.9673700      49.36
   1214.68738    0.9619400      49.08
   1214.68909    0.9562200      48.79
   1214.69080    0.9501900      48.48
   1214.69250    0.9437200      48.15
   1214.69409    0.9370800      47.81
   1214.69580    0.9315800      47.53
   1214.69751    0.9292500      47.41
   1214.69922    0.9315800      47.53
   1214.70093    0.9383000      47.87
   1214.70264    0.9474600      48.34
   1214.70435    0.9567500      48.82
   1214.70605    0.9647400      49.22
   1214.70776    0.9711300      49.55
   1214.70947    0.9762000      49.81
   1214.71118    0.9802300      50.01
   1214.71289    0.9833600      50.17
   1214.71460    0.9856400      50.29
   1214.71631    0.9872600      50.37
   1214.71802    0.9885100      50.44
   1214.71973    0.9896300      50.49
   1214.72144    0.9905200      50.54
   1214.72314    0.9910400      50.56
   1214.72485    0.9912400      50.57
   1214.72656    0.9914600      50.58
   1214.72827    0.9917900      50.60
   1214.72998    0.9919700      50.61
   1214.73169    0.9917500      50.60
   1214.73328    0.9913500      50.58
   1214.73499    0.9911600      50.57
   1214.73669    0.9911600      50.57
   1214.73840    0.9909700      50.56
   1214.74011    0.9905000      50.53
   1214.74182    0.9901400      50.52
   1214.74353    0.9902500      50.52
   1214.74524    0.9906800      50.54
   1214.74695    0.9910100      50.56
   1214.74866    0.9911700      50.57
   1214.75037    0.9913900      50.58
   1214.75208    0.9918400      50.60
   1214.75378    0.9923500      50.63
   1214.75549    0.9927300      50.65
   1214.75720    0.9929500      50.66
   1214.75891    0.9931700      50.67
   1214.76062    0.9935000      50.69
   1214.76233    0.9939200      50.71
   1214.76404    0.9943000      50.73
   1214.76575    0.9945300      50.74
   1214.76746    0.9946800      50.75
   1214.76917    0.9948600      50.75
   1214.77087    0.9950400      50.76
   1214.77246    0.9949600      50.76
   1214.77417    0.9945300      50.74
   1214.77588    0.9941300      50.72
   1214.77759    0.9941100      50.72
   1214.77930    0.9943100      50.73
   1214.78101    0.9941900      50.72
   1214.78271    0.9936500      50.69
   1214.78442    0.9931700      50.67
   1214.78613    0.9931200      50.66
   1214.78784    0.9933100      50.67
   1214.78955    0.9933200      50.67
   1214.79126    0.9931500      50.67
   1214.79297    0.9930500      50.66
   1214.79468    0.9929200      50.65
   1214.79639    0.9924800      50.63
   1214.79810    0.9917400      50.59
   1214.79980    0.9911200      50.56
   1214.80151    0.9908100      50.55
   1214.80322    0.9905300      50.53
   1214.80493    0.9899800      50.50
   1214.80664    0.9892800      50.47
   1214.80835    0.9886900      50.44
   1214.81006    0.9882000      50.41
   1214.81177    0.9876700      50.38
   1214.81335    0.9871500      50.36
   1214.81506    0.9866700      50.33
   1214.81677    0.9860000      50.30
   1214.81848    0.9848900      50.24
   1214.82019    0.9836200      50.18
   1214.82190    0.9827100      50.13
   1214.82361    0.9822100      50.10
   1214.82532    0.9815700      50.07
   1214.82703    0.9804000      50.01
   1214.82874    0.9789100      49.94
   1214.83044    0.9773400      49.86
   1214.83215    0.9754100      49.76
   1214.83386    0.9726200      49.61
   1214.83557    0.9690300      49.43
   1214.83728    0.9652000      49.24
   1214.83899    0.9612500      49.03
   1214.84070    0.9566100      48.80
   1214.84241    0.9505900      48.49
   1214.84412    0.9431100      48.11
   1214.84583    0.9342700      47.66
   1214.84753    0.9237900      47.12
   1214.84924    0.9110800      46.47
   1214.85095    0.8959500      45.70
   1214.85266    0.8789800      44.84
   1214.85425    0.8613900      43.94
   1214.85596    0.8451400      43.11
   1214.85767    0.8330600      42.49
   1214.85938    0.8282900      42.25
   1214.86108    0.8325000      42.46
   1214.86279    0.8445300      43.08
   1214.86450    0.8609800      43.92
   1214.86621    0.8784200      44.81
   1214.86792    0.8949400      45.65
   1214.86963    0.9099700      46.42
   1214.87134    0.9232000      47.09
   1214.87305    0.9343600      47.66
   1214.87476    0.9434900      48.13
   1214.87646    0.9510200      48.51
   1214.87817    0.9572700      48.83
   1214.87988    0.9622900      49.08
   1214.88159    0.9662700      49.29
   1214.88330    0.9696800      49.46
   1214.88501    0.9728200      49.62
   1214.88672    0.9754400      49.75
   1214.88843    0.9772800      49.85
   1214.89014    0.9786600      49.92
   1214.89185    0.9801600      49.99
   1214.89355    0.9819100      50.08
   1214.89526    0.9834900      50.16
   1214.89685    0.9847100      50.23
   1214.89856    0.9858800      50.29
   1214.90027    0.9872200      50.35
   1214.90198    0.9884300      50.41
   1214.90369    0.9891300      50.45
   1214.90540    0.9895100      50.47
   1214.90710    0.9900500      50.50
   1214.90881    0.9907600      50.53
   1214.91052    0.9912000      50.56
   1214.91223    0.9912800      50.56
   1214.91394    0.9913900      50.56
   1214.91565    0.9918300      50.59
   1214.91736    0.9923500      50.61
   1214.91907    0.9926200      50.63
   1214.92078    0.9928400      50.64
   1214.92249    0.9933000      50.66
   1214.92419    0.9939200      50.69
   1214.92590    0.9942900      50.71
   1214.92761    0.9943300      50.71
   1214.92932    0.9943000      50.71
   1214.93103    0.9942400      50.71
   1214.93274    0.9938600      50.69
   1214.93445    0.9931000      50.65
   1214.93616    0.9924200      50.62
   1214.93787    0.9923400      50.61
   1214.93945    0.9928500      50.64
   1214.94116    0.9935600      50.67
   1214.94287    0.9942200      50.71
   1214.94458    0.9948300      50.74
   1214.94629    0.9952900      50.76
   1214.94800    0.9954000      50.77
   1214.94971    0.9952000      50.76
   1214.95142    0.9950500      50.75
   1214.95312    0.9952000      50.76
   1214.95483    0.9954100      50.77
   1214.95654    0.9953000      50.76
   1214.95825    0.9948500      50.74
   1214.95996    0.9944100      50.71
   1214.96167    0.9942600      50.71
   1214.96338    0.9943300      50.71
   1214.96509    0.9943700      50.71
   1214.96680    0.9944300      50.72
   1214.96851    0.9947700      50.73
   1214.97021    0.9954200      50.77
   1214.97192    0.9960100      50.80
   1214.97363    0.9961400      50.80
   1214.97534    0.9958300      50.79
   1214.97705    0.9954300      50.77
   1214.97876    0.9951600      50.75
   1214.98047    0.9949000      50.74
   1214.98218    0.9944600      50.72
   1214.98376    0.9939200      50.69
   1214.98547    0.9935100      50.67
   1214.98718    0.9933100      50.66
   1214.98889    0.9933200      50.66
   1214.99060    0.9935500      50.67
   1214.99231    0.9940000      50.69
   1214.99402    0.9944100      50.71
   1214.99573    0.9945300      50.72
   1214.99744    0.9945000      50.72
   1214.99915    0.9947000      50.73
   1215.00085    0.9951900      50.75
   1215.00256    0.9955200      50.77
   1215.00427    0.9953700      50.76
   1215.00598    0.9949600      50.74
   1215.00769    0.9946600      50.72
   1215.00940    0.9944100      50.71
   1215.01111    0.9939500      50.69
   1215.01282    0.9933800      50.66
   1215.01453    0.9931200      50.64
   1215.01624    0.9932600      50.65
   1215.01794    0.9933700      50.66
   1215.01965    0.9931100      50.64
   1215.02136    0.9927900      50.63
   1215.02307    0.9928300      50.63
   1215.02478    0.9931100      50.64
   1215.02649    0.9930900      50.64
   1215.02820    0.9925800      50.62
   1215.02979    0.9919600      50.58
   1215.03149    0.9916900      50.57
   1215.03320    0.9917100      50.57
   1215.03491    0.9917200      50.57
   1215.03662    0.9916400      50.57
   1215.03833    0.9917100      50.57
   1215.04004    0.9920100      50.59
   1215.04175    0.9922100      50.60
   1215.04346    0.9918500      50.58
   1215.04517    0.9908700      50.53
   1215.04688    0.9897500      50.47
   1215.04858    0.9889600      50.43
   1215.05029    0.9885600      50.41
   1215.05200    0.9881300      50.39
   1215.05371    0.9874100      50.35
   1215.05542    0.9866000      50.31
   1215.05713    0.9861400      50.28
   1215.05884    0.9861100      50.28
   1215.06055    0.9860600      50.28
   1215.06226    0.9855100      50.25
   1215.06396    0.9844500      50.20
   1215.06567    0.9833100      50.14
   1215.06738    0.9824500      50.10
   1215.06909    0.9818500      50.06
   1215.07080    0.9812300      50.03
   1215.07251    0.9805400      50.00
   1215.07422    0.9799300      49.97
   1215.07593    0.9794200      49.94
   1215.07751    0.9787000      49.90
   1215.07922    0.9774700      49.84
   1215.08093    0.9758900      49.76
   1215.08264    0.9744800      49.69
   1215.08435    0.9734300      49.63
   1215.08606    0.9722900      49.58
   1215.08777    0.9705000      49.48
   1215.08948    0.9680300      49.36
   1215.09119    0.9653600      49.22
   1215.09290    0.9627700      49.09
   1215.09460    0.9600400      48.95
   1215.09631    0.9568200      48.79
   1215.09802    0.9530500      48.59
   1215.09973    0.9488800      48.38
   1215.10144    0.9442200      48.14
   1215.10315    0.9387000      47.86
   1215.10486    0.9320800      47.52
   1215.10657    0.9243500      47.13
   1215.10828    0.9155400      46.68
   1215.10999    0.9054900      46.17
   1215.11169    0.8938800      45.58
   1215.11340    0.8802800      44.88
   1215.11511    0.8642000      44.06
   1215.11682    0.8450300      43.08
   1215.11853    0.8220900      41.91
   1215.12024    0.7947900      40.52
   1215.12195    0.7627100      38.89
   1215.12366    0.7257300      37.00
   1215.12524    0.6841300      34.88
   1215.12695    0.6391500      32.59
   1215.12866    0.5938400      30.28
   1215.13037    0.5537700      28.23
   1215.13208    0.5262500      26.83
   1215.13379    0.5175500      26.39
   1215.13550    0.5296800      27.01
   1215.13721    0.5592000      28.51
   1215.13892    0.5993700      30.56
   1215.14062    0.6436500      32.82
   1215.14233    0.6876300      35.06
   1215.14404    0.7287200      37.15
   1215.14575    0.7652800      39.02
   1215.14746    0.7965000      40.61
   1215.14917    0.8227700      41.95
   1215.15088    0.8451600      43.09
   1215.15259    0.8644700      44.07
   1215.15430    0.8808300      44.91
   1215.15601    0.8943900      45.60
   1215.15771    0.9057300      46.18
   1215.15942    0.9154900      46.67
   1215.16113    0.9238200      47.10
   1215.16284    0.9307600      47.45
   1215.16455    0.9367500      47.76
   1215.16626    0.9424400      48.05
   1215.16797    0.9479600      48.33
   1215.16968    0.9527800      48.57
   1215.17139    0.9564900      48.76
   1215.17310    0.9594400      48.91
   1215.17480    0.9622400      49.06
   1215.17639    0.9650200      49.20
   1215.17810    0.9674900      49.32
   1215.17981    0.9695900      49.43
   1215.18152    0.9716400      49.53
   1215.18323    0.9737600      49.64
   1215.18494    0.9756100      49.74
   1215.18665    0.9768900      49.80
   1215.18835    0.9778400      49.85
   1215.19006    0.9789100      49.90
   1215.19177    0.9801900      49.97
   1215.19348    0.9813900      50.03
   1215.19519    0.9823100      50.08
   1215.19690    0.9830600      50.12
   1215.19861    0.9837300      50.15
   1215.20032    0.9842400      50.18
   1215.20203    0.9846600      50.20
   1215.20374    0.9851300      50.22
   1215.20544    0.9855800      50.24
   1215.20715    0.9856600      50.25
   1215.20886    0.9852200      50.22
   1215.21057    0.9846700      50.20
   1215.21228    0.9844900      50.19
   1215.21399    0.9846200      50.19
   1215.21570    0.9846200      50.19
   1215.21741    0.9843400      50.18
   1215.21912    0.9841800      50.17
   1215.22083    0.9844800      50.19
   1215.22253    0.9850800      50.22
   1215.22424    0.9856500      50.25
   1215.22595    0.9862500      50.28
   1215.22754    0.9871600      50.32
   1215.22925    0.9883400      50.38
   1215.23096    0.9893500      50.43
   1215.23267    0.9899300      50.46
   1215.23438    0.9903000      50.48
   1215.23608    0.9908300      50.51
   1215.23779    0.9915100      50.54
   1215.23950    0.9920200      50.57
   1215.24121    0.9921300      50.57
   1215.24292    0.9919000      50.56
   1215.24463    0.9915700      50.55
   1215.24634    0.9913100      50.53
   1215.24805    0.9911500      50.52
   1215.24976    0.9910500      50.52
   1215.25146    0.9909900      50.51
   1215.25317    0.9909800      50.51
   1215.25488    0.9910800      50.52
   1215.25659    0.9912100      50.53
   1215.25830    0.9911800      50.52
   1215.26001    0.9907700      50.50
   1215.26172    0.9900400      50.47
   1215.26343    0.9892900      50.43
   1215.26514    0.9888900      50.41
   1215.26685    0.9890100      50.41
   1215.26855    0.9895300      50.44
   1215.27026    0.9901800      50.47
   1215.27197    0.9908100      50.50
   1215.27368    0.9914400      50.54
   1215.27539    0.9922100      50.57
   1215.27710    0.9930500      50.62
   1215.27881    0.9936900      50.65
   1215.28052    0.9939700      50.66
   1215.28210    0.9941200      50.67
   1215.28381    0.9944600      50.69
   1215.28552    0.9949300      50.71
   1215.28723    0.9951500      50.72
   1215.28894    0.9948500      50.71
   1215.29065    0.9943000      50.68
   1215.29236    0.9938900      50.66
   1215.29407    0.9935500      50.64
   1215.29578    0.9928500      50.61
   1215.29749    0.9915200      50.54
   1215.29919    0.9898600      50.45
   1215.30090    0.9883800      50.38
   1215.30261    0.9873100      50.32
   1215.30432    0.9865000      50.28
   1215.30603    0.9858600      50.25
   1215.30774    0.9855600      50.23
   1215.30945    0.9858700      50.25
   1215.31116    0.9867600      50.29
   1215.31287    0.9879000      50.35
   1215.31458    0.9889600      50.41
   1215.31628    0.9900700      50.46
   1215.31799    0.9915000      50.53
   1215.31970    0.9931900      50.62
   1215.32141    0.9945900      50.69
   1215.32312    0.9953100      50.73
   1215.32483    0.9956300      50.74
   1215.32654    0.9961000      50.77
   1215.32825    0.9967100      50.80
   1215.32996    0.9969200      50.81
   1215.33167    0.9966000      50.79
   1215.33337    0.9963200      50.78
   1215.33508    0.9965800      50.79
   1215.33679    0.9970300      50.82
   1215.33838    0.9970400      50.82
   1215.34009    0.9966600      50.80
   1215.34180    0.9964300      50.78
   1215.34351    0.9964000      50.78
   1215.34521    0.9959500      50.76
   1215.34692    0.9948100      50.70
   1215.34863    0.9936400      50.64
   1215.35034    0.9931100      50.61
   1215.35205    0.9929800      50.61
   1215.35376    0.9925000      50.58
   1215.35547    0.9915700      50.54
   1215.35718    0.9908200      50.50
   1215.35889    0.9906900      50.49
   1215.36060    0.9908500      50.50
   1215.36230    0.9908100      50.50
   1215.36401    0.9906200      50.49
   1215.36572    0.9907700      50.49
   1215.36743    0.9915900      50.54
   1215.36914    0.9929400      50.60
   1215.37085    0.9943700      50.68
   1215.37256    0.9954300      50.73
   1215.37427    0.9960300      50.76
   1215.37598    0.9964700      50.78
   1215.37769    0.9971300      50.82
   1215.37939    0.9979300      50.86
   1215.38110    0.9984100      50.88
   1215.38281    0.9984000      50.88
   1215.38452    0.9982600      50.87
   1215.38623    0.9983500      50.88
   1215.38794    0.9985200      50.89
   1215.38965    0.9984400      50.88
   1215.39136    0.9982000      50.87
   1215.39307    0.9982400      50.87
   1215.39478    0.9985800      50.89
   1215.39648    0.9988100      50.90
   1215.39807    0.9987300      50.90
   1215.39978    0.9985800      50.89
   1215.40149    0.9985700      50.89
   1215.40320    0.9984800      50.88
   1215.40491    0.9981900      50.87
   1215.40662    0.9980900      50.86
   1215.40833    0.9985900      50.89
   1215.41003    0.9993400      50.93
   1215.41174    0.9995800      50.94
   1215.41345    0.9991000      50.91
   1215.41516    0.9984600      50.88
   1215.41687    0.9982700      50.87
   1215.41858    0.9985500      50.89
   1215.42029    0.9989800      50.91
   1215.42200    0.9993900      50.93
   1215.42371    0.9997400      50.95
   1215.42542    0.9998500      50.95
   1215.42712    0.9995800      50.94
   1215.42883    0.9991100      50.91
   1215.43054    0.9988100      50.90
   1215.43225    0.9987400      50.89
   1215.43396    0.9985900      50.89
   1215.43567    0.9981800      50.87
   1215.43738    0.9977500      50.84
   1215.43909    0.9975800      50.83
   1215.44080    0.9976100      50.84
   1215.44250    0.9975800      50.83
   1215.44421    0.9974500      50.83
   1215.44592    0.9973500      50.82
   1215.44763    0.9973600      50.82
   1215.44934    0.9973500      50.82
   1215.45105    0.9972600      50.82
   1215.45276    0.9971000      50.81
   1215.45447    0.9969400      50.80
   1215.45618    0.9968100      50.79
   1215.45789    0.9969000      50.80
   1215.45947    0.9973500      50.82
   1215.46118    0.9979100      50.85
   1215.46289    0.9980900      50.86
   1215.46460    0.9977400      50.84
   1215.46631    0.9973800      50.82
   1215.46802    0.9975700      50.83
   1215.46973    0.9981200      50.86
   1215.47144    0.9983800      50.87
   1215.47314    0.9981600      50.86
   1215.47485    0.9979900      50.85
   1215.47656    0.9982400      50.86
   1215.47827    0.9984800      50.88
   1215.47998    0.9981800      50.86
   1215.48169    0.9975700      50.83
   1215.48340    0.9973800      50.82
   1215.48511    0.9978100      50.84
   1215.48682    0.9983100      50.87
   1215.48853    0.9984100      50.87
   1215.49023    0.9983200      50.87
   1215.49194    0.9984500      50.87
   1215.49365    0.9987200      50.89
   1215.49536    0.9988100      50.89
   1215.49707    0.9987800      50.89
   1215.49878    0.9989500      50.90
   1215.50049    0.9993400      50.92
   1215.50220    0.9995500      50.93
   1215.50391    0.9993800      50.92
   1215.50562    0.9990600      50.90
   1215.50732    0.9989000      50.90
   1215.50903    0.9987800      50.89
   1215.51074    0.9984300      50.87
   1215.51245    0.9977800      50.84
   1215.51416    0.9969700      50.80
   1215.51587    0.9960500      50.75
   1215.51758    0.9949300      50.69
   1215.51929    0.9934900      50.62
   1215.52100    0.9916500      50.52
   1215.52271    0.9893100      50.41
   1215.52429    0.9865000      50.26
   1215.52600    0.9834600      50.11
   1215.52771    0.9804400      49.95
   1215.52942    0.9774200      49.80
   1215.53113    0.9742300      49.64
   1215.53284    0.9709000      49.47
   1215.53455    0.9679000      49.31
   1215.53625    0.9658000      49.21
   1215.53796    0.9648700      49.16
   1215.53967    0.9650900      49.17
   1215.54138    0.9663600      49.23
   1215.54309    0.9685900      49.35
   1215.54480    0.9716200      49.50
   1215.54651    0.9751900      49.68
   1215.54822    0.9789600      49.88
   1215.54993    0.9825600      50.06
   1215.55164    0.9857300      50.22
   1215.55334    0.9883900      50.36
   1215.55505    0.9905900      50.47
   1215.55676    0.9923400      50.56
   1215.55847    0.9935600      50.62
   1215.56018    0.9942800      50.66
   1215.56189    0.9946800      50.68
   1215.56360    0.9948700      50.69
   1215.56531    0.9947100      50.68
   1215.56702    0.9939700      50.64
   1215.56873    0.9926900      50.57
   1215.57043    0.9913200      50.50
   1215.57214    0.9904400      50.46
   1215.57385    0.9903300      50.45
   1215.57556    0.9909600      50.48
   1215.57727    0.9920900      50.54
   1215.57898    0.9934200      50.61
   1215.58069    0.9946200      50.67
   1215.58240    0.9955000      50.72
   1215.58411    0.9961000      50.75
   1215.58582    0.9966100      50.77
   1215.58752    0.9971300      50.80
   1215.58923    0.9975300      50.82
   1215.59094    0.9976900      50.83
   1215.59265    0.9977300      50.83
   1215.59424    0.9978700      50.84
   1215.59595    0.9981800      50.85
   1215.59766    0.9985000      50.87
   1215.59937    0.9986600      50.88
   1215.60107    0.9986000      50.87
   1215.60278    0.9984200      50.86
   1215.60449    0.9982200      50.85
   1215.60620    0.9980700      50.84
   1215.60791    0.9980700      50.84
   1215.60962    0.9981900      50.85
   1215.61133    0.9983400      50.86
   1215.61304    0.9984100      50.86
   1215.61475    0.9984600      50.86
   1215.61646    0.9985400      50.87
   1215.61816    0.9985400      50.87
   1215.61987    0.9982900      50.85
   1215.62158    0.9979800      50.84
   1215.62329    0.9980400      50.84
   1215.62500    0.9985900      50.87
   1215.62671    0.9990600      50.89
   1215.62842    0.9988900      50.88
   1215.63013    0.9982800      50.85
   1215.63184    0.9980300      50.84
   1215.63354    0.9984800      50.86
   1215.63525    0.9990400      50.89
   1215.63696    0.9990000      50.89
   1215.63867    0.9984700      50.86
   1215.64038    0.9981700      50.85
   1215.64209    0.9984200      50.86
   1215.64380    0.9988400      50.88
   1215.64551    0.9989700      50.89
   1215.64722    0.9988300      50.88
   1215.64893    0.9986600      50.87
   1215.65063    0.9985200      50.86
   1215.65234    0.9982900      50.85
   1215.65405    0.9980200      50.84
   1215.65576    0.9978500      50.83
   1215.65747    0.9978800      50.83
   1215.65918    0.9980900      50.84
   1215.66089    0.9984200      50.86
   1215.66260    0.9987600      50.87
   1215.66431    0.9988800      50.88
   1215.66602    0.9985600      50.86
   1215.66772    0.9978900      50.83
   1215.66931    0.9973000      50.80
   1215.67102    0.9971200      50.79
   1215.67273    0.9973300      50.80
   1215.67444    0.9976400      50.82
   1215.67615    0.9977600      50.82
   1215.67786    0.9976700      50.82
   1215.67957    0.9975500      50.81
   1215.68127    0.9976500      50.82
   1215.68298    0.9979600      50.83
   1215.68469    0.9981100      50.84
   1215.68640    0.9978400      50.83
   1215.68811    0.9974200      50.80
   1215.68982    0.9974600      50.81
   1215.69153    0.9980700      50.84
   1215.69324    0.9986000      50.86
   1215.69495    0.9984600      50.86
   1215.69666    0.9979100      50.83
   1215.69836    0.9975800      50.81
   1215.70007    0.9974900      50.81
   1215.70178    0.9970400      50.78
   1215.70349    0.9960500      50.73
   1215.70520    0.9951200      50.69
   1215.70691    0.9948200      50.67
   1215.70862    0.9949200      50.67
   1215.71033    0.9948000      50.67
   1215.71204    0.9944100      50.65
   1215.71375    0.9942200      50.64
   1215.71545    0.9944000      50.65
   1215.71716    0.9946100      50.66
   1215.71887    0.9946900      50.66
   1215.72058    0.9949000      50.67
   1215.72229    0.9954600      50.70
   1215.72400    0.9960800      50.73
   1215.72571    0.9964100      50.75
   1215.72742    0.9965100      50.75
   1215.72913    0.9966000      50.76
   1215.73083    0.9965900      50.76
   1215.73254    0.9962300      50.74
   1215.73425    0.9956500      50.71
   1215.73596    0.9952700      50.69
   1215.73767    0.9952900      50.69
   1215.73938    0.9953600      50.69
   1215.74109    0.9952000      50.69
   1215.74280    0.9949400      50.67
   1215.74451    0.9948400      50.67
   1215.74622    0.9949100      50.67
   1215.74792    0.9949400      50.67
   1215.74951    0.9947500      50.66
   1215.75122    0.9944300      50.65
   1215.75293    0.9941000      50.63
   1215.75464    0.9939300      50.62
   1215.75635    0.9939700      50.62
   1215.75806    0.9941000      50.63
   1215.75977    0.9941200      50.63
   1215.76147    0.9941400      50.63
   1215.76318    0.9945100      50.65
   1215.76489    0.9954100      50.69
   1215.76660    0.9963700      50.74
   1215.76831    0.9967900      50.76
   1215.77002    0.9967400      50.76
   1215.77173    0.9968400      50.77
   1215.77344    0.9973900      50.79
   1215.77515    0.9980100      50.83
   1215.77686    0.9982400      50.84
   1215.77856    0.9982500      50.84
   1215.78027    0.9984200      50.85
   1215.78198    0.9986400      50.86
   1215.78369    0.9984800      50.85
   1215.78540    0.9978900      50.82
   1215.78711    0.9973700      50.79
   1215.78882    0.9972900      50.79
   1215.79053    0.9974900      50.80
   1215.79224    0.9976900      50.81
   1215.79395    0.9979400      50.82
   1215.79565    0.9983200      50.84
   1215.79736    0.9985500      50.85
   1215.79907    0.9982400      50.84
   1215.80078    0.9975400      50.80
   1215.80249    0.9970400      50.77
   1215.80420    0.9969900      50.77
   1215.80591    0.9970200      50.77
   1215.80762    0.9966900      50.76
   1215.80933    0.9960700      50.72
   1215.81104    0.9955200      50.70
   1215.81274    0.9952200      50.68
   1215.81445    0.9950900      50.67
   1215.81616    0.9951500      50.68
   1215.81787    0.9954900      50.69
   1215.81958    0.9959900      50.72
   1215.82129    0.9963200      50.74
   1215.82300    0.9963900      50.74
   1215.82471    0.9964500      50.74
   1215.82642    0.9968100      50.76
   1215.82812    0.9973600      50.79
   1215.82983    0.9977200      50.81
   1215.83154    0.9977200      50.81
   1215.83325    0.9975300      50.80
   1215.83496    0.9973900      50.79
   1215.83667    0.9973700      50.79
   1215.83838    0.9973200      50.79
   1215.83997    0.9970800      50.77
   1215.84167    0.9966600      50.75
   1215.84338    0.9963200      50.73
   1215.84509    0.9963200      50.73
   1215.84680    0.9966000      50.75
   1215.84851    0.9966900      50.75
   1215.85022    0.9962800      50.73
   1215.85193    0.9956600      50.70
   1215.85364    0.9954300      50.69
   1215.85535    0.9958000      50.71
   1215.85706    0.9963200      50.73
   1215.85876    0.9964600      50.74
   1215.86047    0.9961400      50.72
   1215.86218    0.9956600      50.70
   1215.86389    0.9952300      50.68
   1215.86560    0.9948700      50.66
   1215.86731    0.9945800      50.64
   1215.86902    0.9943800      50.63
   1215.87073    0.9941700      50.62
   1215.87244    0.9938000      50.60
   1215.87415    0.9933100      50.58
   1215.87585    0.9929300      50.56
   1215.87756    0.9926400      50.54
   1215.87927    0.9921000      50.52
   1215.88098    0.9910500      50.46
   1215.88269    0.9896500      50.39
   1215.88440    0.9883500      50.32
   1215.88611    0.9872800      50.27
   1215.88782    0.9860900      50.21
   1215.88953    0.9843300      50.12
   1215.89124    0.9819900      50.00
   1215.89294    0.9794700      49.87
   1215.89465    0.9770100      49.75
   1215.89636    0.9740800      49.60
   1215.89807    0.9697400      49.38
   1215.89978    0.9633900      49.05
   1215.90149    0.9550900      48.63
   1215.90320    0.9446900      48.10
   1215.90491    0.9310800      47.41
   1215.90662    0.9131300      46.49
   1215.90833    0.8920400      45.42
   1215.91003    0.8722800      44.41
   1215.91174    0.8594900      43.76
   1215.91345    0.8569700      43.63
   1215.91516    0.8640000      43.99
   1215.91687    0.8773000      44.67
   1215.91858    0.8935000      45.49
   1215.92029    0.9103100      46.35
   1215.92200    0.9261800      47.16
   1215.92371    0.9398400      47.85
   1215.92542    0.9506100      48.40
   1215.92712    0.9587200      48.81
   1215.92883    0.9650100      49.13
   1215.93054    0.9702400      49.40
   1215.93225    0.9745800      49.62
   1215.93396    0.9778900      49.79
   1215.93567    0.9801500      49.90
   1215.93738    0.9817400      49.98
   1215.93909    0.9831100      50.05
   1215.94067    0.9843700      50.12
   1215.94238    0.9854700      50.17
   1215.94409    0.9864800      50.22
   1215.94580    0.9876200      50.28
   1215.94751    0.9888300      50.34
   1215.94922    0.9897400      50.39
   1215.95093    0.9901600      50.41
   1215.95264    0.9903500      50.42
   1215.95435    0.9907100      50.44
   1215.95605    0.9912200      50.46
   1215.95776    0.9915800      50.48
   1215.95947    0.9917400      50.49
   1215.96118    0.9919400      50.50
   1215.96289    0.9922700      50.52
   1215.96460    0.9924700      50.53
   1215.96631    0.9924100      50.52
   1215.96802    0.9923300      50.52
   1215.96973    0.9924600      50.53
   1215.97144    0.9926200      50.53
   1215.97314    0.9925200      50.53
   1215.97485    0.9921400      50.51
   1215.97656    0.9916900      50.49
   1215.97827    0.9912400      50.46
   1215.97998    0.9907700      50.44
   1215.98169    0.9904400      50.42
   1215.98340    0.9904500      50.42
   1215.98511    0.9906200      50.43
   1215.98682    0.9904300      50.42
   1215.98853    0.9896500      50.38
   1215.99023    0.9885800      50.33
   1215.99194    0.9876300      50.28
   1215.99365    0.9867500      50.23
   1215.99536    0.9855300      50.17
   1215.99707    0.9837600      50.08
   1215.99878    0.9815100      49.97
   1216.00049    0.9788300      49.83
   1216.00220    0.9756600      49.67
   1216.00391    0.9719800      49.48
   1216.00562    0.9678400      49.27
   1216.00732    0.9631400      49.03
   1216.00903    0.9575400      48.75
   1216.01074    0.9510900      48.42
   1216.01245    0.9448600      48.10
   1216.01416    0.9406900      47.89
   1216.01587    0.9400900      47.86
   1216.01758    0.9432200      48.02
   1216.01929    0.9488500      48.30
   1216.02100    0.9553000      48.63
   1216.02271    0.9614000      48.94
   1216.02441    0.9667700      49.21
   1216.02612    0.9713100      49.45
   1216.02783    0.9748400      49.62
   1216.02954    0.9771700      49.74
   1216.03125    0.9785000      49.81
   1216.03296    0.9794100      49.86
   1216.03467    0.9803200      49.90
   1216.03638    0.9810600      49.94
   1216.03809    0.9810900      49.94
   1216.03979    0.9800800      49.89
   1216.04150    0.9781600      49.79
   1216.04321    0.9755100      49.66
   1216.04492    0.9721700      49.49
   1216.04663    0.9685300      49.30
   1216.04834    0.9656900      49.16
   1216.05005    0.9650000      49.12
   1216.05176    0.9667600      49.21
   1216.05347    0.9698700      49.37
   1216.05518    0.9727800      49.52
   1216.05688    0.9748000      49.62
   1216.05847    0.9762000      49.69
   1216.06018    0.9773000      49.75
   1216.06189    0.9777700      49.77
   1216.06360    0.9771900      49.74
   1216.06531    0.9756800      49.66
   1216.06702    0.9738400      49.57
   1216.06873    0.9719000      49.47
   1216.07043    0.9695000      49.35
   1216.07214    0.9662400      49.18
   1216.07385    0.9620900      48.97
   1216.07556    0.9571100      48.72
   1216.07727    0.9508900      48.40
   1216.07898    0.9428100      47.99
   1216.08069    0.9326700      47.47
   1216.08240    0.9207400      46.87
   1216.08411    0.9070100      46.17
   1216.08582    0.8909400      45.35
   1216.08752    0.8726900      44.42
   1216.08923    0.8546400      43.50
   1216.09094    0.8412100      42.82
   1216.09265    0.8364800      42.58
   1216.09436    0.8417000      42.84
   1216.09607    0.8547500      43.51
   1216.09778    0.8718700      44.38
   1216.09949    0.8897400      45.29
