   1296.00049    0.9692900      43.12
   1296.00244    0.9706100      43.18
   1296.00439    0.9723400      43.25
   1296.00635    0.9735600      43.31
   1296.00830    0.9742300      43.34
   1296.01013    0.9747400      43.36
   1296.01208    0.9751400      43.38
   1296.01404    0.9753100      43.39
   1296.01599    0.9752900      43.38
   1296.01794    0.9751800      43.38
   1296.01990    0.9748400      43.36
   1296.02185    0.9740900      43.33
   1296.02380    0.9731200      43.29
   1296.02576    0.9723600      43.25
   1296.02759    0.9720000      43.24
   1296.02954    0.9719900      43.24
   1296.03149    0.9722400      43.25
   1296.03345    0.9726600      43.27
   1296.03540    0.9729400      43.28
   1296.03735    0.9727100      43.27
   1296.03931    0.9719800      43.24
   1296.04126    0.9711900      43.20
   1296.04309    0.9706000      43.17
   1296.04504    0.9699900      43.15
   1296.04700    0.9690800      43.11
   1296.04895    0.9679600      43.06
   1296.05090    0.9670100      43.01
   1296.05286    0.9663300      42.98
   1296.05481    0.9655900      42.95
   1296.05676    0.9643200      42.89
   1296.05872    0.9623700      42.81
   1296.06055    0.9599300      42.70
   1296.06250    0.9572100      42.58
   1296.06445    0.9540000      42.43
   1296.06641    0.9497000      42.24
   1296.06836    0.9436800      41.97
   1296.07031    0.9357500      41.62
   1296.07227    0.9259500      41.19
   1296.07422    0.9142500      40.67
   1296.07617    0.9009300      40.07
   1296.07800    0.8875000      39.48
   1296.07996    0.8769400      39.01
   1296.08191    0.8723700      38.80
   1296.08386    0.8752600      38.93
   1296.08582    0.8846400      39.35
   1296.08777    0.8978700      39.94
   1296.08972    0.9119500      40.56
   1296.09167    0.9245500      41.12
   1296.09363    0.9345700      41.57
   1296.09546    0.9421500      41.90
   1296.09741    0.9479200      42.16
   1296.09937    0.9523500      42.36
   1296.10132    0.9556000      42.50
   1296.10327    0.9579600      42.61
   1296.10522    0.9598100      42.69
   1296.10718    0.9612800      42.75
   1296.10913    0.9621800      42.79
   1296.11108    0.9625800      42.81
   1296.11292    0.9629900      42.83
   1296.11487    0.9637400      42.86
   1296.11682    0.9646100      42.90
   1296.11877    0.9653200      42.93
   1296.12073    0.9660500      42.97
   1296.12268    0.9670900      43.01
   1296.12463    0.9682300      43.06
   1296.12659    0.9690500      43.10
   1296.12854    0.9696700      43.13
   1296.13037    0.9706500      43.17
   1296.13232    0.9719700      43.23
   1296.13428    0.9729200      43.27
   1296.13623    0.9731300      43.28
   1296.13818    0.9731400      43.28
   1296.14014    0.9735800      43.30
   1296.14209    0.9742300      43.33
   1296.14404    0.9744200      43.34
   1296.14600    0.9740400      43.32
   1296.14783    0.9734500      43.29
   1296.14978    0.9728600      43.27
   1296.15173    0.9720900      43.23
   1296.15369    0.9712500      43.20
   1296.15564    0.9706500      43.17
   1296.15759    0.9703100      43.15
   1296.15955    0.9698700      43.13
   1296.16150    0.9693400      43.11
   1296.16345    0.9692400      43.11
   1296.16528    0.9696800      43.12
   1296.16724    0.9700300      43.14
   1296.16919    0.9697400      43.13
   1296.17114    0.9694000      43.11
   1296.17310    0.9699500      43.14
   1296.17505    0.9712700      43.19
   1296.17700    0.9723100      43.24
   1296.17896    0.9726000      43.25
   1296.18091    0.9729000      43.27
   1296.18286    0.9739400      43.31
   1296.18469    0.9752300      43.37
   1296.18665    0.9756300      43.39
   1296.18860    0.9749600      43.36
   1296.19055    0.9741400      43.32
   1296.19250    0.9739300      43.31
   1296.19446    0.9741900      43.32
   1296.19641    0.9744400      43.33
   1296.19836    0.9746600      43.34
   1296.20032    0.9750500      43.36
   1296.20215    0.9753700      43.37
   1296.20410    0.9751400      43.36
   1296.20605    0.9743000      43.33
   1296.20801    0.9733500      43.28
   1296.20996    0.9726400      43.25
   1296.21191    0.9719600      43.22
   1296.21387    0.9709600      43.18
   1296.21582    0.9697000      43.12
   1296.21777    0.9686200      43.07
   1296.21960    0.9679200      43.04
   1296.22156    0.9673600      43.02
   1296.22351    0.9667500      42.99
   1296.22546    0.9662500      42.97
   1296.22742    0.9661900      42.96
   1296.22937    0.9666600      42.99
   1296.23132    0.9674200      43.02
   1296.23328    0.9682100      43.05
   1296.23523    0.9689100      43.09
   1296.23706    0.9694900      43.11
   1296.23901    0.9698100      43.13
   1296.24097    0.9698400      43.13
   1296.24292    0.9698200      43.13
   1296.24487    0.9700100      43.13
   1296.24683    0.9703900      43.15
   1296.24878    0.9705500      43.16
   1296.25073    0.9701300      43.14
   1296.25269    0.9692200      43.10
   1296.25464    0.9683300      43.06
   1296.25647    0.9678200      43.04
   1296.25842    0.9675200      43.02
   1296.26038    0.9669200      43.00
   1296.26233    0.9656600      42.94
   1296.26428    0.9638100      42.86
   1296.26624    0.9617400      42.76
   1296.26819    0.9596600      42.67
   1296.27014    0.9574000      42.57
   1296.27209    0.9546100      42.45
   1296.27393    0.9510300      42.29
   1296.27588    0.9465600      42.09
   1296.27783    0.9408500      41.83
   1296.27979    0.9331500      41.49
   1296.28174    0.9226900      41.03
   1296.28369    0.9091400      40.42
   1296.28564    0.8922000      39.67
   1296.28760    0.8709900      38.73
   1296.28955    0.8448200      37.56
   1296.29138    0.8157900      36.27
   1296.29333    0.7906100      35.15
   1296.29529    0.7781200      34.60
   1296.29724    0.7835200      34.84
   1296.29919    0.8042000      35.76
   1296.30115    0.8318000      36.98
   1296.30310    0.8584000      38.17
   1296.30505    0.8806200      39.15
   1296.30701    0.8985600      39.95
   1296.30896    0.9126200      40.58
   1296.31079    0.9227100      41.03
   1296.31274    0.9297000      41.34
   1296.31470    0.9357400      41.60
   1296.31665    0.9423100      41.90
   1296.31860    0.9487400      42.18
   1296.32056    0.9535400      42.40
   1296.32251    0.9565300      42.53
   1296.32446    0.9588800      42.63
   1296.32642    0.9613400      42.74
   1296.32825    0.9635300      42.84
   1296.33020    0.9650100      42.91
   1296.33215    0.9661200      42.95
   1296.33411    0.9674100      43.01
   1296.33606    0.9687900      43.07
   1296.33801    0.9698700      43.12
   1296.33997    0.9706500      43.16
   1296.34192    0.9713400      43.19
   1296.34387    0.9719300      43.21
   1296.34583    0.9723100      43.23
   1296.34766    0.9727200      43.25
   1296.34961    0.9733800      43.28
   1296.35156    0.9739000      43.30
   1296.35352    0.9736600      43.29
   1296.35547    0.9728200      43.25
   1296.35742    0.9723600      43.23
   1296.35938    0.9727400      43.25
   1296.36133    0.9733600      43.27
   1296.36328    0.9734200      43.28
   1296.36511    0.9729100      43.25
   1296.36707    0.9723700      43.23
   1296.36902    0.9720000      43.21
   1296.37097    0.9716400      43.20
   1296.37292    0.9713000      43.18
   1296.37488    0.9712400      43.18
   1296.37683    0.9715500      43.19
   1296.37878    0.9719900      43.21
   1296.38074    0.9724000      43.23
   1296.38269    0.9728800      43.25
   1296.38452    0.9735400      43.28
   1296.38647    0.9742300      43.31
   1296.38843    0.9746700      43.33
   1296.39038    0.9748000      43.34
   1296.39233    0.9748000      43.34
   1296.39429    0.9749700      43.34
   1296.39624    0.9753600      43.36
   1296.39819    0.9756500      43.37
   1296.40015    0.9754300      43.36
   1296.40198    0.9746800      43.33
   1296.40393    0.9737900      43.29
   1296.40588    0.9731700      43.26
   1296.40784    0.9729700      43.25
   1296.40979    0.9732300      43.27
   1296.41174    0.9737900      43.29
   1296.41370    0.9741000      43.30
   1296.41565    0.9735300      43.28
   1296.41760    0.9722200      43.22
   1296.41956    0.9709900      43.16
   1296.42139    0.9702100      43.13
   1296.42334    0.9692700      43.09
   1296.42529    0.9676500      43.02
   1296.42725    0.9658800      42.94
   1296.42920    0.9645300      42.88
   1296.43115    0.9630700      42.81
   1296.43311    0.9609000      42.72
   1296.43506    0.9587500      42.62
   1296.43701    0.9577300      42.57
   1296.43896    0.9573700      42.56
   1296.44080    0.9563800      42.51
   1296.44275    0.9551600      42.46
   1296.44470    0.9552200      42.46
   1296.44666    0.9559900      42.50
   1296.44861    0.9550600      42.45
   1296.45056    0.9522300      42.33
   1296.45251    0.9501700      42.24
   1296.45447    0.9493500      42.20
   1296.45642    0.9458500      42.04
   1296.45825    0.9373000      41.66
   1296.46021    0.9266900      41.19
   1296.46216    0.9144700      40.65
   1296.46411    0.8901700      39.57
   1296.46606    0.8426300      37.46
   1296.46802    0.7817600      34.75
   1296.46997    0.7410300      32.94
   1296.47192    0.7487800      33.28
   1296.47388    0.7994800      35.54
   1296.47583    0.8599600      38.23
   1296.47766    0.9024900      40.12
   1296.47961    0.9247500      41.11
   1296.48157    0.9386400      41.72
   1296.48352    0.9505000      42.25
   1296.48547    0.9582400      42.59
   1296.48743    0.9611300      42.72
   1296.48938    0.9629400      42.80
   1296.49133    0.9660300      42.94
   1296.49329    0.9685900      43.05
   1296.49524    0.9691500      43.08
   1296.49707    0.9692900      43.08
   1296.49902    0.9704600      43.14
   1296.50098    0.9715300      43.18
   1296.50293    0.9713900      43.18
   1296.50488    0.9711700      43.17
   1296.50684    0.9722200      43.21
   1296.50879    0.9735200      43.27
   1296.51074    0.9734800      43.27
   1296.51270    0.9727200      43.24
   1296.51465    0.9728700      43.24
   1296.51648    0.9738400      43.28
   1296.51843    0.9741500      43.30
   1296.52039    0.9737000      43.28
   1296.52234    0.9738700      43.29
   1296.52429    0.9749100      43.33
   1296.52625    0.9754200      43.35
   1296.52820    0.9746100      43.32
   1296.53015    0.9735900      43.27
   1296.53210    0.9734400      43.27
   1296.53406    0.9735300      43.27
   1296.53589    0.9728900      43.24
   1296.53784    0.9719600      43.20
   1296.53979    0.9718400      43.19
   1296.54175    0.9722900      43.21
   1296.54370    0.9721400      43.21
   1296.54565    0.9712500      43.17
   1296.54761    0.9708100      43.15
   1296.54956    0.9714200      43.17
   1296.55151    0.9720800      43.20
   1296.55347    0.9717600      43.19
   1296.55530    0.9708800      43.15
   1296.55725    0.9704900      43.13
   1296.55920    0.9704900      43.13
   1296.56116    0.9698800      43.11
   1296.56311    0.9684000      43.04
   1296.56506    0.9669600      42.98
   1296.56702    0.9661400      42.94
   1296.56897    0.9654300      42.91
   1296.57092    0.9642500      42.85
   1296.57288    0.9629800      42.80
   1296.57471    0.9622400      42.76
   1296.57666    0.9615900      42.74
   1296.57861    0.9600600      42.67
   1296.58057    0.9575300      42.56
   1296.58252    0.9545300      42.42
   1296.58447    0.9509100      42.26
   1296.58643    0.9458200      42.03
   1296.58838    0.9390800      41.73
   1296.59033    0.9311300      41.38
   1296.59229    0.9215100      40.95
   1296.59412    0.9086300      40.38
   1296.59607    0.8917900      39.63
   1296.59802    0.8715000      38.73
   1296.59998    0.8466000      37.62
   1296.60193    0.8138000      36.17
   1296.60388    0.7738300      34.39
   1296.60583    0.7378900      32.79
   1296.60779    0.7233200      32.14
   1296.60974    0.7395500      32.87
   1296.61169    0.7791600      34.63
   1296.61353    0.8245800      36.64
   1296.61548    0.8624200      38.33
   1296.61743    0.8899900      39.55
   1296.61938    0.9103200      40.45
   1296.62134    0.9255300      41.13
   1296.62329    0.9360600      41.60
   1296.62524    0.9430500      41.91
   1296.62720    0.9481700      42.14
   1296.62915    0.9519800      42.31
   1296.63110    0.9542700      42.41
   1296.63293    0.9557500      42.47
   1296.63489    0.9577800      42.56
   1296.63684    0.9605300      42.68
   1296.63879    0.9628100      42.79
   1296.64075    0.9639600      42.84
   1296.64270    0.9647700      42.87
   1296.64465    0.9661600      42.93
   1296.64661    0.9679100      43.01
   1296.64856    0.9692300      43.07
   1296.65051    0.9700500      43.11
   1296.65234    0.9708800      43.14
   1296.65430    0.9718800      43.19
   1296.65625    0.9727000      43.22
   1296.65820    0.9731700      43.24
   1296.66016    0.9735100      43.26
   1296.66211    0.9739100      43.28
   1296.66406    0.9741400      43.29
   1296.66602    0.9739500      43.28
   1296.66797    0.9734000      43.25
   1296.66992    0.9729900      43.24
   1296.67188    0.9731600      43.24
   1296.67371    0.9739800      43.28
   1296.67566    0.9749600      43.32
   1296.67761    0.9755100      43.35
   1296.67957    0.9755400      43.35
   1296.68152    0.9754600      43.34
   1296.68347    0.9756400      43.35
   1296.68542    0.9758900      43.36
   1296.68738    0.9758500      43.36
   1296.68933    0.9754800      43.35
   1296.69128    0.9750900      43.33
   1296.69312    0.9748400      43.32
   1296.69507    0.9745300      43.30
   1296.69702    0.9741200      43.28
   1296.69897    0.9738600      43.27
   1296.70093    0.9740000      43.28
   1296.70288    0.9743500      43.29
   1296.70483    0.9745400      43.30
   1296.70679    0.9744600      43.30
   1296.70874    0.9742900      43.29
   1296.71069    0.9742100      43.29
   1296.71252    0.9741900      43.29
   1296.71448    0.9741600      43.28
   1296.71643    0.9741200      43.28
   1296.71838    0.9740400      43.28
   1296.72034    0.9738400      43.27
   1296.72229    0.9735900      43.26
   1296.72424    0.9734700      43.25
   1296.72620    0.9735300      43.26
   1296.72815    0.9735800      43.26
   1296.73010    0.9734000      43.25
   1296.73206    0.9731600      43.24
   1296.73389    0.9731600      43.24
   1296.73584    0.9733400      43.25
   1296.73779    0.9732000      43.24
   1296.73975    0.9724800      43.21
   1296.74170    0.9716000      43.17
   1296.74365    0.9711500      43.15
   1296.74561    0.9711700      43.15
   1296.74756    0.9710800      43.15
   1296.74951    0.9706100      43.12
   1296.75146    0.9702300      43.11
   1296.75330    0.9704600      43.12
   1296.75525    0.9711300      43.15
   1296.75720    0.9715300      43.16
   1296.75916    0.9714600      43.16
   1296.76111    0.9713900      43.16
   1296.76306    0.9717400      43.17
   1296.76501    0.9722900      43.20
   1296.76697    0.9725700      43.21
   1296.76892    0.9725300      43.21
   1296.77087    0.9724600      43.21
   1296.77283    0.9725700      43.21
   1296.77466    0.9727700      43.22
   1296.77661    0.9730600      43.23
   1296.77856    0.9734700      43.25
   1296.78052    0.9738500      43.27
   1296.78247    0.9738400      43.27
   1296.78442    0.9733700      43.24
   1296.78638    0.9728900      43.22
   1296.78833    0.9727800      43.22
   1296.79028    0.9729000      43.22
   1296.79224    0.9728000      43.22
   1296.79407    0.9724000      43.20
   1296.79602    0.9721300      43.19
   1296.79797    0.9722700      43.19
   1296.79993    0.9725700      43.21
   1296.80188    0.9725900      43.21
   1296.80383    0.9723100      43.20
   1296.80579    0.9720700      43.19
   1296.80774    0.9720400      43.18
   1296.80969    0.9719700      43.18
   1296.81165    0.9716600      43.17
   1296.81360    0.9713700      43.15
   1296.81543    0.9715700      43.16
   1296.81738    0.9722800      43.19
   1296.81934    0.9730300      43.23
   1296.82129    0.9733800      43.24
   1296.82324    0.9734000      43.24
   1296.82520    0.9733000      43.24
   1296.82715    0.9729900      43.22
   1296.82910    0.9722600      43.19
   1296.83105    0.9712800      43.15
   1296.83301    0.9706300      43.12
   1296.83496    0.9705500      43.12
   1296.83679    0.9706500      43.12
   1296.83875    0.9704600      43.11
   1296.84070    0.9701000      43.10
   1296.84265    0.9701200      43.10
   1296.84460    0.9706600      43.12
   1296.84656    0.9711900      43.14
   1296.84851    0.9711700      43.14
   1296.85046    0.9706400      43.12
   1296.85242    0.9699600      43.09
   1296.85437    0.9693000      43.06
   1296.85620    0.9685500      43.03
   1296.85815    0.9676800      42.99
   1296.86011    0.9668500      42.95
   1296.86206    0.9661400      42.92
   1296.86401    0.9655100      42.89
   1296.86597    0.9649400      42.86
   1296.86792    0.9646000      42.85
   1296.86987    0.9645700      42.85
   1296.87183    0.9645700      42.85
   1296.87378    0.9642200      42.83
   1296.87573    0.9634500      42.80
   1296.87756    0.9625400      42.76
   1296.87952    0.9616600      42.72
   1296.88147    0.9607100      42.68
   1296.88342    0.9595400      42.62
   1296.88538    0.9583100      42.57
   1296.88733    0.9573400      42.53
   1296.88928    0.9567600      42.50
   1296.89124    0.9562600      42.48
   1296.89319    0.9554200      42.44
   1296.89514    0.9540300      42.38
   1296.89709    0.9522700      42.30
   1296.89893    0.9505200      42.22
   1296.90088    0.9490100      42.15
   1296.90283    0.9475600      42.09
   1296.90479    0.9458000      42.01
   1296.90674    0.9435500      41.91
   1296.90869    0.9409900      41.80
   1296.91064    0.9382500      41.68
   1296.91260    0.9351000      41.54
   1296.91455    0.9312300      41.36
   1296.91650    0.9267000      41.16
   1296.91846    0.9218000      40.94
   1296.92029    0.9165500      40.71
   1296.92224    0.9106000      40.45
   1296.92419    0.9037200      40.14
   1296.92615    0.8958500      39.79
   1296.92810    0.8864300      39.37
   1296.93005    0.8743100      38.83
   1296.93201    0.8586000      38.14
   1296.93396    0.8392600      37.28
   1296.93591    0.8159900      36.24
   1296.93787    0.7874700      34.98
   1296.93982    0.7534300      33.46
   1296.94165    0.7177600      31.88
   1296.94360    0.6876100      30.54
   1296.94556    0.6674000      29.64
   1296.94751    0.6539100      29.04
   1296.94946    0.6386100      28.36
   1296.95142    0.6146800      27.30
   1296.95337    0.5811800      25.81
   1296.95532    0.5413700      24.05
   1296.95728    0.4997800      22.20
   1296.95923    0.4623600      20.54
   1296.96118    0.4371900      19.42
   1296.96301    0.4316100      19.17
   1296.96497    0.4476800      19.88
   1296.96692    0.4811200      21.37
   1296.96887    0.5249900      23.32
   1296.97083    0.5735000      25.47
   1296.97278    0.6224900      27.65
   1296.97473    0.6684900      29.69
   1296.97668    0.7091100      31.49
   1296.97864    0.7439700      33.04
   1296.98059    0.7740000      34.38
   1296.98254    0.7996500      35.52
   1296.98438    0.8206600      36.45
   1296.98633    0.8374600      37.19
   1296.98828    0.8516600      37.82
   1296.99023    0.8646000      38.40
   1296.99219    0.8761600      38.91
   1296.99414    0.8855100      39.33
   1296.99609    0.8926200      39.64
   1296.99805    0.8982800      39.89
   1297.00000    0.9031000      40.11
   1297.00195    0.9070800      40.29
   1297.00391    0.9101700      40.42
   1297.00586    0.9126900      40.53
   1297.00769    0.9150500      40.64
   1297.00964    0.9173700      40.74
   1297.01160    0.9196000      40.84
   1297.01355    0.9217000      40.93
   1297.01550    0.9236300      41.02
   1297.01746    0.9254500      41.10
   1297.01941    0.9274600      41.19
   1297.02136    0.9300500      41.30
   1297.02332    0.9330700      41.44
   1297.02527    0.9357300      41.56
   1297.02722    0.9373300      41.63
   1297.02905    0.9380000      41.66
   1297.03101    0.9383300      41.67
   1297.03296    0.9385200      41.68
   1297.03491    0.9382600      41.67
   1297.03687    0.9374100      41.63
   1297.03882    0.9363600      41.58
   1297.04077    0.9354600      41.54
   1297.04272    0.9344500      41.50
   1297.04468    0.9327300      41.42
   1297.04663    0.9302000      41.31
   1297.04858    0.9273800      41.18
   1297.05042    0.9247900      41.07
   1297.05237    0.9223100      40.96
   1297.05432    0.9194100      40.83
   1297.05627    0.9157000      40.66
   1297.05823    0.9113500      40.47
   1297.06018    0.9067600      40.27
   1297.06213    0.9020500      40.06
   1297.06409    0.8967200      39.82
   1297.06604    0.8899700      39.52
   1297.06799    0.8811900      39.13
   1297.06995    0.8699700      38.63
   1297.07190    0.8557300      38.00
   1297.07373    0.8373400      37.18
   1297.07568    0.8135600      36.13
   1297.07764    0.7836000      34.80
   1297.07959    0.7470000      33.17
   1297.08154    0.7034500      31.24
   1297.08350    0.6539300      29.04
   1297.08545    0.6031400      26.78
   1297.08740    0.5606200      24.89
   1297.08936    0.5377500      23.88
   1297.09131    0.5417000      24.05
   1297.09326    0.5709700      25.35
   1297.09509    0.6165700      27.38
   1297.09705    0.6674900      29.64
   1297.09900    0.7159400      31.79
   1297.10095    0.7585900      33.69
   1297.10291    0.7948000      35.29
   1297.10486    0.8247300      36.62
   1297.10681    0.8488400      37.69
   1297.10876    0.8681100      38.55
   1297.11072    0.8836300      39.24
   1297.11267    0.8961800      39.79
   1297.11462    0.9061900      40.24
   1297.11658    0.9142200      40.59
   1297.11841    0.9210600      40.90
   1297.12036    0.9271300      41.17
   1297.12231    0.9323000      41.40
   1297.12427    0.9363100      41.58
   1297.12622    0.9393400      41.71
   1297.12817    0.9419200      41.82
   1297.13013    0.9445500      41.94
   1297.13208    0.9474000      42.07
   1297.13403    0.9503400      42.20
   1297.13599    0.9530500      42.32
   1297.13794    0.9552200      42.41
   1297.13977    0.9568200      42.48
   1297.14172    0.9581200      42.54
   1297.14368    0.9593600      42.60
   1297.14563    0.9604200      42.64
   1297.14758    0.9611300      42.68
   1297.14954    0.9617100      42.70
   1297.15149    0.9626400      42.74
   1297.15344    0.9639100      42.80
   1297.15540    0.9649200      42.84
   1297.15735    0.9652000      42.86
   1297.15930    0.9650600      42.85
   1297.16125    0.9651200      42.85
   1297.16309    0.9655900      42.87
   1297.16504    0.9661200      42.90
   1297.16699    0.9665200      42.91
   1297.16895    0.9668900      42.93
   1297.17090    0.9673100      42.95
   1297.17285    0.9676000      42.96
   1297.17480    0.9676900      42.97
   1297.17676    0.9678900      42.97
   1297.17871    0.9684900      43.00
   1297.18066    0.9693500      43.04
   1297.18262    0.9700400      43.07
   1297.18457    0.9703200      43.08
   1297.18640    0.9702500      43.08
   1297.18835    0.9700400      43.07
   1297.19031    0.9698300      43.06
   1297.19226    0.9697500      43.06
   1297.19421    0.9698700      43.06
   1297.19617    0.9701000      43.07
   1297.19812    0.9703200      43.08
   1297.20007    0.9706300      43.09
   1297.20203    0.9711700      43.12
   1297.20398    0.9719100      43.15
   1297.20593    0.9726400      43.18
   1297.20789    0.9731900      43.21
   1297.20972    0.9735400      43.22
   1297.21167    0.9735500      43.22
   1297.21362    0.9731000      43.20
   1297.21558    0.9724500      43.17
   1297.21753    0.9722700      43.17
   1297.21948    0.9727900      43.19
   1297.22144    0.9734400      43.22
   1297.22339    0.9734400      43.22
   1297.22534    0.9728800      43.19
   1297.22729    0.9726400      43.18
   1297.22925    0.9732000      43.21
   1297.23108    0.9740300      43.24
   1297.23303    0.9744100      43.26
   1297.23499    0.9743400      43.26
   1297.23694    0.9744400      43.26
   1297.23889    0.9749800      43.28
   1297.24084    0.9755600      43.31
   1297.24280    0.9757300      43.32
   1297.24475    0.9755500      43.31
   1297.24670    0.9753800      43.30
   1297.24866    0.9753700      43.30
   1297.25061    0.9754600      43.30
   1297.25256    0.9755400      43.31
   1297.25452    0.9754400      43.30
   1297.25635    0.9750200      43.28
   1297.25830    0.9743400      43.25
   1297.26025    0.9738600      43.23
   1297.26221    0.9739200      43.24
   1297.26416    0.9743100      43.25
   1297.26611    0.9745100      43.26
   1297.26807    0.9744100      43.26
   1297.27002    0.9744100      43.26
   1297.27197    0.9747500      43.27
   1297.27393    0.9752100      43.29
   1297.27588    0.9754200      43.30
   1297.27783    0.9752200      43.29
   1297.27966    0.9746000      43.26
   1297.28162    0.9735200      43.22
   1297.28357    0.9723700      43.17
   1297.28552    0.9720300      43.15
   1297.28748    0.9730200      43.19
   1297.28943    0.9746300      43.27
   1297.29138    0.9755700      43.31
   1297.29333    0.9754700      43.30
   1297.29529    0.9751300      43.29
   1297.29724    0.9753100      43.29
   1297.29919    0.9757100      43.31
   1297.30115    0.9757900      43.32
   1297.30298    0.9757200      43.31
   1297.30493    0.9760200      43.33
   1297.30688    0.9766000      43.35
   1297.30884    0.9768400      43.36
   1297.31079    0.9766100      43.35
   1297.31274    0.9764300      43.34
   1297.31470    0.9765200      43.35
   1297.31665    0.9764500      43.34
   1297.31860    0.9760000      43.32
   1297.32056    0.9755200      43.30
   1297.32251    0.9750700      43.28
   1297.32446    0.9738600      43.23
   1297.32629    0.9714900      43.12
   1297.32825    0.9691200      43.02
   1297.33020    0.9685800      42.99
   1297.33215    0.9701300      43.06
   1297.33411    0.9722500      43.16
   1297.33606    0.9735300      43.21
   1297.33801    0.9741600      43.24
   1297.33997    0.9748600      43.27
   1297.34192    0.9754200      43.30
   1297.34387    0.9749800      43.28
   1297.34583    0.9735000      43.21
   1297.34778    0.9718700      43.14
   1297.34961    0.9706200      43.08
   1297.35156    0.9694800      43.03
   1297.35352    0.9682200      42.98
   1297.35547    0.9673800      42.94
   1297.35742    0.9675400      42.95
   1297.35938    0.9685500      42.99
   1297.36133    0.9698400      43.05
   1297.36328    0.9711400      43.10
   1297.36523    0.9725300      43.17
   1297.36719    0.9738300      43.22
   1297.36914    0.9746700      43.26
   1297.37109    0.9750700      43.28
   1297.37305    0.9754000      43.29
   1297.37488    0.9759100      43.32
   1297.37683    0.9763900      43.34
   1297.37878    0.9766900      43.35
   1297.38074    0.9769500      43.36
   1297.38269    0.9772100      43.37
   1297.38464    0.9771700      43.37
   1297.38660    0.9766600      43.35
   1297.38855    0.9761000      43.32
   1297.39050    0.9760200      43.32
   1297.39246    0.9763700      43.33
   1297.39441    0.9765400      43.34
   1297.39636    0.9762800      43.33
   1297.39819    0.9760600      43.32
   1297.40015    0.9763400      43.33
   1297.40210    0.9768800      43.36
   1297.40405    0.9770600      43.36
   1297.40601    0.9767600      43.35
   1297.40796    0.9765200      43.34
   1297.40991    0.9766800      43.35
   1297.41187    0.9769200      43.36
   1297.41382    0.9766800      43.35
   1297.41577    0.9759500      43.31
   1297.41772    0.9754200      43.29
   1297.41968    0.9755700      43.30
   1297.42163    0.9761500      43.32
   1297.42346    0.9765100      43.34
   1297.42542    0.9764700      43.34
   1297.42737    0.9764600      43.34
   1297.42932    0.9767900      43.35
   1297.43127    0.9771500      43.37
   1297.43323    0.9770300      43.36
   1297.43518    0.9763600      43.33
   1297.43713    0.9754800      43.29
   1297.43909    0.9746300      43.25
   1297.44104    0.9737600      43.22
   1297.44299    0.9728800      43.18
   1297.44495    0.9721900      43.15
   1297.44690    0.9717900      43.13
   1297.44873    0.9714500      43.11
   1297.45068    0.9710500      43.09
   1297.45264    0.9708000      43.08
   1297.45459    0.9708500      43.09
   1297.45654    0.9708400      43.09
   1297.45850    0.9702900      43.06
   1297.46045    0.9693200      43.02
   1297.46240    0.9685300      42.98
   1297.46436    0.9681800      42.97
   1297.46631    0.9679700      42.96
   1297.46826    0.9676000      42.94
   1297.47021    0.9672300      42.92
   1297.47217    0.9669600      42.91
   1297.47400    0.9664200      42.89
   1297.47595    0.9652800      42.84
   1297.47791    0.9638300      42.77
   1297.47986    0.9626200      42.72
   1297.48181    0.9615200      42.67
   1297.48376    0.9598200      42.59
   1297.48572    0.9573500      42.48
   1297.48767    0.9549800      42.38
   1297.48962    0.9537100      42.32
   1297.49158    0.9537400      42.32
   1297.49353    0.9546400      42.36
   1297.49548    0.9561600      42.43
   1297.49744    0.9582800      42.52
   1297.49927    0.9607400      42.63
   1297.50122    0.9630100      42.73
   1297.50317    0.9647500      42.81
   1297.50513    0.9660200      42.87
   1297.50708    0.9669500      42.91
   1297.50903    0.9675400      42.93
   1297.51099    0.9679600      42.95
   1297.51294    0.9684900      42.98
   1297.51489    0.9691200      43.00
   1297.51685    0.9694100      43.02
   1297.51880    0.9690900      43.00
   1297.52075    0.9685700      42.98
   1297.52271    0.9683900      42.97
   1297.52454    0.9684900      42.98
   1297.52649    0.9683300      42.97
   1297.52844    0.9677000      42.94
   1297.53040    0.9669700      42.91
   1297.53235    0.9663700      42.88
   1297.53430    0.9656200      42.85
   1297.53625    0.9643700      42.79
   1297.53821    0.9628400      42.72
   1297.54016    0.9615400      42.67
   1297.54211    0.9605700      42.62
   1297.54407    0.9595900      42.58
   1297.54602    0.9583800      42.53
   1297.54797    0.9570000      42.46
   1297.54980    0.9553800      42.39
   1297.55176    0.9529200      42.28
   1297.55371    0.9488500      42.10
   1297.55566    0.9428400      41.84
   1297.55762    0.9349500      41.49
   1297.55957    0.9252900      41.06
   1297.56152    0.9135400      40.54
   1297.56348    0.8989800      39.89
   1297.56543    0.8808100      39.08
   1297.56738    0.8586500      38.10
   1297.56934    0.8328500      36.95
   1297.57129    0.8043500      35.69
   1297.57324    0.7741200      34.35
   1297.57507    0.7428400      32.96
   1297.57703    0.7113100      31.56
   1297.57898    0.6807000      30.20
   1297.58093    0.6521400      28.94
   1297.58289    0.6259900      27.78
   1297.58484    0.6022300      26.72
   1297.58679    0.5818100      25.81
   1297.58875    0.5670800      25.16
   1297.59070    0.5603600      24.86
   1297.59265    0.5619800      24.93
   1297.59460    0.5700900      25.29
   1297.59656    0.5820700      25.83
   1297.59851    0.5959300      26.44
   1297.60034    0.6105400      27.09
   1297.60229    0.6253900      27.75
   1297.60425    0.6405900      28.42
   1297.60620    0.6568800      29.14
   1297.60815    0.6752100      29.96
   1297.61011    0.6961700      30.89
   1297.61206    0.7199500      31.94
   1297.61401    0.7464600      33.12
   1297.61597    0.7750100      34.39
   1297.61792    0.8041700      35.68
   1297.61987    0.8321900      36.92
   1297.62183    0.8578600      38.06
   1297.62378    0.8805700      39.07
   1297.62573    0.8998400      39.92
   1297.62756    0.9153300      40.61
   1297.62952    0.9274000      41.15
   1297.63147    0.9370900      41.58
   1297.63342    0.9451100      41.93
   1297.63538    0.9513400      42.21
   1297.63733    0.9555800      42.40
   1297.63928    0.9583900      42.52
   1297.64124    0.9608000      42.63
   1297.64319    0.9631900      42.73
   1297.64514    0.9651800      42.82
   1297.64709    0.9665300      42.88
   1297.64905    0.9676100      42.93
   1297.65100    0.9686600      42.97
   1297.65295    0.9693600      43.01
   1297.65479    0.9694100      43.01
   1297.65674    0.9692400      43.00
   1297.65869    0.9695800      43.01
   1297.66064    0.9705400      43.06
   1297.66260    0.9715300      43.10
   1297.66455    0.9720600      43.12
   1297.66650    0.9722100      43.13
   1297.66846    0.9722800      43.13
   1297.67041    0.9723500      43.14
   1297.67236    0.9724300      43.14
   1297.67432    0.9726100      43.15
   1297.67627    0.9728600      43.16
   1297.67822    0.9729500      43.16
   1297.68005    0.9727700      43.15
   1297.68201    0.9725000      43.14
   1297.68396    0.9723600      43.14
   1297.68591    0.9723600      43.14
   1297.68787    0.9724900      43.14
   1297.68982    0.9728200      43.16
   1297.69177    0.9732900      43.18
   1297.69373    0.9735500      43.19
   1297.69568    0.9734000      43.18
   1297.69763    0.9732200      43.17
   1297.69958    0.9735100      43.19
   1297.70154    0.9741600      43.22
   1297.70349    0.9745900      43.23
   1297.70544    0.9746100      43.23
   1297.70728    0.9746900      43.24
   1297.70923    0.9751600      43.26
   1297.71118    0.9756400      43.28
   1297.71313    0.9756700      43.28
   1297.71509    0.9754100      43.27
   1297.71704    0.9753900      43.27
   1297.71899    0.9756500      43.28
   1297.72095    0.9756400      43.28
   1297.72290    0.9750800      43.25
   1297.72485    0.9743100      43.22
   1297.72681    0.9737000      43.19
   1297.72876    0.9731600      43.17
   1297.73071    0.9725100      43.14
   1297.73267    0.9719800      43.12
   1297.73450    0.9719700      43.12
   1297.73645    0.9724300      43.14
   1297.73840    0.9728700      43.16
   1297.74036    0.9730800      43.16
   1297.74231    0.9733300      43.18
   1297.74426    0.9738300      43.20
   1297.74622    0.9742800      43.22
   1297.74817    0.9743000      43.22
   1297.75012    0.9740600      43.21
   1297.75208    0.9741000      43.21
   1297.75403    0.9745600      43.23
   1297.75598    0.9749600      43.25
   1297.75793    0.9748200      43.24
   1297.75989    0.9744500      43.22
   1297.76172    0.9745100      43.23
   1297.76367    0.9750900      43.25
   1297.76562    0.9754700      43.27
   1297.76758    0.9751000      43.25
   1297.76953    0.9744300      43.22
   1297.77148    0.9743400      43.22
   1297.77344    0.9750300      43.25
   1297.77539    0.9757800      43.28
   1297.77734    0.9760100      43.29
   1297.77930    0.9759400      43.29
   1297.78125    0.9760500      43.29
   1297.78320    0.9763300      43.31
   1297.78516    0.9763700      43.31
   1297.78711    0.9760000      43.29
   1297.78906    0.9753900      43.26
   1297.79089    0.9745400      43.23
   1297.79285    0.9733100      43.17
   1297.79480    0.9720000      43.11
   1297.79675    0.9715100      43.09
   1297.79871    0.9722900      43.13
   1297.80066    0.9736800      43.19
   1297.80261    0.9746100      43.23
   1297.80457    0.9748800      43.24
   1297.80652    0.9752100      43.25
   1297.80847    0.9760400      43.29
   1297.81042    0.9768500      43.33
   1297.81238    0.9769800      43.33
   1297.81433    0.9765300      43.31
   1297.81628    0.9761600      43.30
   1297.81812    0.9761400      43.29
   1297.82007    0.9760800      43.29
   1297.82202    0.9756600      43.27
   1297.82397    0.9751600      43.25
   1297.82593    0.9750700      43.25
   1297.82788    0.9754200      43.26
   1297.82983    0.9757400      43.28
   1297.83179    0.9756200      43.27
   1297.83374    0.9751900      43.25
   1297.83569    0.9748300      43.24
   1297.83765    0.9747300      43.23
   1297.83960    0.9746800      43.23
   1297.84155    0.9744700      43.22
   1297.84351    0.9742400      43.21
   1297.84546    0.9742800      43.21
   1297.84729    0.9745400      43.22
   1297.84924    0.9744700      43.22
   1297.85120    0.9737200      43.19
   1297.85315    0.9726400      43.14
   1297.85510    0.9719800      43.11
   1297.85706    0.9719900      43.11
   1297.85901    0.9722800      43.12
   1297.86096    0.9723300      43.12
   1297.86292    0.9721300      43.11
   1297.86487    0.9718700      43.10
   1297.86682    0.9715100      43.09
   1297.86877    0.9708200      43.06
   1297.87073    0.9698600      43.01
   1297.87268    0.9689900      42.97
   1297.87451    0.9683800      42.95
   1297.87646    0.9677700      42.92
   1297.87842    0.9668900      42.88
   1297.88037    0.9658400      42.83
   1297.88232    0.9647900      42.79
   1297.88428    0.9635200      42.73
   1297.88623    0.9617200      42.65
   1297.88818    0.9594200      42.55
   1297.89014    0.9569800      42.44
   1297.89209    0.9545200      42.33
   1297.89404    0.9516200      42.20
   1297.89600    0.9478900      42.04
   1297.89795    0.9433400      41.83
   1297.89990    0.9380500      41.60
   1297.90186    0.9316700      41.32
   1297.90369    0.9236100      40.96
   1297.90564    0.9135800      40.51
   1297.90759    0.9017000      39.99
   1297.90955    0.8882900      39.39
   1297.91150    0.8740500      38.76
   1297.91345    0.8607600      38.17
   1297.91541    0.8513200      37.75
   1297.91736    0.8483200      37.62
   1297.91931    0.8524800      37.80
   1297.92126    0.8623800      38.24
   1297.92322    0.8754700      38.82
   1297.92517    0.8892800      39.44
   1297.92712    0.9020600      40.00
   1297.92908    0.9129500      40.48
   1297.93103    0.9219300      40.88
   1297.93286    0.9294300      41.22
   1297.93481    0.9356600      41.49
   1297.93677    0.9404700      41.70
   1297.93872    0.9439700      41.86
   1297.94067    0.9468100      41.99
   1297.94263    0.9496700      42.11
   1297.94458    0.9524700      42.24
   1297.94653    0.9547100      42.34
   1297.94849    0.9563500      42.41
   1297.95044    0.9580100      42.48
   1297.95239    0.9600700      42.57
   1297.95435    0.9621200      42.66
   1297.95630    0.9635700      42.73
   1297.95825    0.9645900      42.77
   1297.96021    0.9658900      42.83
   1297.96204    0.9676800      42.91
   1297.96399    0.9694200      42.99
   1297.96594    0.9705100      43.03
   1297.96790    0.9709900      43.06
   1297.96985    0.9713100      43.07
   1297.97180    0.9717200      43.09
   1297.97375    0.9721500      43.11
   1297.97571    0.9725800      43.13
   1297.97766    0.9730300      43.15
   1297.97961    0.9732700      43.16
   1297.98157    0.9730300      43.15
   1297.98352    0.9724500      43.12
   1297.98547    0.9721400      43.11
   1297.98743    0.9724900      43.12
   1297.98938    0.9732900      43.16
   1297.99133    0.9740600      43.19
   1297.99316    0.9746800      43.22
   1297.99512    0.9754200      43.25
   1297.99707    0.9763900      43.29
   1297.99902    0.9772400      43.33
   1298.00098    0.9775500      43.34
   1298.00293    0.9773300      43.33
   1298.00488    0.9769500      43.32
   1298.00684    0.9767000      43.31
   1298.00879    0.9766400      43.30
   1298.01074    0.9766200      43.30
   1298.01270    0.9765800      43.30
   1298.01465    0.9765500      43.30
   1298.01660    0.9766200      43.30
   1298.01855    0.9768300      43.31
   1298.02051    0.9771100      43.32
   1298.02234    0.9773500      43.33
   1298.02429    0.9774800      43.34
   1298.02625    0.9776000      43.34
   1298.02820    0.9778600      43.36
   1298.03015    0.9782600      43.37
   1298.03210    0.9786400      43.39
   1298.03406    0.9787400      43.39
   1298.03601    0.9785200      43.38
   1298.03796    0.9781500      43.37
   1298.03992    0.9778300      43.35
   1298.04187    0.9776200      43.34
   1298.04382    0.9774900      43.34
   1298.04578    0.9774400      43.34
   1298.04773    0.9775300      43.34
   1298.04968    0.9777600      43.35
   1298.05164    0.9779500      43.36
   1298.05347    0.9779000      43.36
   1298.05542    0.9775700      43.34
   1298.05737    0.9771600      43.32
   1298.05933    0.9769300      43.31
   1298.06128    0.9770000      43.32
   1298.06323    0.9772200      43.33
   1298.06519    0.9773300      43.33
   1298.06714    0.9770800      43.32
   1298.06909    0.9763700      43.29
   1298.07104    0.9752500      43.24
   1298.07300    0.9739700      43.18
   1298.07495    0.9728500      43.13
   1298.07690    0.9721100      43.10
   1298.07886    0.9717800      43.08
   1298.08081    0.9716300      43.08
   1298.08276    0.9714200      43.07
   1298.08459    0.9711200      43.05
   1298.08655    0.9709400      43.05
   1298.08850    0.9710500      43.05
   1298.09045    0.9714300      43.07
   1298.09241    0.9719600      43.09
   1298.09436    0.9726300      43.12
   1298.09631    0.9735200      43.16
   1298.09827    0.9745500      43.20
   1298.10022    0.9753900      43.24
   1298.10217    0.9758600      43.26
   1298.10413    0.9761300      43.27
   1298.10608    0.9764500      43.29
   1298.10803    0.9767800      43.30
   1298.10999    0.9768700      43.31
   1298.11194    0.9767400      43.30
   1298.11389    0.9767100      43.30
   1298.11572    0.9769300      43.31
   1298.11768    0.9772100      43.32
   1298.11963    0.9772800      43.32
   1298.12158    0.9772400      43.32
   1298.12354    0.9774200      43.33
   1298.12549    0.9778000      43.35
   1298.12744    0.9780400      43.36
   1298.12939    0.9779200      43.35
   1298.13135    0.9775800      43.34
   1298.13330    0.9773700      43.33
   1298.13525    0.9774400      43.33
   1298.13721    0.9776900      43.34
   1298.13916    0.9779600      43.35
   1298.14111    0.9781300      43.36
   1298.14307    0.9781500      43.36
   1298.14502    0.9780500      43.36
   1298.14685    0.9779400      43.35
   1298.14880    0.9778400      43.35
   1298.15076    0.9776300      43.34
   1298.15271    0.9772100      43.32
   1298.15466    0.9766500      43.29
   1298.15662    0.9762100      43.27
   1298.15857    0.9760900      43.27
   1298.16052    0.9763100      43.28
   1298.16248    0.9767000      43.30
   1298.16443    0.9770400      43.31
   1298.16638    0.9771500      43.31
   1298.16833    0.9770500      43.31
   1298.17029    0.9768900      43.30
   1298.17224    0.9768300      43.30
   1298.17419    0.9768000      43.30
   1298.17615    0.9766100      43.29
   1298.17810    0.9760500      43.27
   1298.17993    0.9749700      43.22
   1298.18188    0.9733400      43.14
   1298.18384    0.9713200      43.06
   1298.18579    0.9691700      42.96
   1298.18774    0.9669700      42.86
   1298.18970    0.9645100      42.75
   1298.19165    0.9615300      42.62
   1298.19360    0.9580200      42.46
   1298.19556    0.9541400      42.29
   1298.19751    0.9500600      42.11
   1298.19946    0.9461500      41.94
   1298.20142    0.9433400      41.81
   1298.20337    0.9427500      41.79
   1298.20532    0.9447200      41.87
   1298.20728    0.9483200      42.03
   1298.20923    0.9522200      42.21
   1298.21106    0.9558700      42.37
   1298.21301    0.9595300      42.53
   1298.21497    0.9633200      42.70
   1298.21692    0.9666600      42.85
   1298.21887    0.9688900      42.94
   1298.22083    0.9701000      43.00
   1298.22278    0.9708900      43.03
   1298.22473    0.9717200      43.07
   1298.22668    0.9725600      43.11
   1298.22864    0.9733600      43.14
   1298.23059    0.9741400      43.18
   1298.23254    0.9747700      43.20
   1298.23450    0.9748700      43.21
   1298.23645    0.9743400      43.19
   1298.23840    0.9737600      43.16
   1298.24036    0.9739000      43.17
   1298.24231    0.9747800      43.20
   1298.24414    0.9755900      43.24
   1298.24609    0.9756900      43.24
   1298.24805    0.9754000      43.23
   1298.25000    0.9754500      43.23
   1298.25195    0.9759000      43.25
   1298.25391    0.9761400      43.26
   1298.25586    0.9758200      43.25
   1298.25781    0.9754400      43.23
   1298.25977    0.9756600      43.24
   1298.26172    0.9764500      43.28
   1298.26367    0.9771700      43.31
   1298.26562    0.9774700      43.32
   1298.26758    0.9775100      43.32
   1298.26953    0.9776100      43.33
   1298.27148    0.9777700      43.33
   1298.27344    0.9778300      43.34
   1298.27539    0.9777000      43.33
   1298.27734    0.9773900      43.32
   1298.27917    0.9769500      43.30
   1298.28113    0.9765700      43.28
   1298.28308    0.9765800      43.28
   1298.28503    0.9770000      43.30
   1298.28699    0.9774500      43.32
   1298.28894    0.9776100      43.33
   1298.29089    0.9775900      43.33
   1298.29285    0.9776600      43.33
   1298.29480    0.9778100      43.33
   1298.29675    0.9778200      43.34
   1298.29871    0.9777100      43.33
   1298.30066    0.9777000      43.33
   1298.30261    0.9778300      43.34
   1298.30457    0.9779200      43.34
   1298.30652    0.9779600      43.34
   1298.30847    0.9781300      43.35
   1298.31042    0.9784100      43.36
   1298.31226    0.9784400      43.36
   1298.31421    0.9781400      43.35
   1298.31616    0.9779900      43.34
   1298.31812    0.9783600      43.36
   1298.32007    0.9789000      43.38
   1298.32202    0.9790400      43.39
   1298.32397    0.9787900      43.38
   1298.32593    0.9786800      43.37
   1298.32788    0.9788300      43.38
   1298.32983    0.9788300      43.38
   1298.33179    0.9784900      43.36
   1298.33374    0.9782700      43.35
   1298.33569    0.9785200      43.36
   1298.33765    0.9789300      43.38
   1298.33960    0.9789500      43.38
   1298.34155    0.9786300      43.37
   1298.34351    0.9784200      43.36
   1298.34546    0.9784000      43.36
   1298.34729    0.9781800      43.35
   1298.34924    0.9776600      43.32
   1298.35120    0.9773400      43.31
   1298.35315    0.9776200      43.32
   1298.35510    0.9782100      43.35
   1298.35706    0.9785200      43.36
   1298.35901    0.9783800      43.36
   1298.36096    0.9781100      43.34
   1298.36292    0.9779300      43.34
   1298.36487    0.9777600      43.33
   1298.36682    0.9774900      43.32
   1298.36877    0.9772400      43.30
   1298.37073    0.9771200      43.30
   1298.37268    0.9770600      43.30
   1298.37463    0.9768600      43.29
   1298.37659    0.9764500      43.27
   1298.37854    0.9759100      43.24
   1298.38049    0.9753500      43.22
   1298.38232    0.9749600      43.20
   1298.38428    0.9749000      43.20
   1298.38623    0.9751500      43.21
   1298.38818    0.9754500      43.22
   1298.39014    0.9754600      43.22
   1298.39209    0.9752200      43.21
   1298.39404    0.9752000      43.21
   1298.39600    0.9758100      43.24
   1298.39795    0.9768800      43.29
   1298.39990    0.9778500      43.33
   1298.40186    0.9782700      43.35
   1298.40381    0.9781700      43.34
   1298.40576    0.9778600      43.33
   1298.40771    0.9775200      43.31
   1298.40967    0.9772000      43.30
   1298.41162    0.9769600      43.29
   1298.41357    0.9767900      43.28
   1298.41553    0.9765200      43.27
   1298.41736    0.9761100      43.25
   1298.41931    0.9759600      43.24
   1298.42126    0.9765700      43.27
   1298.42322    0.9777100      43.32
   1298.42517    0.9784200      43.35
   1298.42712    0.9781400      43.34
   1298.42908    0.9775700      43.31
   1298.43103    0.9777600      43.32
   1298.43298    0.9787100      43.37
   1298.43494    0.9793400      43.39
   1298.43689    0.9790000      43.38
   1298.43884    0.9782800      43.35
   1298.44080    0.9780200      43.33
   1298.44275    0.9781800      43.34
   1298.44470    0.9782200      43.34
   1298.44666    0.9780700      43.34
   1298.44861    0.9782100      43.34
   1298.45056    0.9786900      43.36
   1298.45239    0.9789800      43.38
   1298.45435    0.9788300      43.37
   1298.45630    0.9786100      43.36
   1298.45825    0.9786600      43.36
   1298.46021    0.9787500      43.36
   1298.46216    0.9786800      43.36
   1298.46411    0.9787100      43.36
   1298.46606    0.9790600      43.38
   1298.46802    0.9793500      43.39
   1298.46997    0.9791300      43.38
   1298.47192    0.9787700      43.36
   1298.47388    0.9790300      43.38
   1298.47583    0.9797600      43.41
   1298.47778    0.9798700      43.41
   1298.47974    0.9788200      43.37
   1298.48169    0.9775800      43.31
   1298.48364    0.9774400      43.31
   1298.48560    0.9783400      43.34
   1298.48755    0.9790800      43.38
   1298.48938    0.9789700      43.37
   1298.49133    0.9785000      43.35
   1298.49329    0.9784200      43.35
   1298.49524    0.9787000      43.36
   1298.49719    0.9788100      43.36
   1298.49915    0.9786200      43.36
   1298.50110    0.9784500      43.35
   1298.50305    0.9784300      43.35
   1298.50500    0.9783300      43.34
   1298.50696    0.9780400      43.33
   1298.50891    0.9779200      43.32
   1298.51086    0.9782800      43.34
   1298.51282    0.9789200      43.37
   1298.51477    0.9793300      43.39
   1298.51672    0.9792600      43.38
   1298.51868    0.9789900      43.37
   1298.52063    0.9787900      43.36
   1298.52258    0.9785900      43.35
   1298.52454    0.9781800      43.34
   1298.52637    0.9777200      43.31
   1298.52832    0.9776200      43.31
   1298.53027    0.9779800      43.33
   1298.53223    0.9783700      43.34
   1298.53418    0.9783100      43.34
   1298.53613    0.9779200      43.32
   1298.53809    0.9776600      43.31
   1298.54004    0.9777200      43.31
   1298.54199    0.9777100      43.31
   1298.54395    0.9772300      43.29
   1298.54590    0.9764300      43.26
   1298.54785    0.9758200      43.23
   1298.54980    0.9756400      43.22
   1298.55176    0.9756700      43.22
   1298.55371    0.9756000      43.22
   1298.55566    0.9753200      43.21
   1298.55762    0.9749700      43.19
   1298.55957    0.9747200      43.18
   1298.56152    0.9747300      43.18
   1298.56348    0.9750500      43.19
   1298.56531    0.9755900      43.22
   1298.56726    0.9761400      43.24
   1298.56921    0.9765100      43.26
   1298.57117    0.9766900      43.27
   1298.57312    0.9767800      43.27
   1298.57507    0.9769100      43.28
   1298.57703    0.9771800      43.29
   1298.57898    0.9776100      43.31
   1298.58093    0.9780600      43.33
   1298.58289    0.9783600      43.34
   1298.58484    0.9785600      43.35
   1298.58679    0.9787900      43.36
   1298.58875    0.9790400      43.37
   1298.59070    0.9791300      43.37
   1298.59265    0.9789700      43.37
   1298.59460    0.9787800      43.36
   1298.59656    0.9787600      43.36
   1298.59851    0.9786900      43.35
   1298.60046    0.9782000      43.33
   1298.60242    0.9772700      43.29
   1298.60425    0.9763200      43.25
   1298.60620    0.9756700      43.22
   1298.60815    0.9751700      43.20
   1298.61011    0.9745600      43.17
   1298.61206    0.9739000      43.14
   1298.61401    0.9734500      43.12
   1298.61597    0.9732200      43.11
   1298.61792    0.9730000      43.10
   1298.61987    0.9726300      43.08
   1298.62183    0.9722100      43.06
   1298.62378    0.9718400      43.05
   1298.62573    0.9714500      43.03
   1298.62769    0.9708200      43.00
   1298.62964    0.9697900      42.96
   1298.63159    0.9684400      42.90
   1298.63354    0.9671400      42.84
   1298.63550    0.9663100      42.80
   1298.63745    0.9661400      42.79
   1298.63940    0.9663600      42.80
   1298.64136    0.9665900      42.81
   1298.64319    0.9668700      42.83
   1298.64514    0.9676100      42.86
   1298.64709    0.9689700      42.92
   1298.64905    0.9705100      42.99
   1298.65100    0.9717500      43.04
   1298.65295    0.9727500      43.09
   1298.65491    0.9738900      43.14
   1298.65686    0.9751500      43.19
   1298.65881    0.9760200      43.23
   1298.66077    0.9763300      43.24
   1298.66272    0.9764600      43.25
   1298.66467    0.9767600      43.26
   1298.66663    0.9769400      43.27
   1298.66858    0.9765200      43.25
   1298.67053    0.9756100      43.21
   1298.67249    0.9748900      43.18
   1298.67444    0.9747500      43.17
   1298.67639    0.9749800      43.18
   1298.67834    0.9752000      43.19
   1298.68030    0.9753800      43.20
   1298.68225    0.9755900      43.21
   1298.68408    0.9757900      43.22
   1298.68604    0.9760200      43.23
   1298.68799    0.9765300      43.25
   1298.68994    0.9773300      43.29
   1298.69189    0.9779400      43.31
   1298.69385    0.9779200      43.31
   1298.69580    0.9776400      43.30
   1298.69775    0.9778700      43.31
   1298.69971    0.9786400      43.34
   1298.70166    0.9790300      43.36
   1298.70361    0.9783600      43.33
   1298.70557    0.9771700      43.28
   1298.70752    0.9765700      43.25
   1298.70947    0.9768300      43.26
   1298.71143    0.9772300      43.28
   1298.71338    0.9772600      43.28
   1298.71533    0.9772600      43.28
   1298.71729    0.9776900      43.30
   1298.71924    0.9782500      43.32
   1298.72119    0.9782800      43.33
   1298.72314    0.9777500      43.30
   1298.72498    0.9772700      43.28
   1298.72693    0.9772000      43.28
   1298.72888    0.9773000      43.28
   1298.73083    0.9773500      43.28
   1298.73279    0.9775700      43.29
   1298.73474    0.9781400      43.32
   1298.73669    0.9786400      43.34
   1298.73865    0.9784200      43.33
   1298.74060    0.9774400      43.29
   1298.74255    0.9762900      43.24
   1298.74451    0.9754600      43.20
   1298.74646    0.9749400      43.18
   1298.74841    0.9745800      43.16
   1298.75037    0.9743500      43.15
   1298.75232    0.9741000      43.14
   1298.75427    0.9734500      43.11
   1298.75623    0.9723100      43.06
   1298.75818    0.9712200      43.01
   1298.76013    0.9709300      43.00
   1298.76208    0.9714800      43.02
   1298.76404    0.9722100      43.05
   1298.76599    0.9725700      43.07
   1298.76782    0.9726500      43.07
   1298.76978    0.9728500      43.08
   1298.77173    0.9733600      43.10
   1298.77368    0.9740800      43.14
   1298.77563    0.9748700      43.17
   1298.77759    0.9755900      43.20
   1298.77954    0.9761200      43.23
   1298.78149    0.9764600      43.24
   1298.78345    0.9768500      43.26
   1298.78540    0.9773500      43.28
   1298.78735    0.9777500      43.30
   1298.78931    0.9777800      43.30
   1298.79126    0.9776100      43.29
   1298.79321    0.9776000      43.29
   1298.79517    0.9778000      43.30
   1298.79712    0.9779300      43.30
   1298.79907    0.9778500      43.30
   1298.80103    0.9777000      43.29
   1298.80298    0.9776300      43.29
   1298.80493    0.9775500      43.29
   1298.80688    0.9774000      43.28
   1298.80884    0.9773200      43.28
   1298.81067    0.9773600      43.28
   1298.81262    0.9772900      43.28
   1298.81458    0.9769700      43.26
   1298.81653    0.9766600      43.25
   1298.81848    0.9766500      43.25
   1298.82043    0.9767600      43.25
   1298.82239    0.9766600      43.25
   1298.82434    0.9764200      43.24
   1298.82629    0.9764200      43.24
   1298.82825    0.9766100      43.24
   1298.83020    0.9764700      43.24
   1298.83215    0.9758300      43.21
   1298.83411    0.9751300      43.18
   1298.83606    0.9747300      43.16
   1298.83801    0.9743100      43.14
   1298.83997    0.9732800      43.10
   1298.84192    0.9716200      43.02
   1298.84387    0.9698300      42.94
   1298.84583    0.9680900      42.87
   1298.84778    0.9661100      42.78
   1298.84973    0.9636100      42.67
   1298.85168    0.9606900      42.54
   1298.85352    0.9577800      42.41
   1298.85547    0.9555600      42.31
   1298.85742    0.9549300      42.28
   1298.85938    0.9563900      42.35
   1298.86133    0.9593600      42.48
   1298.86328    0.9624600      42.62
   1298.86523    0.9647600      42.72
   1298.86719    0.9664500      42.79
   1298.86914    0.9680600      42.86
   1298.87109    0.9695200      42.93
   1298.87305    0.9705200      42.97
   1298.87500    0.9712200      43.00
   1298.87695    0.9720300      43.04
   1298.87891    0.9728700      43.07
   1298.88086    0.9732300      43.09
   1298.88281    0.9731400      43.09
   1298.88477    0.9733300      43.09
   1298.88672    0.9741100      43.13
   1298.88867    0.9749300      43.17
   1298.89062    0.9751900      43.18
   1298.89258    0.9752000      43.18
   1298.89453    0.9755700      43.19
   1298.89648    0.9762000      43.22
   1298.89844    0.9764700      43.23
   1298.90027    0.9763300      43.23
   1298.90222    0.9764300      43.23
   1298.90417    0.9771100      43.26
   1298.90613    0.9778300      43.29
   1298.90808    0.9779800      43.30
   1298.91003    0.9775900      43.28
   1298.91199    0.9771100      43.26
   1298.91394    0.9766400      43.24
   1298.91589    0.9760900      43.21
   1298.91785    0.9756200      43.19
   1298.91980    0.9755700      43.19
   1298.92175    0.9758300      43.20
   1298.92371    0.9759200      43.21
   1298.92566    0.9756500      43.19
   1298.92761    0.9754700      43.19
   1298.92957    0.9758300      43.20
   1298.93152    0.9766300      43.24
   1298.93347    0.9773900      43.27
   1298.93542    0.9778700      43.29
   1298.93738    0.9781000      43.30
   1298.93933    0.9779900      43.30
   1298.94128    0.9773300      43.27
   1298.94324    0.9762200      43.22
   1298.94507    0.9752300      43.17
   1298.94702    0.9748800      43.16
   1298.94897    0.9750700      43.17
   1298.95093    0.9752500      43.18
   1298.95288    0.9750300      43.17
   1298.95483    0.9745900      43.15
   1298.95679    0.9744300      43.14
   1298.95874    0.9747100      43.15
   1298.96069    0.9751000      43.17
   1298.96265    0.9752200      43.17
   1298.96460    0.9751100      43.17
   1298.96655    0.9751100      43.17
   1298.96851    0.9753200      43.18
   1298.97046    0.9754900      43.18
   1298.97241    0.9754500      43.18
   1298.97437    0.9753500      43.18
   1298.97632    0.9753500      43.18
   1298.97827    0.9752000      43.17
   1298.98022    0.9746300      43.15
   1298.98218    0.9739600      43.12
   1298.98413    0.9738500      43.11
   1298.98608    0.9744600      43.14
   1298.98804    0.9751100      43.17
   1298.98999    0.9750400      43.16
   1298.99194    0.9742900      43.13
   1298.99377    0.9734800      43.09
   1298.99573    0.9730000      43.07
   1298.99768    0.9727500      43.06
   1298.99963    0.9726500      43.06
   1299.00159    0.9727200      43.06
   1299.00354    0.9726900      43.06
   1299.00549    0.9719600      43.03
   1299.00745    0.9704200      42.96
   1299.00940    0.9688700      42.89
   1299.01135    0.9683600      42.87
   1299.01331    0.9689800      42.89
   1299.01526    0.9698800      42.93
   1299.01721    0.9702900      42.95
   1299.01917    0.9702500      42.95
   1299.02112    0.9701200      42.94
   1299.02307    0.9698700      42.93
   1299.02502    0.9692800      42.91
   1299.02698    0.9685500      42.87
   1299.02893    0.9681700      42.86
   1299.03088    0.9682400      42.86
   1299.03284    0.9684200      42.87
   1299.03479    0.9684200      42.87
   1299.03674    0.9683200      42.86
   1299.03870    0.9681700      42.86
   1299.04065    0.9677500      42.84
   1299.04248    0.9670300      42.80
   1299.04443    0.9664900      42.78
   1299.04639    0.9665600      42.78
   1299.04834    0.9669600      42.80
   1299.05029    0.9669700      42.80
   1299.05225    0.9663200      42.77
   1299.05420    0.9653500      42.73
   1299.05615    0.9643500      42.69
   1299.05811    0.9632800      42.64
   1299.06006    0.9620800      42.58
   1299.06201    0.9609100      42.53
   1299.06396    0.9597900      42.48
   1299.06592    0.9584300      42.42
   1299.06787    0.9567300      42.35
   1299.06982    0.9549800      42.27
   1299.07178    0.9533900      42.20
   1299.07373    0.9516500      42.12
   1299.07568    0.9494500      42.02
   1299.07764    0.9470000      41.92
   1299.07959    0.9446800      41.81
   1299.08154    0.9422500      41.71
   1299.08350    0.9391100      41.57
   1299.08545    0.9351400      41.39
   1299.08740    0.9306600      41.19
   1299.08936    0.9256300      40.97
   1299.09131    0.9195700      40.70
   1299.09314    0.9121600      40.37
   1299.09509    0.9034100      39.99
   1299.09705    0.8928900      39.52
   1299.09900    0.8798300      38.94
   1299.10095    0.8638200      38.23
   1299.10291    0.8444300      37.37
   1299.10486    0.8198200      36.29
   1299.10681    0.7868400      34.83
   1299.10876    0.7430100      32.89
   1299.11072    0.6870200      30.41
   1299.11267    0.6167400      27.30
   1299.11462    0.5299000      23.45
   1299.11658    0.4310700      19.08
   1299.11853    0.3374500      14.94
   1299.12048    0.2726200      12.07
   1299.12244    0.2505600      11.09
   1299.12439    0.2666200      11.80
   1299.12634    0.3058700      13.54
   1299.12830    0.3584100      15.86
   1299.13025    0.4234800      18.74
   1299.13220    0.5005700      22.15
   1299.13416    0.5818000      25.75
   1299.13611    0.6558300      29.03
   1299.13806    0.7163800      31.71
   1299.14001    0.7641600      33.82
   1299.14197    0.8020100      35.49
   1299.14392    0.8313700      36.79
   1299.14575    0.8535300      37.77
   1299.14771    0.8708600      38.54
   1299.14966    0.8854800      39.19
   1299.15161    0.8977900      39.73
   1299.15356    0.9075000      40.16
   1299.15552    0.9152200      40.50
   1299.15747    0.9220200      40.80
   1299.15942    0.9280200      41.07
   1299.16138    0.9327100      41.28
   1299.16333    0.9362400      41.43
   1299.16528    0.9395100      41.58
   1299.16724    0.9429100      41.73
   1299.16919    0.9459100      41.86
   1299.17114    0.9480800      41.96
   1299.17310    0.9498600      42.04
   1299.17505    0.9518700      42.12
   1299.17700    0.9540300      42.22
   1299.17896    0.9557500      42.30
   1299.18091    0.9567600      42.34
   1299.18286    0.9573700      42.37
   1299.18481    0.9580600      42.40
   1299.18677    0.9590200      42.44
   1299.18872    0.9601000      42.49
   1299.19067    0.9609200      42.52
   1299.19263    0.9612600      42.54
   1299.19458    0.9613100      42.54
   1299.19653    0.9615400      42.55
   1299.19849    0.9621200      42.58
   1299.20032    0.9625600      42.60
   1299.20227    0.9623200      42.59
   1299.20422    0.9614200      42.55
   1299.20618    0.9602500      42.49
   1299.20813    0.9588900      42.43
   1299.21008    0.9569400      42.35
   1299.21204    0.9541700      42.22
   1299.21399    0.9507300      42.07
   1299.21594    0.9465500      41.89
   1299.21790    0.9412900      41.65
   1299.21985    0.9354500      41.40
   1299.22180    0.9312600      41.21
   1299.22375    0.9314000      41.22
   1299.22571    0.9363500      41.43
   1299.22766    0.9436900      41.76
   1299.22961    0.9503200      42.05
   1299.23157    0.9550800      42.26
   1299.23352    0.9587300      42.42
   1299.23547    0.9619500      42.57
   1299.23743    0.9644000      42.67
   1299.23938    0.9657300      42.73
   1299.24133    0.9664900      42.77
   1299.24329    0.9674100      42.81
   1299.24524    0.9683200      42.85
   1299.24719    0.9687100      42.87
   1299.24915    0.9688300      42.87
   1299.25110    0.9695300      42.90
   1299.25305    0.9708500      42.96
   1299.25500    0.9718600      43.00
   1299.25684    0.9719900      43.01
   1299.25879    0.9717900      43.00
   1299.26074    0.9719400      43.01
   1299.26270    0.9721600      43.02
   1299.26465    0.9716900      43.00
   1299.26660    0.9705400      42.94
   1299.26855    0.9694700      42.90
   1299.27051    0.9688500      42.87
   1299.27246    0.9684600      42.85
   1299.27441    0.9683000      42.84
   1299.27637    0.9688700      42.87
   1299.27832    0.9702700      42.93
   1299.28027    0.9716300      42.99
   1299.28223    0.9720800      43.01
   1299.28418    0.9718200      43.00
   1299.28613    0.9716500      42.99
   1299.28809    0.9718500      43.00
   1299.29004    0.9720800      43.01
   1299.29199    0.9721800      43.02
   1299.29395    0.9724500      43.03
   1299.29590    0.9730100      43.05
   1299.29785    0.9735000      43.07
   1299.29980    0.9735200      43.07
   1299.30176    0.9732200      43.06
   1299.30371    0.9729700      43.05
   1299.30566    0.9728800      43.05
   1299.30762    0.9727500      43.04
   1299.30957    0.9723300      43.02
   1299.31152    0.9715800      42.99
   1299.31348    0.9706500      42.95
   1299.31543    0.9697400      42.91
   1299.31726    0.9689300      42.87
   1299.31921    0.9681000      42.83
   1299.32117    0.9671600      42.79
   1299.32312    0.9662500      42.75
   1299.32507    0.9654700      42.72
   1299.32703    0.9645500      42.68
   1299.32898    0.9631000      42.61
   1299.33093    0.9612900      42.53
   1299.33289    0.9598500      42.47
   1299.33484    0.9592700      42.44
   1299.33679    0.9593700      42.45
   1299.33875    0.9597400      42.46
   1299.34070    0.9602200      42.48
   1299.34265    0.9607300      42.51
   1299.34460    0.9610800      42.52
   1299.34656    0.9612200      42.53
   1299.34851    0.9614100      42.53
   1299.35046    0.9616500      42.55
   1299.35242    0.9615600      42.54
   1299.35437    0.9610900      42.52
   1299.35632    0.9607500      42.51
   1299.35828    0.9606700      42.50
   1299.36023    0.9601300      42.48
   1299.36218    0.9585700      42.41
   1299.36414    0.9566600      42.32
   1299.36609    0.9551800      42.26
   1299.36804    0.9535400      42.19
   1299.37000    0.9507200      42.06
   1299.37195    0.9469800      41.89
   1299.37390    0.9431900      41.73
   1299.37585    0.9385800      41.52
   1299.37769    0.9313500      41.20
   1299.37964    0.9215100      40.77
   1299.38159    0.9103400      40.27
   1299.38354    0.8962100      39.65
   1299.38550    0.8740400      38.67
   1299.38745    0.8402300      37.17
   1299.38940    0.7939400      35.12
   1299.39136    0.7304100      32.31
   1299.39331    0.6389500      28.27
   1299.39526    0.5185500      22.94
   1299.39722    0.3972200      17.57
   1299.39917    0.3254800      14.40
   1299.40112    0.3396800      15.03
   1299.40308    0.4309800      19.07
   1299.40503    0.5539300      24.50
   1299.40698    0.6643800      29.39
   1299.40894    0.7459300      33.00
   1299.41089    0.8041100      35.57
   1299.41284    0.8469100      37.47
   1299.41479    0.8770300      38.80
   1299.41675    0.8966700      39.67
   1299.41870    0.9104500      40.28
   1299.42065    0.9216700      40.77
   1299.42261    0.9303100      41.15
   1299.42456    0.9359700      41.40
   1299.42651    0.9402800      41.59
   1299.42847    0.9448500      41.80
   1299.43042    0.9491400      41.99
   1299.43237    0.9520200      42.11
   1299.43433    0.9538900      42.20
   1299.43628    0.9560400      42.29
   1299.43823    0.9587600      42.41
   1299.44019    0.9613700      42.53
   1299.44214    0.9635100      42.62
   1299.44397    0.9652700      42.70
   1299.44592    0.9665200      42.75
   1299.44788    0.9671600      42.78
   1299.44983    0.9677700      42.81
   1299.45178    0.9689400      42.86
   1299.45374    0.9702500      42.92
   1299.45569    0.9707500      42.94
   1299.45764    0.9704800      42.93
   1299.45959    0.9705200      42.93
   1299.46155    0.9713500      42.97
   1299.46350    0.9722300      43.01
   1299.46545    0.9723700      43.01
   1299.46741    0.9721100      43.00
   1299.46936    0.9722800      43.01
   1299.47131    0.9729600      43.04
   1299.47327    0.9734700      43.06
   1299.47522    0.9734100      43.06
   1299.47717    0.9730900      43.04
   1299.47913    0.9730000      43.04
   1299.48108    0.9732900      43.05
   1299.48303    0.9738700      43.08
   1299.48499    0.9746400      43.11
   1299.48694    0.9754400      43.15
   1299.48889    0.9760300      43.17
   1299.49084    0.9761800      43.18
   1299.49280    0.9758400      43.16
   1299.49475    0.9752500      43.14
   1299.49670    0.9748000      43.12
   1299.49866    0.9747400      43.11
   1299.50061    0.9749100      43.12
   1299.50256    0.9748300      43.12
   1299.50452    0.9742200      43.09
   1299.50647    0.9733600      43.05
   1299.50842    0.9728400      43.03
   1299.51038    0.9728300      43.03
   1299.51221    0.9730000      43.04
   1299.51416    0.9729800      43.04
   1299.51611    0.9728300      43.03
   1299.51807    0.9727500      43.02
   1299.52002    0.9727500      43.02
   1299.52197    0.9726600      43.02
   1299.52393    0.9725000      43.01
   1299.52588    0.9724300      43.01
   1299.52783    0.9724600      43.01
   1299.52979    0.9723700      43.01
   1299.53174    0.9721300      43.00
   1299.53369    0.9720800      42.99
   1299.53564    0.9725700      43.02
   1299.53760    0.9734700      43.06
   1299.53955    0.9742900      43.09
   1299.54150    0.9747800      43.11
   1299.54346    0.9750300      43.12
   1299.54541    0.9752200      43.13
   1299.54736    0.9753000      43.14
   1299.54932    0.9752000      43.13
   1299.55127    0.9749800      43.12
   1299.55322    0.9746200      43.10
   1299.55518    0.9739000      43.07
   1299.55713    0.9726800      43.02
   1299.55908    0.9713200      42.96
   1299.56104    0.9703600      42.92
   1299.56299    0.9699800      42.90
   1299.56494    0.9699000      42.90
   1299.56689    0.9699200      42.90
   1299.56885    0.9700500      42.90
   1299.57080    0.9702800      42.91
   1299.57275    0.9704200      42.92
   1299.57471    0.9704600      42.92
   1299.57666    0.9707700      42.93
   1299.57861    0.9716100      42.97
   1299.58057    0.9726000      43.01
   1299.58252    0.9731700      43.04
   1299.58447    0.9732700      43.04
   1299.58630    0.9734100      43.05
   1299.58826    0.9739200      43.07
   1299.59021    0.9746600      43.10
   1299.59216    0.9754000      43.14
   1299.59412    0.9760500      43.17
   1299.59607    0.9765000      43.19
   1299.59802    0.9765600      43.19
   1299.59998    0.9763100      43.18
   1299.60193    0.9762200      43.17
   1299.60388    0.9765300      43.19
   1299.60583    0.9768600      43.20
   1299.60779    0.9766400      43.19
   1299.60974    0.9759400      43.16
   1299.61169    0.9753600      43.13
   1299.61365    0.9753200      43.13
   1299.61560    0.9756000      43.14
   1299.61755    0.9757900      43.15
   1299.61951    0.9757100      43.15
   1299.62146    0.9753500      43.13
   1299.62341    0.9745800      43.10
   1299.62537    0.9734400      43.05
   1299.62732    0.9723800      43.00
   1299.62927    0.9721100      42.99
   1299.63123    0.9729500      43.03
   1299.63318    0.9744900      43.09
   1299.63513    0.9757900      43.15
   1299.63708    0.9762300      43.17
   1299.63904    0.9759900      43.16
   1299.64099    0.9758100      43.15
   1299.64294    0.9761100      43.16
   1299.64490    0.9764800      43.18
   1299.64685    0.9763000      43.17
   1299.64880    0.9756000      43.14
   1299.65076    0.9750600      43.12
   1299.65271    0.9749700      43.11
   1299.65466    0.9748300      43.11
   1299.65662    0.9740100      43.07
   1299.65857    0.9726700      43.01
   1299.66052    0.9714000      42.96
   1299.66248    0.9703500      42.91
   1299.66431    0.9690400      42.85
   1299.66626    0.9671600      42.77
   1299.66821    0.9648600      42.67
   1299.67017    0.9623200      42.55
   1299.67212    0.9594900      42.43
   1299.67407    0.9566900      42.30
   1299.67603    0.9548200      42.22
   1299.67798    0.9546600      42.21
   1299.67993    0.9560600      42.28
   1299.68188    0.9582500      42.37
   1299.68384    0.9606400      42.48
   1299.68579    0.9630100      42.58
   1299.68774    0.9651100      42.68
   1299.68970    0.9665800      42.74
   1299.69165    0.9674900      42.78
   1299.69360    0.9683000      42.82
   1299.69556    0.9691700      42.85
   1299.69751    0.9697100      42.88
   1299.69946    0.9696200      42.87
   1299.70142    0.9692900      42.86
   1299.70337    0.9692700      42.86
   1299.70532    0.9696100      42.87
   1299.70728    0.9699600      42.89
   1299.70923    0.9701400      42.90
   1299.71118    0.9701800      42.90
   1299.71313    0.9698600      42.88
   1299.71509    0.9687200      42.83
   1299.71704    0.9666800      42.74
   1299.71899    0.9642500      42.63
   1299.72095    0.9619900      42.53
   1299.72290    0.9601000      42.45
   1299.72485    0.9587500      42.39
   1299.72681    0.9583700      42.37
   1299.72876    0.9593300      42.42
   1299.73071    0.9613200      42.50
   1299.73267    0.9636400      42.61
   1299.73462    0.9658500      42.70
   1299.73657    0.9679300      42.80
   1299.73853    0.9698200      42.88
   1299.74048    0.9712400      42.94
   1299.74243    0.9720500      42.98
   1299.74438    0.9724800      43.00
   1299.74634    0.9729200      43.02
   1299.74829    0.9734800      43.04
   1299.75012    0.9740800      43.07
   1299.75208    0.9746000      43.09
   1299.75403    0.9748900      43.10
   1299.75598    0.9749200      43.10
   1299.75793    0.9749400      43.10
   1299.75989    0.9752800      43.12
   1299.76184    0.9758300      43.14
   1299.76379    0.9760400      43.15
   1299.76575    0.9755700      43.13
   1299.76770    0.9748500      43.10
   1299.76965    0.9745300      43.09
   1299.77161    0.9747000      43.09
   1299.77356    0.9749100      43.10
   1299.77551    0.9749900      43.11
   1299.77747    0.9752200      43.12
   1299.77942    0.9756200      43.13
   1299.78137    0.9757700      43.14
   1299.78333    0.9754000      43.12
   1299.78528    0.9749500      43.10
   1299.78723    0.9748900      43.10
   1299.78918    0.9750400      43.11
   1299.79114    0.9749100      43.10
   1299.79309    0.9746000      43.09
   1299.79504    0.9746700      43.09
   1299.79700    0.9752300      43.11
   1299.79895    0.9757900      43.14
   1299.80090    0.9759800      43.15
   1299.80286    0.9760000      43.15
   1299.80481    0.9760400      43.15
   1299.80676    0.9758900      43.14
   1299.80872    0.9753500      43.12
   1299.81067    0.9747800      43.09
   1299.81262    0.9746900      43.09
   1299.81458    0.9749800      43.10
   1299.81653    0.9751800      43.11
   1299.81848    0.9751800      43.11
   1299.82043    0.9753400      43.12
   1299.82239    0.9757000      43.13
   1299.82434    0.9758200      43.14
   1299.82629    0.9753700      43.12
   1299.82825    0.9747200      43.09
   1299.83020    0.9744300      43.08
   1299.83215    0.9745000      43.08
   1299.83411    0.9745400      43.08
   1299.83606    0.9743200      43.07
   1299.83801    0.9739600      43.06
   1299.83997    0.9735700      43.04
   1299.84192    0.9731700      43.02
   1299.84387    0.9729000      43.01
   1299.84570    0.9728900      43.01
   1299.84766    0.9731100      43.02
   1299.84961    0.9733200      43.03
   1299.85156    0.9734500      43.03
   1299.85352    0.9735900      43.04
   1299.85547    0.9736400      43.04
   1299.85742    0.9733100      43.03
   1299.85938    0.9727100      43.00
   1299.86133    0.9725100      42.99
   1299.86328    0.9731200      43.02
   1299.86523    0.9740600      43.06
   1299.86719    0.9744400      43.07
   1299.86914    0.9741300      43.06
   1299.87109    0.9738000      43.05
   1299.87305    0.9738800      43.05
   1299.87500    0.9740400      43.06
   1299.87695    0.9738700      43.05
   1299.87891    0.9735600      43.04
   1299.88086    0.9734900      43.03
   1299.88281    0.9735000      43.03
   1299.88477    0.9731200      43.02
   1299.88672    0.9724900      42.99
   1299.88867    0.9723300      42.98
   1299.89062    0.9729600      43.01
   1299.89258    0.9738600      43.05
   1299.89453    0.9744400      43.07
   1299.89648    0.9747400      43.09
   1299.89844    0.9749700      43.10
   1299.90039    0.9748500      43.09
   1299.90234    0.9740000      43.05
   1299.90430    0.9728500      43.00
   1299.90625    0.9723700      42.98
   1299.90820    0.9728800      43.00
   1299.91016    0.9736300      43.04
   1299.91211    0.9738700      43.05
   1299.91406    0.9738400      43.05
   1299.91602    0.9742100      43.06
   1299.91797    0.9749000      43.09
   1299.91992    0.9751900      43.10
   1299.92188    0.9747600      43.09
   1299.92383    0.9741400      43.06
   1299.92578    0.9739700      43.05
   1299.92773    0.9741100      43.06
   1299.92969    0.9740300      43.05
   1299.93164    0.9735800      43.03
   1299.93359    0.9730800      43.01
   1299.93555    0.9727500      43.00
   1299.93750    0.9725000      42.98
   1299.93945    0.9722800      42.97
   1299.94141    0.9723600      42.98
   1299.94336    0.9728900      43.00
   1299.94531    0.9734700      43.03
   1299.94727    0.9734000      43.02
   1299.94922    0.9726000      42.99
   1299.95117    0.9717700      42.95
   1299.95312    0.9716000      42.94
   1299.95496    0.9719400      42.96
   1299.95691    0.9721500      42.97
   1299.95886    0.9720500      42.96
   1299.96082    0.9721300      42.97
   1299.96277    0.9727000      42.99
   1299.96472    0.9731600      43.01
   1299.96667    0.9726400      42.99
   1299.96863    0.9712000      42.92
   1299.97058    0.9697700      42.86
   1299.97253    0.9689700      42.83
   1299.97449    0.9684300      42.80
   1299.97644    0.9674900      42.76
   1299.97839    0.9661700      42.70
   1299.98035    0.9650700      42.65
   1299.98230    0.9645100      42.63
   1299.98425    0.9642500      42.62
   1299.98621    0.9640000      42.61
   1299.98816    0.9637300      42.59
   1299.99011    0.9635300      42.58
   1299.99207    0.9633300      42.58
   1299.99402    0.9631000      42.56
   1299.99597    0.9629000      42.56
   1299.99792    0.9627200      42.55
   1299.99988    0.9623800      42.53
   1300.00183    0.9619500      42.51
