   1224.00159    0.9867700      49.54
   1224.00342    0.9870800      49.56
   1224.00513    0.9874400      49.58
   1224.00684    0.9878000      49.59
   1224.00854    0.9880900      49.61
   1224.01025    0.9883700      49.62
   1224.01208    0.9885800      49.63
   1224.01379    0.9885900      49.63
   1224.01550    0.9883600      49.62
   1224.01721    0.9881100      49.61
   1224.01892    0.9880300      49.60
   1224.02063    0.9880200      49.60
   1224.02246    0.9878200      49.59
   1224.02417    0.9874400      49.57
   1224.02588    0.9871100      49.56
   1224.02759    0.9869600      49.55
   1224.02930    0.9867800      49.54
   1224.03101    0.9863300      49.52
   1224.03284    0.9856300      49.48
   1224.03455    0.9850600      49.45
   1224.03625    0.9849300      49.45
   1224.03796    0.9852200      49.46
   1224.03967    0.9857100      49.49
   1224.04138    0.9862400      49.51
   1224.04321    0.9868600      49.54
   1224.04492    0.9877000      49.59
   1224.04663    0.9887300      49.64
   1224.04834    0.9897900      49.69
   1224.05005    0.9908300      49.74
   1224.05176    0.9918200      49.79
   1224.05359    0.9926400      49.83
   1224.05530    0.9931500      49.86
   1224.05701    0.9933300      49.87
   1224.05872    0.9933700      49.87
   1224.06042    0.9934400      49.87
   1224.06213    0.9936200      49.88
   1224.06396    0.9938600      49.89
   1224.06567    0.9940500      49.90
   1224.06738    0.9940500      49.90
   1224.06909    0.9937600      49.89
   1224.07080    0.9934400      49.87
   1224.07251    0.9934400      49.87
   1224.07434    0.9937800      49.89
   1224.07605    0.9939700      49.90
   1224.07776    0.9936200      49.88
   1224.07947    0.9929500      49.85
   1224.08118    0.9924500      49.82
   1224.08301    0.9922500      49.81
   1224.08472    0.9920900      49.80
   1224.08643    0.9918100      49.79
   1224.08813    0.9915400      49.78
   1224.08984    0.9914000      49.77
   1224.09155    0.9912900      49.76
   1224.09338    0.9910400      49.75
   1224.09509    0.9906400      49.73
   1224.09680    0.9902100      49.71
   1224.09851    0.9898200      49.69
   1224.10022    0.9894000      49.67
   1224.10193    0.9887500      49.63
   1224.10376    0.9878500      49.59
   1224.10547    0.9869600      49.54
   1224.10718    0.9864200      49.52
   1224.10889    0.9860100      49.50
   1224.11060    0.9851000      49.45
   1224.11230    0.9834200      49.37
   1224.11414    0.9814500      49.27
   1224.11584    0.9794500      49.17
   1224.11755    0.9767700      49.03
   1224.11926    0.9728500      48.83
   1224.12097    0.9683900      48.61
   1224.12268    0.9643500      48.41
   1224.12451    0.9601600      48.20
   1224.12622    0.9541400      47.89
   1224.12793    0.9458900      47.48
   1224.12964    0.9364500      47.01
   1224.13135    0.9258000      46.47
   1224.13318    0.9122300      45.79
   1224.13489    0.8957300      44.96
   1224.13660    0.8804400      44.19
   1224.13831    0.8717300      43.76
   1224.14001    0.8717900      43.76
   1224.14172    0.8793000      44.14
   1224.14355    0.8921800      44.78
   1224.14526    0.9078200      45.57
   1224.14697    0.9219800      46.28
   1224.14868    0.9312100      46.74
   1224.15039    0.9367500      47.02
   1224.15210    0.9420700      47.29
   1224.15393    0.9453600      47.45
   1224.15564    0.9392200      47.14
   1224.15735    0.9217600      46.27
   1224.15906    0.9041100      45.38
   1224.16077    0.9011500      45.23
   1224.16248    0.9151400      45.93
   1224.16431    0.9337700      46.87
   1224.16602    0.9448500      47.42
   1224.16772    0.9478700      47.58
   1224.16943    0.9490700      47.64
   1224.17114    0.9506200      47.71
   1224.17297    0.9493800      47.65
   1224.17468    0.9439000      47.38
   1224.17639    0.9369700      47.03
   1224.17810    0.9314500      46.75
   1224.17981    0.9277000      46.56
   1224.18152    0.9261100      46.48
   1224.18335    0.9285900      46.61
   1224.18506    0.9357800      46.97
   1224.18677    0.9450300      47.43
   1224.18848    0.9531500      47.84
   1224.19019    0.9595600      48.16
   1224.19189    0.9653500      48.45
   1224.19373    0.9705000      48.71
   1224.19543    0.9740900      48.89
   1224.19714    0.9763100      49.00
   1224.19885    0.9783800      49.11
   1224.20056    0.9806500      49.22
   1224.20227    0.9823000      49.30
   1224.20410    0.9830700      49.34
   1224.20581    0.9837300      49.37
   1224.20752    0.9847600      49.42
   1224.20923    0.9856500      49.47
   1224.21094    0.9859600      49.48
   1224.21277    0.9860400      49.49
   1224.21448    0.9862300      49.50
   1224.21619    0.9861800      49.50
   1224.21790    0.9855600      49.46
   1224.21960    0.9846900      49.42
   1224.22131    0.9838700      49.38
   1224.22314    0.9826800      49.32
   1224.22485    0.9805800      49.21
   1224.22656    0.9777800      49.07
   1224.22827    0.9749700      48.93
   1224.22998    0.9723200      48.80
   1224.23169    0.9695500      48.66
   1224.23352    0.9666900      48.52
   1224.23523    0.9644100      48.40
   1224.23694    0.9633000      48.35
   1224.23865    0.9633800      48.35
   1224.24036    0.9643100      48.40
   1224.24219    0.9658200      48.47
   1224.24390    0.9678200      48.57
   1224.24561    0.9702800      48.69
   1224.24731    0.9731700      48.84
   1224.24902    0.9762100      48.99
   1224.25073    0.9788000      49.12
   1224.25256    0.9805400      49.21
   1224.25427    0.9816300      49.26
   1224.25598    0.9826700      49.32
   1224.25769    0.9837400      49.37
   1224.25940    0.9842600      49.40
   1224.26111    0.9838000      49.37
   1224.26294    0.9827100      49.32
   1224.26465    0.9816400      49.26
   1224.26636    0.9808900      49.23
   1224.26807    0.9802700      49.19
   1224.26978    0.9796600      49.16
   1224.27161    0.9790300      49.13
   1224.27332    0.9784300      49.10
   1224.27502    0.9779800      49.08
   1224.27673    0.9781200      49.09
   1224.27844    0.9792600      49.14
   1224.28015    0.9811800      49.24
   1224.28198    0.9831300      49.34
   1224.28369    0.9846600      49.41
   1224.28540    0.9859800      49.48
   1224.28711    0.9874000      49.55
   1224.28882    0.9888200      49.62
   1224.29053    0.9899100      49.68
   1224.29236    0.9906900      49.71
   1224.29407    0.9914800      49.75
   1224.29578    0.9923400      49.80
   1224.29749    0.9929900      49.83
   1224.29919    0.9933100      49.85
   1224.30103    0.9935200      49.86
   1224.30273    0.9938500      49.87
   1224.30444    0.9942000      49.89
   1224.30615    0.9943700      49.90
   1224.30786    0.9944300      49.90
   1224.30957    0.9945700      49.91
   1224.31140    0.9947700      49.92
   1224.31311    0.9948500      49.92
   1224.31482    0.9948500      49.92
   1224.31653    0.9950200      49.93
   1224.31824    0.9953800      49.95
   1224.31995    0.9956300      49.96
   1224.32178    0.9955600      49.96
   1224.32349    0.9954300      49.95
   1224.32520    0.9955300      49.95
   1224.32690    0.9958000      49.97
   1224.32861    0.9958900      49.97
   1224.33044    0.9957600      49.97
   1224.33215    0.9957700      49.97
   1224.33386    0.9961400      49.98
   1224.33557    0.9966300      50.01
   1224.33728    0.9967700      50.02
   1224.33899    0.9964600      50.00
   1224.34082    0.9960400      49.98
   1224.34253    0.9959600      49.98
   1224.34424    0.9963400      49.99
   1224.34595    0.9968900      50.02
   1224.34766    0.9971800      50.04
   1224.34949    0.9969500      50.02
   1224.35120    0.9964000      50.00
   1224.35291    0.9959700      49.97
   1224.35461    0.9959300      49.97
   1224.35632    0.9961100      49.98
   1224.35803    0.9961600      49.98
   1224.35986    0.9959600      49.97
   1224.36157    0.9956500      49.96
   1224.36328    0.9953900      49.94
   1224.36499    0.9951900      49.93
   1224.36670    0.9949100      49.92
   1224.36841    0.9944500      49.90
   1224.37024    0.9938200      49.87
   1224.37195    0.9931500      49.83
   1224.37366    0.9926800      49.81
   1224.37537    0.9925100      49.80
   1224.37708    0.9924000      49.79
   1224.37891    0.9920300      49.77
   1224.38062    0.9915000      49.75
   1224.38232    0.9913300      49.74
   1224.38403    0.9918200      49.76
   1224.38574    0.9926400      49.80
   1224.38745    0.9932300      49.83
   1224.38928    0.9935800      49.85
   1224.39099    0.9941300      49.88
   1224.39270    0.9950300      49.92
   1224.39441    0.9958500      49.97
   1224.39612    0.9961500      49.98
   1224.39795    0.9960500      49.97
   1224.39966    0.9959900      49.97
   1224.40137    0.9961400      49.98
   1224.40308    0.9962600      49.98
   1224.40479    0.9961000      49.98
   1224.40649    0.9956400      49.95
   1224.40833    0.9951400      49.93
   1224.41003    0.9948800      49.92
   1224.41174    0.9949700      49.92
   1224.41345    0.9951600      49.93
   1224.41516    0.9950300      49.92
   1224.41687    0.9945300      49.90
   1224.41870    0.9941300      49.88
   1224.42041    0.9942400      49.88
   1224.42212    0.9945200      49.90
   1224.42383    0.9943200      49.89
   1224.42554    0.9936900      49.85
   1224.42737    0.9934000      49.84
   1224.42908    0.9937900      49.86
   1224.43079    0.9942700      49.88
   1224.43250    0.9941700      49.88
   1224.43420    0.9937700      49.86
   1224.43591    0.9938800      49.86
   1224.43774    0.9945500      49.90
   1224.43945    0.9949800      49.92
   1224.44116    0.9947000      49.90
   1224.44287    0.9941600      49.88
   1224.44458    0.9939800      49.87
   1224.44641    0.9941500      49.88
   1224.44812    0.9942900      49.88
   1224.44983    0.9942400      49.88
   1224.45154    0.9940600      49.87
   1224.45325    0.9938100      49.86
   1224.45496    0.9936400      49.85
   1224.45679    0.9938000      49.86
   1224.45850    0.9941700      49.88
   1224.46021    0.9941500      49.87
   1224.46191    0.9935100      49.84
   1224.46362    0.9928500      49.81
   1224.46545    0.9927300      49.80
   1224.46716    0.9926700      49.80
   1224.46887    0.9918000      49.76
   1224.47058    0.9903900      49.68
   1224.47229    0.9894300      49.64
   1224.47400    0.9889600      49.61
   1224.47583    0.9878100      49.55
   1224.47754    0.9853300      49.43
   1224.47925    0.9823900      49.28
   1224.48096    0.9797700      49.15
   1224.48267    0.9768200      49.00
   1224.48450    0.9725800      48.79
   1224.48621    0.9674900      48.53
   1224.48792    0.9626100      48.29
   1224.48962    0.9579900      48.06
   1224.49133    0.9531500      47.81
   1224.49304    0.9487900      47.60
   1224.49487    0.9463900      47.48
   1224.49658    0.9460900      47.46
   1224.49829    0.9466300      47.49
   1224.50000    0.9477500      47.54
   1224.50171    0.9506100      47.69
   1224.50354    0.9554100      47.93
   1224.50525    0.9602200      48.17
   1224.50696    0.9636200      48.34
   1224.50867    0.9666100      48.49
   1224.51038    0.9704600      48.68
   1224.51208    0.9742400      48.87
   1224.51392    0.9764200      48.98
   1224.51562    0.9777000      49.04
   1224.51733    0.9795200      49.14
   1224.51904    0.9808400      49.20
   1224.52075    0.9795800      49.14
   1224.52258    0.9767700      49.00
   1224.52429    0.9751500      48.92
   1224.52600    0.9728500      48.80
   1224.52771    0.9635700      48.33
   1224.52942    0.9464100      47.47
   1224.53113    0.9315700      46.73
   1224.53296    0.9308100      46.69
   1224.53467    0.9435400      47.33
   1224.53638    0.9575100      48.03
   1224.53809    0.9636500      48.34
   1224.53979    0.9649700      48.40
   1224.54163    0.9691300      48.61
   1224.54333    0.9771100      49.01
   1224.54504    0.9837200      49.34
   1224.54675    0.9861500      49.47
   1224.54846    0.9869300      49.50
   1224.55017    0.9887300      49.59
   1224.55200    0.9907600      49.70
   1224.55371    0.9913900      49.73
   1224.55542    0.9912200      49.72
   1224.55713    0.9916100      49.74
   1224.55884    0.9923300      49.77
   1224.56067    0.9924400      49.78
   1224.56238    0.9922300      49.77
   1224.56409    0.9926300      49.79
   1224.56580    0.9933500      49.82
   1224.56750    0.9933600      49.83
   1224.56921    0.9926900      49.79
   1224.57104    0.9923200      49.77
   1224.57275    0.9925400      49.78
   1224.57446    0.9926500      49.79
   1224.57617    0.9923400      49.77
   1224.57788    0.9922300      49.77
   1224.57971    0.9927300      49.79
   1224.58142    0.9933400      49.82
   1224.58313    0.9935000      49.83
   1224.58484    0.9935100      49.83
   1224.58655    0.9939000      49.85
   1224.58838    0.9945900      49.89
   1224.59009    0.9951200      49.91
   1224.59180    0.9952100      49.92
   1224.59351    0.9949500      49.90
   1224.59521    0.9945300      49.88
   1224.59692    0.9943100      49.87
   1224.59875    0.9946000      49.88
   1224.60046    0.9952800      49.92
   1224.60217    0.9956700      49.94
   1224.60388    0.9953800      49.92
   1224.60559    0.9949200      49.90
   1224.60742    0.9951100      49.91
   1224.60913    0.9960100      49.95
   1224.61084    0.9968300      50.00
   1224.61255    0.9969300      50.00
   1224.61426    0.9963700      49.97
   1224.61597    0.9957300      49.94
   1224.61780    0.9954600      49.93
   1224.61951    0.9956700      49.94
   1224.62122    0.9961000      49.96
   1224.62292    0.9962700      49.97
   1224.62463    0.9958900      49.95
   1224.62646    0.9951900      49.91
   1224.62817    0.9946600      49.89
   1224.62988    0.9944000      49.87
   1224.63159    0.9941100      49.86
   1224.63330    0.9937700      49.84
   1224.63501    0.9938200      49.84
   1224.63684    0.9944700      49.87
   1224.63855    0.9952400      49.91
   1224.64026    0.9955400      49.93
   1224.64197    0.9954400      49.92
   1224.64368    0.9953900      49.92
   1224.64551    0.9954700      49.92
   1224.64722    0.9954000      49.92
   1224.64893    0.9951600      49.91
   1224.65063    0.9949900      49.90
   1224.65234    0.9949300      49.90
   1224.65417    0.9947700      49.89
   1224.65588    0.9945800      49.88
   1224.65759    0.9947400      49.89
   1224.65930    0.9952000      49.91
   1224.66101    0.9954300      49.92
   1224.66272    0.9952400      49.91
   1224.66455    0.9950500      49.90
   1224.66626    0.9951600      49.91
   1224.66797    0.9952300      49.91
   1224.66968    0.9950100      49.90
   1224.67139    0.9948000      49.89
   1224.67322    0.9948200      49.89
   1224.67493    0.9946300      49.88
   1224.67664    0.9940600      49.85
   1224.67834    0.9937800      49.84
   1224.68005    0.9941900      49.86
   1224.68176    0.9944100      49.87
   1224.68359    0.9935800      49.83
   1224.68530    0.9925300      49.77
   1224.68701    0.9926100      49.78
   1224.68872    0.9933000      49.81
   1224.69043    0.9928400      49.79
   1224.69226    0.9913300      49.71
   1224.69397    0.9907300      49.68
   1224.69568    0.9912500      49.71
   1224.69739    0.9905100      49.67
   1224.69910    0.9875800      49.52
   1224.70093    0.9849200      49.39
   1224.70264    0.9839100      49.34
   1224.70435    0.9813900      49.21
   1224.70605    0.9741700      48.85
   1224.70776    0.9638800      48.33
   1224.70947    0.9518100      47.73
   1224.71130    0.9308800      46.68
   1224.71301    0.8918700      44.72
   1224.71472    0.8414600      42.20
   1224.71643    0.8062700      40.43
   1224.71814    0.8104300      40.64
   1224.71997    0.8507200      42.66
   1224.72168    0.9001400      45.14
   1224.72339    0.9352100      46.90
   1224.72510    0.9533800      47.81
   1224.72681    0.9643900      48.36
   1224.72864    0.9737300      48.83
   1224.73035    0.9799200      49.14
   1224.73206    0.9821700      49.25
   1224.73376    0.9831000      49.30
   1224.73547    0.9844800      49.37
   1224.73718    0.9854900      49.42
   1224.73901    0.9856700      49.42
   1224.74072    0.9857500      49.43
   1224.74243    0.9854200      49.41
   1224.74414    0.9835400      49.32
   1224.74585    0.9804300      49.16
   1224.74768    0.9765900      48.97
   1224.74939    0.9691600      48.60
   1224.75110    0.9543900      47.86
   1224.75281    0.9356400      46.92
   1224.75452    0.9244300      46.35
   1224.75635    0.9295400      46.61
   1224.75806    0.9470900      47.49
   1224.75977    0.9648700      48.38
   1224.76147    0.9752600      48.90
   1224.76318    0.9800300      49.14
   1224.76489    0.9836500      49.32
   1224.76672    0.9869200      49.49
   1224.76843    0.9885200      49.57
   1224.77014    0.9890000      49.59
   1224.77185    0.9899100      49.63
   1224.77356    0.9910600      49.69
   1224.77539    0.9913100      49.70
   1224.77710    0.9909700      49.69
   1224.77881    0.9913500      49.71
   1224.78052    0.9924100      49.76
   1224.78223    0.9928600      49.78
   1224.78406    0.9925400      49.77
   1224.78577    0.9926000      49.77
   1224.78748    0.9933700      49.81
   1224.78918    0.9937200      49.82
   1224.79089    0.9931500      49.80
   1224.79260    0.9928000      49.78
   1224.79443    0.9935600      49.82
   1224.79614    0.9944800      49.86
   1224.79785    0.9942100      49.85
   1224.79956    0.9931100      49.79
   1224.80127    0.9926700      49.77
   1224.80310    0.9932300      49.80
   1224.80481    0.9937100      49.82
   1224.80652    0.9934600      49.81
   1224.80823    0.9931300      49.79
   1224.80994    0.9932400      49.80
   1224.81177    0.9931600      49.79
   1224.81348    0.9920800      49.74
   1224.81519    0.9904700      49.66
   1224.81689    0.9897000      49.62
   1224.81860    0.9902700      49.65
   1224.82031    0.9914000      49.71
   1224.82214    0.9921200      49.74
   1224.82385    0.9923200      49.75
   1224.82556    0.9923600      49.75
   1224.82727    0.9923600      49.75
   1224.82898    0.9921400      49.74
   1224.83081    0.9918300      49.73
   1224.83252    0.9917300      49.72
   1224.83423    0.9918300      49.73
   1224.83594    0.9917200      49.72
   1224.83765    0.9911900      49.69
   1224.83948    0.9905300      49.66
   1224.84119    0.9900800      49.64
   1224.84290    0.9897800      49.62
   1224.84460    0.9893200      49.60
   1224.84631    0.9886400      49.56
   1224.84814    0.9877600      49.52
   1224.84985    0.9866100      49.46
   1224.85156    0.9851900      49.39
   1224.85327    0.9838900      49.33
   1224.85498    0.9830500      49.28
   1224.85669    0.9823600      49.25
   1224.85852    0.9811400      49.19
   1224.86023    0.9793000      49.10
   1224.86194    0.9775400      49.01
   1224.86365    0.9763500      48.95
   1224.86536    0.9754600      48.90
   1224.86719    0.9745700      48.86
   1224.86890    0.9739100      48.82
   1224.87061    0.9737600      48.82
   1224.87231    0.9737200      48.81
   1224.87402    0.9733500      48.80
   1224.87585    0.9730100      48.78
   1224.87756    0.9733400      48.79
   1224.87927    0.9741200      48.83
   1224.88098    0.9746000      48.86
   1224.88269    0.9747900      48.87
   1224.88452    0.9755200      48.90
   1224.88623    0.9769400      48.97
   1224.88794    0.9782000      49.04
   1224.88965    0.9788700      49.07
   1224.89136    0.9796000      49.11
   1224.89307    0.9807900      49.17
   1224.89490    0.9817000      49.21
   1224.89661    0.9817400      49.21
   1224.89832    0.9816500      49.21
   1224.90002    0.9820700      49.23
   1224.90173    0.9820200      49.23
   1224.90356    0.9804800      49.15
   1224.90527    0.9786700      49.06
   1224.90698    0.9779600      49.02
   1224.90869    0.9759300      48.92
   1224.91040    0.9679300      48.52
   1224.91223    0.9543800      47.84
   1224.91394    0.9436900      47.31
   1224.91565    0.9445000      47.35
   1224.91736    0.9560900      47.93
   1224.91907    0.9692800      48.59
   1224.92090    0.9766600      48.96
   1224.92261    0.9790000      49.07
   1224.92432    0.9809200      49.17
   1224.92603    0.9839100      49.32
   1224.92773    0.9860000      49.43
   1224.92944    0.9862400      49.44
   1224.93127    0.9862000      49.44
   1224.93298    0.9870900      49.48
   1224.93469    0.9881100      49.53
   1224.93640    0.9882400      49.54
   1224.93811    0.9879000      49.52
   1224.93994    0.9879700      49.52
   1224.94165    0.9883100      49.54
   1224.94336    0.9882900      49.54
   1224.94507    0.9880700      49.53
   1224.94678    0.9881800      49.53
   1224.94861    0.9884000      49.54
   1224.95032    0.9881300      49.53
   1224.95203    0.9875000      49.50
   1224.95374    0.9871500      49.48
   1224.95544    0.9871200      49.48
   1224.95728    0.9866700      49.46
   1224.95898    0.9855500      49.40
   1224.96069    0.9844800      49.35
   1224.96240    0.9839600      49.32
   1224.96411    0.9833000      49.29
   1224.96594    0.9815200      49.20
   1224.96765    0.9785400      49.05
   1224.96936    0.9747900      48.86
   1224.97107    0.9699200      48.62
   1224.97278    0.9627900      48.26
   1224.97449    0.9534800      47.79
   1224.97632    0.9445000      47.34
   1224.97803    0.9394000      47.09
   1224.97974    0.9400600      47.12
   1224.98145    0.9453900      47.39
   1224.98315    0.9526000      47.75
   1224.98499    0.9591900      48.08
   1224.98669    0.9637800      48.31
   1224.98840    0.9660100      48.42
   1224.99011    0.9663600      48.44
   1224.99182    0.9659900      48.42
   1224.99365    0.9662400      48.43
   1224.99536    0.9677800      48.51
   1224.99707    0.9703000      48.63
   1224.99878    0.9730800      48.77
   1225.00049    0.9755600      48.90
   1225.00232    0.9775400      48.99
   1225.00403    0.9789800      49.07
   1225.00574    0.9800300      49.12
   1225.00745    0.9810300      49.17
   1225.00916    0.9821600      49.23
   1225.01099    0.9832400      49.28
   1225.01270    0.9839200      49.31
   1225.01440    0.9841000      49.32
   1225.01611    0.9841200      49.32
   1225.01782    0.9842800      49.33
   1225.01965    0.9846500      49.35
   1225.02136    0.9851200      49.37
   1225.02307    0.9856100      49.40
   1225.02478    0.9860300      49.42
   1225.02649    0.9863000      49.43
   1225.02820    0.9864000      49.44
   1225.03003    0.9863900      49.44
   1225.03174    0.9862800      49.43
   1225.03345    0.9859400      49.41
   1225.03516    0.9853700      49.38
   1225.03687    0.9848000      49.36
   1225.03870    0.9844500      49.34
   1225.04041    0.9842500      49.33
   1225.04211    0.9839100      49.31
   1225.04382    0.9833400      49.28
   1225.04553    0.9826600      49.25
   1225.04736    0.9819200      49.21
   1225.04907    0.9809800      49.16
   1225.05078    0.9797400      49.10
   1225.05249    0.9784200      49.03
   1225.05420    0.9772400      48.98
   1225.05603    0.9759600      48.91
   1225.05774    0.9741300      48.82
   1225.05945    0.9717000      48.70
   1225.06116    0.9691100      48.57
   1225.06287    0.9667400      48.45
   1225.06470    0.9642900      48.33
   1225.06641    0.9611300      48.17
   1225.06812    0.9569100      47.96
   1225.06982    0.9518300      47.70
   1225.07153    0.9460700      47.41
   1225.07336    0.9393700      47.08
   1225.07507    0.9312200      46.67
   1225.07678    0.9213300      46.17
   1225.07849    0.9094900      45.58
   1225.08020    0.8951800      44.86
   1225.08203    0.8776200      43.98
   1225.08374    0.8562700      42.91
   1225.08545    0.8312000      41.65
   1225.08716    0.8030600      40.24
   1225.08887    0.7733600      38.76
   1225.09070    0.7452900      37.35
   1225.09241    0.7239900      36.28
   1225.09412    0.7148300      35.82
   1225.09583    0.7204400      36.10
   1225.09753    0.7389700      37.03
   1225.09924    0.7653800      38.35
   1225.10107    0.7944100      39.81
   1225.10278    0.8226100      41.22
   1225.10449    0.8482100      42.51
   1225.10620    0.8703100      43.61
   1225.10791    0.8886200      44.53
   1225.10974    0.9035700      45.28
   1225.11145    0.9159800      45.90
   1225.11316    0.9264800      46.43
   1225.11487    0.9353100      46.87
   1225.11658    0.9426000      47.23
   1225.11841    0.9485800      47.53
   1225.12012    0.9535300      47.78
   1225.12183    0.9576500      47.99
   1225.12354    0.9611100      48.16
   1225.12524    0.9639800      48.31
   1225.12708    0.9659100      48.40
   1225.12878    0.9664400      48.43
   1225.13049    0.9656800      48.39
   1225.13220    0.9643800      48.32
   1225.13391    0.9631800      48.26
   1225.13574    0.9618300      48.20
   1225.13745    0.9597000      48.09
   1225.13916    0.9568600      47.95
   1225.14087    0.9542600      47.82
   1225.14258    0.9527000      47.74
   1225.14441    0.9522000      47.71
   1225.14612    0.9524300      47.72
   1225.14783    0.9535100      47.78
   1225.14954    0.9557700      47.89
   1225.15125    0.9591600      48.06
   1225.15308    0.9631600      48.26
   1225.15479    0.9673200      48.47
   1225.15649    0.9715200      48.68
   1225.15820    0.9756600      48.89
   1225.15991    0.9794200      49.08
   1225.16174    0.9824800      49.23
   1225.16345    0.9847600      49.34
   1225.16516    0.9863500      49.42
   1225.16687    0.9874200      49.48
   1225.16858    0.9882700      49.52
   1225.17041    0.9892200      49.57
   1225.17212    0.9903100      49.62
   1225.17383    0.9912000      49.66
   1225.17554    0.9915900      49.68
   1225.17725    0.9917000      49.69
   1225.17908    0.9919900      49.70
   1225.18079    0.9925500      49.73
   1225.18250    0.9929600      49.75
   1225.18420    0.9927800      49.74
   1225.18591    0.9921300      49.71
   1225.18774    0.9914700      49.68
   1225.18945    0.9910700      49.66
   1225.19116    0.9907800      49.64
   1225.19287    0.9904000      49.62
   1225.19458    0.9899300      49.60
   1225.19641    0.9895300      49.58
   1225.19812    0.9893400      49.57
   1225.19983    0.9893500      49.57
   1225.20154    0.9895000      49.58
   1225.20325    0.9896900      49.59
   1225.20496    0.9898100      49.59
   1225.20679    0.9898700      49.60
   1225.20850    0.9901000      49.61
   1225.21021    0.9907000      49.64
   1225.21191    0.9915200      49.68
   1225.21362    0.9921600      49.71
   1225.21545    0.9924400      49.72
   1225.21716    0.9926000      49.73
   1225.21887    0.9929400      49.75
   1225.22058    0.9933100      49.77
   1225.22229    0.9933400      49.77
   1225.22412    0.9931300      49.76
   1225.22583    0.9931700      49.76
   1225.22754    0.9936400      49.78
   1225.22925    0.9940600      49.80
   1225.23096    0.9939800      49.80
   1225.23279    0.9936300      49.78
   1225.23450    0.9935700      49.78
   1225.23621    0.9939400      49.80
   1225.23792    0.9944200      49.82
   1225.23962    0.9947200      49.84
   1225.24146    0.9948200      49.84
   1225.24316    0.9947400      49.84
   1225.24487    0.9945800      49.83
   1225.24658    0.9946500      49.83
   1225.24829    0.9951700      49.86
   1225.25012    0.9957500      49.89
   1225.25183    0.9957300      49.89
   1225.25354    0.9950900      49.85
   1225.25525    0.9945300      49.82
   1225.25696    0.9945500      49.83
   1225.25879    0.9948100      49.84
   1225.26050    0.9948600      49.84
   1225.26221    0.9948300      49.84
   1225.26392    0.9949400      49.84
   1225.26562    0.9949200      49.84
   1225.26746    0.9945300      49.82
   1225.26917    0.9942200      49.81
   1225.27087    0.9945000      49.82
   1225.27258    0.9949000      49.84
   1225.27429    0.9946500      49.83
   1225.27612    0.9939800      49.80
   1225.27783    0.9938700      49.79
   1225.27954    0.9943700      49.81
   1225.28125    0.9944300      49.82
   1225.28296    0.9936600      49.78
   1225.28479    0.9930400      49.75
   1225.28650    0.9931600      49.75
   1225.28821    0.9931500      49.75
   1225.28992    0.9922500      49.71
   1225.29163    0.9912000      49.65
   1225.29346    0.9908600      49.64
   1225.29517    0.9903900      49.61
   1225.29688    0.9886400      49.53
   1225.29858    0.9864600      49.42
   1225.30029    0.9851700      49.35
   1225.30212    0.9828800      49.24
   1225.30383    0.9757600      48.88
   1225.30554    0.9642800      48.31
   1225.30725    0.9554200      47.86
   1225.30896    0.9558900      47.88
   1225.31079    0.9644200      48.31
   1225.31250    0.9734400      48.76
   1225.31421    0.9778300      48.98
   1225.31592    0.9789300      49.04
   1225.31763    0.9800600      49.09
   1225.31946    0.9813400      49.16
   1225.32117    0.9809300      49.14
   1225.32288    0.9788600      49.03
   1225.32458    0.9770300      48.94
   1225.32629    0.9761400      48.90
   1225.32812    0.9751700      48.85
   1225.32983    0.9737700      48.78
   1225.33154    0.9731700      48.75
   1225.33325    0.9742900      48.80
   1225.33496    0.9763900      48.91
   1225.33679    0.9783800      49.01
   1225.33850    0.9802600      49.10
   1225.34021    0.9824600      49.21
   1225.34192    0.9846100      49.32
   1225.34363    0.9860100      49.39
   1225.34546    0.9868000      49.43
   1225.34717    0.9877100      49.48
   1225.34888    0.9889600      49.54
   1225.35059    0.9900200      49.59
   1225.35229    0.9905800      49.62
   1225.35413    0.9909400      49.64
   1225.35583    0.9914100      49.66
   1225.35754    0.9919200      49.69
   1225.35925    0.9923100      49.70
   1225.36096    0.9926300      49.72
   1225.36279    0.9928000      49.73
   1225.36450    0.9925400      49.72
   1225.36621    0.9918200      49.68
   1225.36792    0.9911000      49.64
   1225.36975    0.9908600      49.63
   1225.37146    0.9910300      49.64
   1225.37317    0.9912600      49.65
   1225.37488    0.9914500      49.66
   1225.37659    0.9917400      49.67
   1225.37842    0.9920900      49.69
   1225.38013    0.9922600      49.70
   1225.38184    0.9921700      49.70
   1225.38354    0.9921300      49.69
   1225.38525    0.9924000      49.71
   1225.38708    0.9928500      49.73
   1225.38879    0.9931600      49.74
   1225.39050    0.9932300      49.75
   1225.39221    0.9932500      49.75
   1225.39392    0.9933100      49.75
   1225.39575    0.9933400      49.75
   1225.39746    0.9933600      49.75
   1225.39917    0.9935700      49.76
   1225.40088    0.9940000      49.79
   1225.40259    0.9943700      49.80
   1225.40442    0.9944700      49.81
   1225.40613    0.9945100      49.81
   1225.40784    0.9948200      49.83
   1225.40955    0.9953200      49.85
   1225.41125    0.9955300      49.86
   1225.41309    0.9952600      49.85
   1225.41479    0.9949200      49.83
   1225.41650    0.9949100      49.83
   1225.41821    0.9951600      49.84
   1225.41992    0.9953400      49.85
   1225.42175    0.9953900      49.85
   1225.42346    0.9954000      49.85
   1225.42517    0.9952700      49.85
   1225.42688    0.9948400      49.83
   1225.42859    0.9943900      49.80
   1225.43042    0.9944000      49.80
   1225.43213    0.9948900      49.83
   1225.43384    0.9951900      49.84
   1225.43555    0.9949000      49.83
   1225.43726    0.9944200      49.80
   1225.43909    0.9944000      49.80
   1225.44080    0.9948600      49.83
   1225.44250    0.9952800      49.85
   1225.44421    0.9953800      49.85
   1225.44592    0.9953300      49.85
   1225.44775    0.9953000      49.85
   1225.44946    0.9952300      49.84
   1225.45117    0.9951200      49.84
   1225.45288    0.9951200      49.84
   1225.45459    0.9952600      49.84
   1225.45642    0.9952500      49.84
   1225.45813    0.9949900      49.83
   1225.45984    0.9947100      49.82
   1225.46155    0.9946400      49.81
   1225.46326    0.9946300      49.81
   1225.46509    0.9944400      49.80
   1225.46680    0.9941600      49.79
   1225.46851    0.9940400      49.78
   1225.47021    0.9940000      49.78
   1225.47192    0.9937200      49.77
   1225.47375    0.9931800      49.74
   1225.47546    0.9927600      49.72
   1225.47717    0.9927100      49.71
   1225.47888    0.9927900      49.72
   1225.48071    0.9926300      49.71
   1225.48242    0.9921800      49.69
   1225.48413    0.9916600      49.66
   1225.48584    0.9912200      49.64
   1225.48755    0.9909500      49.63
   1225.48938    0.9909900      49.63
   1225.49109    0.9914300      49.65
   1225.49280    0.9920900      49.68
   1225.49451    0.9927000      49.71
   1225.49622    0.9931700      49.74
   1225.49805    0.9936100      49.76
   1225.49976    0.9940400      49.78
   1225.50146    0.9943300      49.79
   1225.50317    0.9944600      49.80
   1225.50488    0.9945000      49.80
   1225.50671    0.9945000      49.80
   1225.50842    0.9944200      49.80
   1225.51013    0.9943900      49.80
   1225.51184    0.9946400      49.81
   1225.51355    0.9951700      49.83
   1225.51538    0.9955600      49.85
   1225.51709    0.9954800      49.85
   1225.51880    0.9950100      49.83
   1225.52051    0.9945700      49.80
   1225.52222    0.9943400      49.79
   1225.52405    0.9942700      49.79
   1225.52576    0.9942300      49.79
   1225.52747    0.9941200      49.78
   1225.52917    0.9938900      49.77
   1225.53088    0.9936000      49.75
   1225.53271    0.9935600      49.75
   1225.53442    0.9939300      49.77
   1225.53613    0.9944400      49.80
   1225.53784    0.9946300      49.81
   1225.53955    0.9944500      49.80
   1225.54138    0.9943500      49.79
   1225.54309    0.9945700      49.80
   1225.54480    0.9947800      49.81
   1225.54651    0.9945700      49.80
   1225.54834    0.9940500      49.78
   1225.55005    0.9936500      49.76
   1225.55176    0.9935800      49.75
   1225.55347    0.9936300      49.75
   1225.55518    0.9934700      49.75
   1225.55701    0.9929600      49.72
   1225.55872    0.9920100      49.67
   1225.56042    0.9907400      49.61
   1225.56213    0.9894800      49.55
   1225.56384    0.9885800      49.50
   1225.56567    0.9880100      49.47
   1225.56738    0.9874300      49.44
   1225.56909    0.9867500      49.41
   1225.57080    0.9862500      49.38
   1225.57251    0.9861100      49.38
   1225.57434    0.9862000      49.38
   1225.57605    0.9864800      49.39
   1225.57776    0.9871700      49.43
   1225.57947    0.9883900      49.49
   1225.58118    0.9896800      49.55
   1225.58301    0.9905400      49.60
   1225.58472    0.9911000      49.62
   1225.58643    0.9919600      49.67
   1225.58813    0.9932000      49.73
   1225.58984    0.9941400      49.78
   1225.59167    0.9942300      49.78
   1225.59338    0.9938400      49.76
   1225.59509    0.9937400      49.76
   1225.59680    0.9941300      49.78
   1225.59863    0.9945500      49.80
   1225.60034    0.9946300      49.80
   1225.60205    0.9946000      49.80
   1225.60376    0.9948100      49.81
   1225.60547    0.9951000      49.82
   1225.60730    0.9950100      49.82
   1225.60901    0.9944000      49.79
   1225.61072    0.9937300      49.75
   1225.61243    0.9935600      49.75
   1225.61414    0.9938800      49.76
   1225.61597    0.9942300      49.78
   1225.61768    0.9942500      49.78
   1225.61938    0.9941200      49.77
   1225.62109    0.9941700      49.78
   1225.62280    0.9944500      49.79
   1225.62463    0.9946800      49.80
   1225.62634    0.9947300      49.80
   1225.62805    0.9947800      49.81
   1225.62976    0.9949300      49.81
   1225.63147    0.9949300      49.81
   1225.63330    0.9945300      49.79
   1225.63501    0.9938400      49.76
   1225.63672    0.9932100      49.73
   1225.63843    0.9927200      49.70
   1225.64026    0.9921000      49.67
   1225.64197    0.9912600      49.63
   1225.64368    0.9903300      49.58
   1225.64539    0.9893000      49.53
   1225.64709    0.9879400      49.46
   1225.64893    0.9863700      49.38
   1225.65063    0.9851600      49.32
   1225.65234    0.9846600      49.30
   1225.65405    0.9843400      49.28
   1225.65576    0.9834700      49.24
   1225.65759    0.9822400      49.17
   1225.65930    0.9816400      49.14
   1225.66101    0.9821300      49.17
   1225.66272    0.9831500      49.22
   1225.66443    0.9840200      49.26
   1225.66626    0.9848100      49.30
   1225.66797    0.9858800      49.36
   1225.66968    0.9871100      49.42
   1225.67139    0.9880600      49.47
   1225.67310    0.9887500      49.50
   1225.67493    0.9894400      49.53
   1225.67664    0.9899900      49.56
   1225.67834    0.9900000      49.56
   1225.68005    0.9896300      49.54
   1225.68188    0.9894800      49.54
   1225.68359    0.9895500      49.54
   1225.68530    0.9892000      49.52
   1225.68701    0.9882300      49.47
   1225.68872    0.9873500      49.43
   1225.69055    0.9869900      49.41
   1225.69226    0.9866700      49.39
   1225.69397    0.9859400      49.36
   1225.69568    0.9852000      49.32
   1225.69739    0.9848000      49.30
   1225.69922    0.9839600      49.26
   1225.70093    0.9819100      49.15
   1225.70264    0.9794400      49.03
   1225.70435    0.9776400      48.94
   1225.70605    0.9751300      48.81
   1225.70789    0.9690100      48.51
   1225.70959    0.9594300      48.03
   1225.71130    0.9514500      47.63
   1225.71301    0.9502500      47.57
   1225.71472    0.9552900      47.82
   1225.71655    0.9610300      48.11
   1225.71826    0.9631700      48.22
   1225.71997    0.9621100      48.16
   1225.72168    0.9602200      48.07
   1225.72351    0.9580100      47.96
   1225.72522    0.9542800      47.77
   1225.72693    0.9484200      47.48
   1225.72864    0.9407900      47.09
   1225.73035    0.9311300      46.61
   1225.73218    0.9182400      45.96
   1225.73389    0.9011100      45.11
   1225.73560    0.8795600      44.03
   1225.73730    0.8543900      42.77
   1225.73901    0.8285900      41.48
   1225.74084    0.8084600      40.47
   1225.74255    0.8013900      40.11
   1225.74426    0.8106500      40.58
   1225.74597    0.8324600      41.67
   1225.74768    0.8589300      42.99
   1225.74951    0.8836700      44.23
   1225.75122    0.9044500      45.27
   1225.75293    0.9215800      46.13
   1225.75464    0.9355000      46.83
   1225.75647    0.9463300      47.37
   1225.75818    0.9545200      47.78
   1225.75989    0.9608100      48.09
   1225.76160    0.9656800      48.34
   1225.76331    0.9693000      48.52
   1225.76514    0.9719700      48.65
   1225.76685    0.9742300      48.76
   1225.76855    0.9764400      48.88
   1225.77026    0.9785300      48.98
   1225.77197    0.9802600      49.07
   1225.77380    0.9816500      49.14
   1225.77551    0.9830100      49.20
   1225.77722    0.9844900      49.28
   1225.77893    0.9857800      49.34
   1225.78076    0.9864600      49.38
   1225.78247    0.9866100      49.38
   1225.78418    0.9868600      49.40
   1225.78589    0.9875700      49.43
   1225.78760    0.9883400      49.47
   1225.78943    0.9886200      49.48
   1225.79114    0.9885200      49.48
   1225.79285    0.9886400      49.48
   1225.79456    0.9890800      49.51
   1225.79626    0.9893400      49.52
   1225.79810    0.9891800      49.51
   1225.79980    0.9891000      49.51
   1225.80151    0.9895100      49.53
   1225.80322    0.9900000      49.55
   1225.80493    0.9898600      49.54
   1225.80676    0.9892700      49.51
   1225.80847    0.9890900      49.50
   1225.81018    0.9896700      49.53
   1225.81189    0.9903400      49.57
   1225.81372    0.9904100      49.57
   1225.81543    0.9901500      49.56
   1225.81714    0.9902700      49.56
   1225.81885    0.9908900      49.59
   1225.82056    0.9913500      49.62
   1225.82239    0.9911500      49.61
   1225.82410    0.9905500      49.58
   1225.82581    0.9901700      49.56
   1225.82751    0.9902400      49.56
   1225.82922    0.9904600      49.57
   1225.83105    0.9904800      49.57
   1225.83276    0.9903000      49.56
   1225.83447    0.9901400      49.56
   1225.83618    0.9900100      49.55
   1225.83801    0.9896200      49.53
   1225.83972    0.9887700      49.49
   1225.84143    0.9875900      49.43
   1225.84314    0.9864700      49.37
   1225.84485    0.9855600      49.33
   1225.84668    0.9845600      49.28
   1225.84839    0.9830200      49.20
   1225.85010    0.9807800      49.09
   1225.85181    0.9780000      48.95
   1225.85352    0.9748000      48.79
   1225.85535    0.9710600      48.60
   1225.85706    0.9666300      48.38
   1225.85876    0.9618300      48.14
   1225.86047    0.9575800      47.92
   1225.86218    0.9550400      47.80
   1225.86401    0.9548500      47.79
   1225.86572    0.9567100      47.88
   1225.86743    0.9597500      48.03
   1225.86914    0.9632500      48.21
   1225.87097    0.9669800      48.39
   1225.87268    0.9708100      48.58
   1225.87439    0.9743500      48.76
   1225.87610    0.9772400      48.91
   1225.87781    0.9795500      49.02
   1225.87964    0.9816300      49.13
   1225.88135    0.9835800      49.22
   1225.88306    0.9852100      49.30
   1225.88477    0.9864500      49.37
   1225.88647    0.9875700      49.42
   1225.88831    0.9887600      49.48
   1225.89001    0.9897800      49.53
   1225.89172    0.9903900      49.56
   1225.89343    0.9907700      49.58
   1225.89526    0.9913100      49.61
   1225.89697    0.9920600      49.65
   1225.89868    0.9926500      49.68
   1225.90039    0.9928600      49.69
   1225.90210    0.9928900      49.69
   1225.90393    0.9929700      49.69
   1225.90564    0.9930600      49.70
   1225.90735    0.9929600      49.69
   1225.90906    0.9927200      49.68
   1225.91077    0.9925100      49.67
   1225.91260    0.9923700      49.66
   1225.91431    0.9921800      49.65
   1225.91602    0.9919000      49.64
   1225.91772    0.9917000      49.63
   1225.91956    0.9917600      49.63
   1225.92126    0.9920500      49.64
   1225.92297    0.9923700      49.66
   1225.92468    0.9925600      49.67
   1225.92639    0.9925600      49.67
   1225.92822    0.9923600      49.66
   1225.92993    0.9920000      49.64
   1225.93164    0.9916000      49.62
   1225.93335    0.9913500      49.61
   1225.93506    0.9913700      49.61
   1225.93689    0.9915600      49.62
   1225.93860    0.9916600      49.62
   1225.94031    0.9915600      49.62
   1225.94202    0.9915100      49.61
   1225.94385    0.9918200      49.63
   1225.94556    0.9924800      49.66
   1225.94727    0.9931200      49.69
   1225.94897    0.9935000      49.71
   1225.95068    0.9937300      49.73
   1225.95251    0.9940200      49.74
   1225.95422    0.9943700      49.76
   1225.95593    0.9946600      49.77
   1225.95764    0.9948800      49.78
   1225.95935    0.9950600      49.79
   1225.96118    0.9951600      49.80
   1225.96289    0.9951400      49.79
   1225.96460    0.9951500      49.79
   1225.96631    0.9953700      49.81
   1225.96814    0.9955900      49.82
   1225.96985    0.9954500      49.81
   1225.97156    0.9949900      49.79
   1225.97327    0.9947100      49.77
   1225.97498    0.9949500      49.78
   1225.97681    0.9954100      49.81
   1225.97852    0.9955900      49.82
   1225.98022    0.9955100      49.81
   1225.98193    0.9955100      49.81
   1225.98376    0.9956000      49.82
   1225.98547    0.9954700      49.81
   1225.98718    0.9950400      49.79
   1225.98889    0.9947100      49.77
   1225.99060    0.9948500      49.78
   1225.99243    0.9952600      49.80
   1225.99414    0.9954500      49.81
   1225.99585    0.9952200      49.80
   1225.99756    0.9948100      49.78
   1225.99927    0.9946700      49.77
   1226.00110    0.9949500      49.78
   1226.00281    0.9953900      49.80
   1226.00452    0.9955700      49.81
   1226.00623    0.9952500      49.80
   1226.00806    0.9946500      49.77
   1226.00977    0.9941400      49.74
   1226.01147    0.9937600      49.72
   1226.01318    0.9933200      49.70
   1226.01489    0.9928900      49.68
   1226.01672    0.9928900      49.68
   1226.01843    0.9934700      49.71
   1226.02014    0.9941200      49.74
   1226.02185    0.9942000      49.74
   1226.02368    0.9937100      49.72
   1226.02539    0.9931700      49.69
   1226.02710    0.9928800      49.68
   1226.02881    0.9927000      49.67
   1226.03052    0.9924700      49.66
   1226.03235    0.9921400      49.64
   1226.03406    0.9915800      49.61
   1226.03577    0.9905600      49.56
   1226.03748    0.9892600      49.49
   1226.03918    0.9882600      49.44
   1226.04102    0.9877900      49.42
   1226.04272    0.9872600      49.39
   1226.04443    0.9859300      49.33
   1226.04614    0.9838000      49.22
   1226.04797    0.9814800      49.10
   1226.04968    0.9794200      49.00
   1226.05139    0.9776200      48.91
   1226.05310    0.9760200      48.83
   1226.05481    0.9747400      48.77
   1226.05664    0.9739100      48.72
   1226.05835    0.9735500      48.71
   1226.06006    0.9738000      48.72
   1226.06177    0.9747700      48.77
   1226.06360    0.9762900      48.84
   1226.06531    0.9779900      48.93
   1226.06702    0.9797800      49.02
   1226.06873    0.9818000      49.12
   1226.07043    0.9839200      49.22
   1226.07227    0.9855600      49.31
   1226.07397    0.9865000      49.35
   1226.07568    0.9872800      49.39
   1226.07739    0.9885700      49.46
   1226.07910    0.9902200      49.54
   1226.08093    0.9914700      49.60
   1226.08264    0.9919300      49.62
   1226.08435    0.9920100      49.63
   1226.08606    0.9922800      49.64
   1226.08789    0.9927200      49.66
   1226.08960    0.9928900      49.67
   1226.09131    0.9924900      49.65
   1226.09302    0.9918600      49.62
   1226.09473    0.9915400      49.60
   1226.09656    0.9916000      49.61
   1226.09827    0.9915500      49.60
   1226.09998    0.9909000      49.57
   1226.10168    0.9898800      49.52
   1226.10352    0.9891500      49.48
   1226.10522    0.9888700      49.47
   1226.10693    0.9885300      49.45
   1226.10864    0.9878900      49.42
   1226.11035    0.9874700      49.40
   1226.11218    0.9876000      49.40
   1226.11389    0.9876600      49.41
   1226.11560    0.9869900      49.37
   1226.11731    0.9862400      49.34
   1226.11914    0.9862100      49.33
   1226.12085    0.9856900      49.31
   1226.12256    0.9821500      49.13
   1226.12427    0.9755400      48.80
   1226.12598    0.9699600      48.52
   1226.12781    0.9698700      48.52
   1226.12952    0.9751400      48.78
   1226.13123    0.9814400      49.09
   1226.13293    0.9852800      49.29
   1226.13464    0.9869200      49.37
   1226.13647    0.9882200      49.43
   1226.13818    0.9895300      49.50
   1226.13989    0.9901000      49.53
   1226.14160    0.9900300      49.52
   1226.14343    0.9902600      49.53
   1226.14514    0.9908100      49.56
   1226.14685    0.9907700      49.56
   1226.14856    0.9898500      49.51
   1226.15027    0.9889600      49.47
   1226.15210    0.9887200      49.46
   1226.15381    0.9885500      49.45
   1226.15552    0.9877400      49.41
   1226.15723    0.9865800      49.35
   1226.15906    0.9858200      49.31
   1226.16077    0.9854500      49.29
   1226.16248    0.9848900      49.26
   1226.16418    0.9839200      49.22
   1226.16589    0.9829100      49.17
   1226.16772    0.9820100      49.12
   1226.16943    0.9808300      49.06
   1226.17114    0.9790900      48.97
   1226.17285    0.9769400      48.87
   1226.17468    0.9745500      48.75
   1226.17639    0.9717000      48.60
   1226.17810    0.9682100      48.43
   1226.17981    0.9644000      48.24
   1226.18152    0.9609000      48.06
   1226.18335    0.9580100      47.92
   1226.18506    0.9556600      47.80
   1226.18677    0.9538800      47.71
   1226.18848    0.9531300      47.67
   1226.19031    0.9538700      47.71
   1226.19202    0.9560300      47.82
   1226.19373    0.9589800      47.97
   1226.19543    0.9621300      48.12
   1226.19714    0.9653900      48.29
   1226.19897    0.9688500      48.46
   1226.20068    0.9723400      48.63
   1226.20239    0.9753900      48.79
   1226.20410    0.9777100      48.90
   1226.20593    0.9795000      48.99
   1226.20764    0.9810800      49.07
   1226.20935    0.9824700      49.14
   1226.21106    0.9834500      49.19
   1226.21277    0.9840300      49.22
   1226.21460    0.9845500      49.24
   1226.21631    0.9852300      49.28
   1226.21802    0.9859400      49.31
   1226.21973    0.9863200      49.33
   1226.22156    0.9862600      49.33
   1226.22327    0.9859400      49.31
   1226.22498    0.9856100      49.30
   1226.22668    0.9853600      49.28
   1226.22839    0.9850800      49.27
   1226.23022    0.9846000      49.24
   1226.23193    0.9840100      49.21
   1226.23364    0.9837400      49.20
   1226.23535    0.9841700      49.22
   1226.23718    0.9850300      49.27
   1226.23889    0.9854700      49.29
   1226.24060    0.9849300      49.26
   1226.24231    0.9837600      49.20
   1226.24402    0.9827700      49.15
   1226.24585    0.9822600      49.13
   1226.24756    0.9817900      49.10
   1226.24927    0.9809400      49.06
   1226.25098    0.9798700      49.01
   1226.25281    0.9789400      48.96
   1226.25452    0.9782500      48.92
   1226.25623    0.9776800      48.90
   1226.25793    0.9772700      48.88
   1226.25964    0.9771600      48.87
   1226.26147    0.9772600      48.87
   1226.26318    0.9772800      48.88
   1226.26489    0.9770400      48.86
   1226.26660    0.9766100      48.84
   1226.26843    0.9760700      48.81
   1226.27014    0.9752900      48.78
   1226.27185    0.9741600      48.72
   1226.27356    0.9728400      48.65
   1226.27527    0.9714200      48.58
   1226.27710    0.9697600      48.50
   1226.27881    0.9676200      48.39
   1226.28052    0.9651900      48.27
   1226.28223    0.9631200      48.17
   1226.28406    0.9619300      48.11
   1226.28577    0.9615900      48.09
   1226.28748    0.9618000      48.10
   1226.28918    0.9625000      48.13
   1226.29089    0.9638900      48.20
   1226.29272    0.9659100      48.30
   1226.29443    0.9681000      48.41
   1226.29614    0.9699900      48.51
   1226.29785    0.9715600      48.59
   1226.29968    0.9730500      48.66
   1226.30139    0.9745300      48.73
   1226.30310    0.9758000      48.80
   1226.30481    0.9766300      48.84
   1226.30652    0.9770600      48.86
   1226.30835    0.9772200      48.87
   1226.31006    0.9772100      48.87
   1226.31177    0.9771500      48.86
   1226.31348    0.9771400      48.86
   1226.31531    0.9770700      48.86
   1226.31702    0.9767300      48.84
   1226.31873    0.9761600      48.81
   1226.32043    0.9757300      48.79
   1226.32214    0.9757900      48.80
   1226.32397    0.9761200      48.81
   1226.32568    0.9761600      48.81
   1226.32739    0.9757100      48.79
   1226.32910    0.9751600      48.76
   1226.33093    0.9749300      48.75
   1226.33264    0.9749200      48.75
   1226.33435    0.9746800      48.74
   1226.33606    0.9738700      48.70
   1226.33777    0.9726100      48.64
   1226.33960    0.9711700      48.56
   1226.34131    0.9697200      48.49
   1226.34302    0.9681700      48.41
   1226.34473    0.9662000      48.31
   1226.34656    0.9635400      48.18
   1226.34827    0.9601900      48.01
   1226.34998    0.9563200      47.82
   1226.35168    0.9519300      47.60
   1226.35339    0.9467700      47.34
   1226.35522    0.9405400      47.03
   1226.35693    0.9330200      46.65
   1226.35864    0.9238600      46.20
   1226.36035    0.9125100      45.63
   1226.36218    0.8986300      44.93
   1226.36389    0.8825400      44.13
   1226.36560    0.8649700      43.25
   1226.36731    0.8468900      42.35
   1226.36914    0.8300900      41.51
   1226.37085    0.8177000      40.89
   1226.37256    0.8131000      40.66
   1226.37427    0.8176300      40.88
   1226.37598    0.8296000      41.48
   1226.37781    0.8456200      42.28
   1226.37952    0.8628500      43.14
   1226.38123    0.8796800      43.99
   1226.38293    0.8951600      44.76
   1226.38477    0.9086200      45.43
   1226.38647    0.9199800      46.00
   1226.38818    0.9295600      46.48
   1226.38989    0.9374700      46.87
   1226.39160    0.9435400      47.18
   1226.39343    0.9480200      47.40
   1226.39514    0.9517400      47.59
   1226.39685    0.9552200      47.76
   1226.39856    0.9581000      47.91
   1226.40039    0.9599400      48.00
   1226.40210    0.9610400      48.05
   1226.40381    0.9620900      48.10
   1226.40552    0.9631500      48.16
   1226.40723    0.9636800      48.18
   1226.40906    0.9634800      48.17
   1226.41077    0.9629500      48.15
   1226.41248    0.9623600      48.12
   1226.41418    0.9613700      48.07
   1226.41602    0.9595900      47.98
   1226.41772    0.9571600      47.86
   1226.41943    0.9545700      47.73
   1226.42114    0.9520500      47.60
   1226.42297    0.9495700      47.48
   1226.42468    0.9471300      47.35
   1226.42639    0.9447000      47.23
   1226.42810    0.9421100      47.10
   1226.42981    0.9392800      46.96
   1226.43164    0.9364700      46.82
   1226.43335    0.9340500      46.70
   1226.43506    0.9320100      46.60
   1226.43677    0.9301500      46.50
   1226.43860    0.9287000      46.43
   1226.44031    0.9283200      46.41
   1226.44202    0.9293500      46.46
   1226.44373    0.9313800      46.57
   1226.44543    0.9337500      46.68
   1226.44727    0.9363100      46.81
   1226.44897    0.9393900      46.97
   1226.45068    0.9430500      47.15
   1226.45239    0.9468600      47.34
   1226.45422    0.9503100      47.51
   1226.45593    0.9531900      47.65
   1226.45764    0.9556300      47.78
   1226.45935    0.9578000      47.89
   1226.46106    0.9598100      47.99
   1226.46289    0.9616800      48.08
   1226.46460    0.9634300      48.17
   1226.46631    0.9650200      48.25
   1226.46802    0.9665100      48.32
   1226.46985    0.9680300      48.40
   1226.47156    0.9695900      48.47
   1226.47327    0.9709900      48.54
   1226.47498    0.9720300      48.60
   1226.47681    0.9727100      48.63
   1226.47852    0.9733400      48.66
   1226.48022    0.9741700      48.70
   1226.48193    0.9752000      48.75
   1226.48364    0.9761900      48.80
   1226.48547    0.9769100      48.84
   1226.48718    0.9774500      48.87
   1226.48889    0.9781700      48.90
   1226.49060    0.9793300      48.96
   1226.49243    0.9807700      49.03
   1226.49414    0.9820200      49.09
   1226.49585    0.9827700      49.13
   1226.49756    0.9831800      49.15
   1226.49939    0.9836700      49.18
   1226.50110    0.9843900      49.21
   1226.50281    0.9851200      49.25
   1226.50452    0.9856400      49.27
   1226.50623    0.9859200      49.29
   1226.50806    0.9860800      49.29
   1226.50977    0.9862200      49.30
   1226.51147    0.9864500      49.31
   1226.51318    0.9868800      49.33
   1226.51501    0.9874300      49.36
   1226.51672    0.9878100      49.38
   1226.51843    0.9878300      49.38
   1226.52014    0.9877100      49.38
   1226.52185    0.9877200      49.38
   1226.52368    0.9878100      49.38
   1226.52539    0.9876800      49.37
   1226.52710    0.9873900      49.36
   1226.52881    0.9873200      49.36
   1226.53064    0.9875100      49.36
   1226.53235    0.9875100      49.36
   1226.53406    0.9871200      49.34
   1226.53577    0.9867300      49.32
   1226.53760    0.9866200      49.32
   1226.53931    0.9863100      49.30
   1226.54102    0.9852400      49.25
   1226.54272    0.9838300      49.18
   1226.54443    0.9828200      49.13
   1226.54626    0.9817000      49.07
   1226.54797    0.9787700      48.93
   1226.54968    0.9736700      48.67
   1226.55139    0.9688700      48.43
   1226.55322    0.9675900      48.37
   1226.55493    0.9704200      48.51
   1226.55664    0.9748600      48.73
   1226.55835    0.9781900      48.90
   1226.56018    0.9798800      48.98
   1226.56189    0.9808700      49.03
   1226.56360    0.9817600      49.07
   1226.56531    0.9824900      49.11
   1226.56702    0.9831600      49.14
   1226.56885    0.9840900      49.19
   1226.57056    0.9850500      49.24
   1226.57227    0.9853900      49.25
   1226.57397    0.9851400      49.24
   1226.57581    0.9851900      49.24
   1226.57751    0.9860400      49.29
   1226.57922    0.9871400      49.34
   1226.58093    0.9876700      49.37
   1226.58276    0.9877000      49.37
   1226.58447    0.9877900      49.37
   1226.58618    0.9879800      49.38
   1226.58789    0.9877800      49.37
   1226.58960    0.9871800      49.34
   1226.59143    0.9869000      49.33
   1226.59314    0.9873700      49.35
   1226.59485    0.9881700      49.39
   1226.59656    0.9886000      49.41
   1226.59839    0.9886200      49.41
   1226.60010    0.9886200      49.41
   1226.60181    0.9886300      49.41
   1226.60352    0.9883600      49.40
   1226.60535    0.9878100      49.37
   1226.60706    0.9874600      49.36
   1226.60876    0.9875200      49.36
   1226.61047    0.9876200      49.36
   1226.61218    0.9873700      49.35
   1226.61401    0.9869800      49.33
   1226.61572    0.9869200      49.33
   1226.61743    0.9872100      49.34
   1226.61914    0.9873400      49.35
   1226.62097    0.9870200      49.33
   1226.62268    0.9864400      49.30
   1226.62439    0.9859400      49.28
   1226.62610    0.9854900      49.26
   1226.62793    0.9848400      49.22
   1226.62964    0.9840200      49.18
   1226.63135    0.9833200      49.15
   1226.63306    0.9829600      49.13
   1226.63477    0.9828400      49.12
   1226.63660    0.9826800      49.11
   1226.63831    0.9823200      49.10
   1226.64001    0.9817500      49.07
   1226.64172    0.9810900      49.03
   1226.64355    0.9804400      49.00
   1226.64526    0.9798600      48.97
   1226.64697    0.9792900      48.94
   1226.64868    0.9785600      48.91
   1226.65051    0.9775100      48.85
   1226.65222    0.9761700      48.79
   1226.65393    0.9748200      48.72
   1226.65564    0.9737900      48.67
   1226.65735    0.9731500      48.64
   1226.65918    0.9726400      48.61
   1226.66089    0.9718600      48.57
   1226.66260    0.9707400      48.52
   1226.66431    0.9695500      48.46
   1226.66614    0.9684200      48.40
   1226.66785    0.9670300      48.33
   1226.66956    0.9649300      48.22
   1226.67126    0.9621700      48.09
   1226.67310    0.9593400      47.94
   1226.67480    0.9568900      47.82
   1226.67651    0.9546100      47.71
   1226.67822    0.9519100      47.57
   1226.67993    0.9484400      47.40
   1226.68176    0.9441200      47.18
   1226.68347    0.9389400      46.92
   1226.68518    0.9328600      46.62
   1226.68689    0.9258800      46.27
   1226.68872    0.9179000      45.87
   1226.69043    0.9084900      45.40
   1226.69214    0.8969900      44.83
   1226.69385    0.8830100      44.13
   1226.69568    0.8662800      43.29
   1226.69739    0.8460500      42.28
   1226.69910    0.8209600      41.03
   1226.70081    0.7897200      39.47
   1226.70251    0.7515300      37.56
   1226.70435    0.7057200      35.27
   1226.70605    0.6518900      32.58
   1226.70776    0.5917600      29.57
   1226.70947    0.5315000      26.56
   1226.71130    0.4811700      24.05
   1226.71301    0.4507900      22.53
   1226.71472    0.4457200      22.27
   1226.71643    0.4651800      23.25
   1226.71826    0.5038700      25.18
   1226.71997    0.5546600      27.72
   1226.72168    0.6103800      30.50
   1226.72339    0.6650300      33.23
   1226.72522    0.7147200      35.72
   1226.72693    0.7578800      37.87
   1226.72864    0.7943100      39.69
   1226.73035    0.8242600      41.19
   1226.73206    0.8482500      42.39
   1226.73389    0.8674400      43.35
   1226.73560    0.8833100      44.14
   1226.73730    0.8968400      44.82
   1226.73901    0.9082200      45.38
   1226.74084    0.9173900      45.84
   1226.74255    0.9247700      46.21
   1226.74426    0.9311000      46.53
   1226.74597    0.9368600      46.82
   1226.74780    0.9420500      47.07
   1226.74951    0.9463700      47.29
   1226.75122    0.9495800      47.45
   1226.75293    0.9517600      47.56
   1226.75464    0.9534900      47.65
   1226.75647    0.9555400      47.75
   1226.75818    0.9581600      47.88
   1226.75989    0.9607100      48.01
   1226.76160    0.9624200      48.09
   1226.76343    0.9633800      48.14
   1226.76514    0.9644200      48.19
   1226.76685    0.9659300      48.27
   1226.76855    0.9671900      48.33
   1226.77039    0.9673400      48.34
   1226.77209    0.9665000      48.29
   1226.77380    0.9655700      48.25
   1226.77551    0.9648700      48.21
   1226.77734    0.9637400      48.16
   1226.77905    0.9614500      48.04
   1226.78076    0.9580800      47.87
   1226.78247    0.9543100      47.68
   1226.78418    0.9504900      47.49
   1226.78601    0.9465200      47.29
   1226.78772    0.9421600      47.08
   1226.78943    0.9374400      46.84
   1226.79114    0.9326500      46.60
   1226.79297    0.9283600      46.39
   1226.79468    0.9253300      46.24
   1226.79639    0.9241700      46.18
   1226.79810    0.9250300      46.22
   1226.79993    0.9277500      46.36
   1226.80164    0.9322500      46.58
   1226.80334    0.9384100      46.89
   1226.80505    0.9455100      47.24
   1226.80688    0.9523100      47.58
   1226.80859    0.9579000      47.86
   1226.81030    0.9623000      48.08
   1226.81201    0.9660200      48.27
   1226.81372    0.9692700      48.43
   1226.81555    0.9718600      48.56
   1226.81726    0.9737300      48.65
   1226.81897    0.9751800      48.72
   1226.82068    0.9765000      48.79
   1226.82251    0.9776500      48.85
   1226.82422    0.9785200      48.89
   1226.82593    0.9792900      48.93
   1226.82764    0.9801600      48.97
   1226.82947    0.9810100      49.01
   1226.83118    0.9814700      49.04
   1226.83289    0.9815400      49.04
   1226.83459    0.9817000      49.05
   1226.83643    0.9823600      49.08
   1226.83813    0.9833100      49.13
   1226.83984    0.9839800      49.16
   1226.84155    0.9840600      49.17
   1226.84326    0.9837700      49.15
   1226.84509    0.9835000      49.14
   1226.84680    0.9834200      49.13
   1226.84851    0.9834700      49.14
   1226.85022    0.9835700      49.14
   1226.85205    0.9836500      49.14
   1226.85376    0.9836800      49.15
   1226.85547    0.9836500      49.14
   1226.85718    0.9836500      49.14
   1226.85901    0.9836300      49.14
   1226.86072    0.9833800      49.13
   1226.86243    0.9828100      49.10
   1226.86414    0.9821500      49.07
   1226.86597    0.9817500      49.05
   1226.86768    0.9816500      49.04
   1226.86938    0.9815700      49.04
   1226.87109    0.9813800      49.03
   1226.87280    0.9812100      49.02
   1226.87463    0.9811200      49.02
   1226.87634    0.9808300      49.00
   1226.87805    0.9801600      48.97
   1226.87976    0.9793700      48.93
   1226.88159    0.9788600      48.90
   1226.88330    0.9786800      48.89
   1226.88501    0.9786000      48.89
   1226.88672    0.9785600      48.89
   1226.88855    0.9787100      48.89
   1226.89026    0.9790800      48.91
   1226.89197    0.9794800      48.93
   1226.89368    0.9798900      48.95
   1226.89551    0.9803900      48.98
   1226.89722    0.9807700      49.00
   1226.89893    0.9806400      48.99
   1226.90063    0.9800300      48.96
   1226.90247    0.9797300      48.94
   1226.90417    0.9803300      48.97
   1226.90588    0.9813400      49.02
   1226.90759    0.9817600      49.05
   1226.90930    0.9814400      49.03
   1226.91113    0.9812700      49.02
   1226.91284    0.9819400      49.05
   1226.91455    0.9828900      49.10
   1226.91626    0.9831200      49.11
   1226.91809    0.9825700      49.08
   1226.91980    0.9821000      49.06
   1226.92151    0.9823400      49.07
   1226.92322    0.9828600      49.10
   1226.92505    0.9829000      49.10
   1226.92676    0.9823700      49.07
   1226.92847    0.9817300      49.04
   1226.93018    0.9811800      49.01
   1226.93201    0.9805300      48.98
   1226.93372    0.9796800      48.94
   1226.93542    0.9789600      48.90
   1226.93713    0.9785400      48.88
   1226.93896    0.9780700      48.86
   1226.94067    0.9771100      48.81
   1226.94238    0.9758500      48.75
   1226.94409    0.9748700      48.70
   1226.94580    0.9743900      48.67
   1226.94763    0.9740600      48.66
   1226.94934    0.9735500      48.63
   1226.95105    0.9730100      48.60
   1226.95276    0.9727200      48.59
   1226.95459    0.9726400      48.59
   1226.95630    0.9725400      48.58
   1226.95801    0.9723000      48.57
   1226.95972    0.9718400      48.55
   1226.96155    0.9710200      48.50
   1226.96326    0.9699100      48.45
   1226.96497    0.9688600      48.40
   1226.96667    0.9680600      48.36
   1226.96851    0.9671300      48.31
   1226.97021    0.9656000      48.23
   1226.97192    0.9637200      48.14
   1226.97363    0.9621100      48.06
   1226.97546    0.9607700      47.99
   1226.97717    0.9590500      47.90
   1226.97888    0.9567200      47.79
   1226.98059    0.9541700      47.66
   1226.98230    0.9511900      47.51
   1226.98413    0.9465200      47.28
   1226.98584    0.9396000      46.93
   1226.98755    0.9322100      46.56
   1226.98926    0.9270200      46.30
   1226.99109    0.9245400      46.18
   1226.99280    0.9225200      46.08
   1226.99451    0.9186000      45.88
   1226.99622    0.9123600      45.57
   1226.99805    0.9043400      45.17
   1226.99976    0.8942700      44.67
   1227.00146    0.8817800      44.04
   1227.00317    0.8683100      43.37
   1227.00500    0.8568500      42.80
   1227.00671    0.8494700      42.43
   1227.00842    0.8459200      42.25
   1227.01013    0.8449800      42.20
   1227.01196    0.8463400      42.27
   1227.01367    0.8502600      42.47
   1227.01538    0.8562400      42.77
   1227.01709    0.8627800      43.09
   1227.01892    0.8684900      43.38
   1227.02063    0.8728400      43.60
   1227.02234    0.8757500      43.74
   1227.02405    0.8770700      43.81
   1227.02576    0.8765300      43.78
   1227.02759    0.8740600      43.66
   1227.02930    0.8699200      43.45
   1227.03101    0.8645800      43.18
   1227.03271    0.8585400      42.88
   1227.03455    0.8520300      42.55
   1227.03625    0.8447800      42.19
   1227.03796    0.8362600      41.77
   1227.03967    0.8262200      41.27
   1227.04150    0.8148300      40.70
   1227.04321    0.8023000      40.07
   1227.04492    0.7884600      39.38
   1227.04663    0.7730500      38.61
   1227.04846    0.7560600      37.76
   1227.05017    0.7376100      36.84
   1227.05188    0.7173800      35.83
   1227.05359    0.6947000      34.70
   1227.05542    0.6693200      33.43
   1227.05713    0.6418600      32.06
   1227.05884    0.6134200      30.64
   1227.06055    0.5848200      29.21
   1227.06238    0.5565800      27.80
   1227.06409    0.5294700      26.44
   1227.06580    0.5048200      25.21
   1227.06750    0.4841200      24.18
   1227.06934    0.4684200      23.39
   1227.07104    0.4582900      22.89
   1227.07275    0.4542100      22.68
   1227.07446    0.4567800      22.81
   1227.07617    0.4662800      23.29
   1227.07800    0.4821900      24.08
   1227.07971    0.5034300      25.14
   1227.08142    0.5288900      26.41
   1227.08313    0.5576600      27.85
   1227.08496    0.5886400      29.40
   1227.08667    0.6202400      30.98
   1227.08838    0.6507800      32.50
   1227.09009    0.6790900      33.91
   1227.09192    0.7047500      35.20
   1227.09363    0.7277200      36.34
   1227.09534    0.7479600      37.35
   1227.09705    0.7652400      38.22
   1227.09888    0.7793300      38.92
   1227.10059    0.7901900      39.46
   1227.10229    0.7984000      39.87
   1227.10400    0.8053700      40.22
   1227.10583    0.8129600      40.60
   1227.10754    0.8225300      41.08
   1227.10925    0.8341600      41.66
   1227.11096    0.8467500      42.29
   1227.11279    0.8588600      42.89
   1227.11450    0.8695500      43.42
   1227.11621    0.8784900      43.87
   1227.11792    0.8858000      44.24
   1227.11975    0.8918900      44.54
   1227.12146    0.8972300      44.81
   1227.12317    0.9021400      45.05
   1227.12488    0.9067400      45.28
   1227.12671    0.9110500      45.50
   1227.12842    0.9151000      45.70
   1227.13013    0.9189300      45.89
   1227.13184    0.9225600      46.07
   1227.13354    0.9261500      46.25
   1227.13538    0.9298700      46.43
   1227.13708    0.9337000      46.63
   1227.13879    0.9373700      46.81
   1227.14050    0.9407300      46.98
   1227.14233    0.9439500      47.14
   1227.14404    0.9472300      47.30
   1227.14575    0.9503800      47.46
   1227.14746    0.9530000      47.59
   1227.14929    0.9550700      47.69
   1227.15100    0.9569900      47.79
   1227.15271    0.9590100      47.89
   1227.15442    0.9608800      47.98
   1227.15625    0.9622600      48.05
   1227.15796    0.9632700      48.10
   1227.15967    0.9642800      48.15
   1227.16138    0.9653700      48.21
   1227.16321    0.9663800      48.26
   1227.16492    0.9672800      48.30
   1227.16663    0.9682500      48.35
   1227.16833    0.9692600      48.40
   1227.17017    0.9699300      48.43
   1227.17188    0.9700400      48.44
   1227.17358    0.9698900      48.43
   1227.17529    0.9700200      48.44
   1227.17712    0.9706300      48.47
   1227.17883    0.9715100      48.51
   1227.18054    0.9723900      48.55
   1227.18225    0.9731200      48.59
   1227.18408    0.9736800      48.62
   1227.18579    0.9741300      48.64
   1227.18750    0.9746000      48.66
   1227.18921    0.9751300      48.69
   1227.19104    0.9755500      48.71
   1227.19275    0.9756200      48.71
   1227.19446    0.9753700      48.70
   1227.19617    0.9751000      48.69
   1227.19788    0.9749800      48.68
   1227.19971    0.9748700      48.68
   1227.20142    0.9745100      48.66
   1227.20312    0.9738400      48.62
   1227.20483    0.9729900      48.58
   1227.20667    0.9720900      48.54
   1227.20837    0.9710700      48.49
   1227.21008    0.9696200      48.41
   1227.21179    0.9674200      48.30
   1227.21362    0.9643900      48.15
   1227.21533    0.9607600      47.97
   1227.21704    0.9565300      47.76
   1227.21875    0.9510900      47.49
   1227.22058    0.9435200      47.11
   1227.22229    0.9334200      46.60
   1227.22400    0.9209800      45.98
   1227.22571    0.9062200      45.25
   1227.22754    0.8891000      44.39
   1227.22925    0.8710500      43.49
   1227.23096    0.8561600      42.75
   1227.23267    0.8495000      42.41
   1227.23450    0.8534300      42.61
   1227.23621    0.8658500      43.23
   1227.23792    0.8821600      44.04
   1227.23962    0.8986700      44.87
   1227.24146    0.9138000      45.62
   1227.24316    0.9270500      46.29
   1227.24487    0.9379900      46.83
   1227.24658    0.9465300      47.26
   1227.24841    0.9532500      47.59
   1227.25012    0.9588400      47.87
   1227.25183    0.9634500      48.10
   1227.25354    0.9669200      48.27
   1227.25537    0.9694000      48.40
   1227.25708    0.9712200      48.49
   1227.25879    0.9725500      48.56
   1227.26050    0.9734400      48.60
   1227.26233    0.9742100      48.64
   1227.26404    0.9752600      48.69
   1227.26575    0.9764900      48.75
   1227.26746    0.9774800      48.80
   1227.26929    0.9781600      48.83
   1227.27100    0.9789600      48.87
   1227.27271    0.9801000      48.93
   1227.27441    0.9811200      48.98
   1227.27625    0.9815100      49.00
   1227.27795    0.9815400      49.00
   1227.27966    0.9819600      49.02
   1227.28137    0.9830700      49.08
   1227.28320    0.9843300      49.14
   1227.28491    0.9850800      49.18
   1227.28662    0.9852700      49.19
   1227.28833    0.9853300      49.19
   1227.29004    0.9855500      49.20
   1227.29187    0.9858500      49.22
   1227.29358    0.9860400      49.23
   1227.29529    0.9861300      49.23
   1227.29700    0.9863300      49.24
   1227.29883    0.9867200      49.26
   1227.30054    0.9871800      49.28
   1227.30225    0.9876200      49.30
   1227.30396    0.9881100      49.33
   1227.30579    0.9887500      49.36
   1227.30750    0.9893100      49.39
   1227.30920    0.9893200      49.39
   1227.31091    0.9887600      49.36
   1227.31274    0.9883400      49.34
   1227.31445    0.9887600      49.36
   1227.31616    0.9897500      49.41
   1227.31787    0.9901900      49.43
   1227.31970    0.9894100      49.39
   1227.32141    0.9879900      49.32
   1227.32312    0.9870100      49.27
   1227.32483    0.9869100      49.27
   1227.32666    0.9872800      49.29
   1227.32837    0.9877300      49.31
   1227.33008    0.9882000      49.33
   1227.33179    0.9886700      49.35
   1227.33362    0.9889600      49.37
   1227.33533    0.9890800      49.37
   1227.33704    0.9892800      49.38
   1227.33875    0.9896700      49.40
   1227.34058    0.9899100      49.42
   1227.34229    0.9897500      49.41
   1227.34399    0.9893800      49.39
   1227.34570    0.9891500      49.38
   1227.34753    0.9889400      49.37
   1227.34924    0.9885500      49.35
   1227.35095    0.9882600      49.33
   1227.35266    0.9886000      49.35
   1227.35449    0.9895000      49.39
   1227.35620    0.9901400      49.43
   1227.35791    0.9900200      49.42
   1227.35962    0.9895800      49.40
   1227.36145    0.9895600      49.40
   1227.36316    0.9899800      49.42
   1227.36487    0.9902900      49.43
   1227.36658    0.9902900      49.43
   1227.36841    0.9902900      49.43
   1227.37012    0.9904100      49.44
   1227.37183    0.9903100      49.43
   1227.37354    0.9898100      49.41
   1227.37537    0.9892800      49.38
   1227.37708    0.9891700      49.38
   1227.37878    0.9894000      49.39
   1227.38049    0.9896500      49.40
   1227.38232    0.9900100      49.42
   1227.38403    0.9907600      49.45
   1227.38574    0.9917400      49.50
   1227.38745    0.9923500      49.53
   1227.38928    0.9923300      49.53
   1227.39099    0.9921200      49.52
   1227.39270    0.9921700      49.52
   1227.39441    0.9923800      49.53
   1227.39624    0.9923500      49.53
   1227.39795    0.9920600      49.52
   1227.39966    0.9918300      49.51
   1227.40137    0.9918200      49.51
   1227.40320    0.9918300      49.51
   1227.40491    0.9917500      49.50
   1227.40662    0.9917300      49.50
   1227.40833    0.9918200      49.50
   1227.41016    0.9917800      49.50
   1227.41187    0.9914200      49.48
   1227.41357    0.9909100      49.46
   1227.41528    0.9905700      49.44
   1227.41711    0.9905800      49.44
   1227.41882    0.9908800      49.46
   1227.42053    0.9913300      49.48
   1227.42224    0.9916000      49.49
   1227.42407    0.9912200      49.47
   1227.42578    0.9900600      49.42
   1227.42749    0.9886600      49.35
   1227.42920    0.9875200      49.29
   1227.43103    0.9862800      49.23
   1227.43274    0.9840000      49.11
   1227.43445    0.9806400      48.94
   1227.43616    0.9776400      48.79
   1227.43799    0.9765700      48.74
   1227.43970    0.9774600      48.79
   1227.44141    0.9789900      48.86
   1227.44312    0.9801500      48.92
   1227.44495    0.9811600      48.97
   1227.44666    0.9825100      49.04
   1227.44836    0.9838200      49.10
   1227.45007    0.9843100      49.13
   1227.45190    0.9839500      49.11
   1227.45361    0.9837200      49.10
   1227.45532    0.9844400      49.13
   1227.45703    0.9859300      49.21
   1227.45886    0.9874800      49.28
   1227.46057    0.9887500      49.35
   1227.46228    0.9898700      49.40
   1227.46399    0.9909200      49.46
   1227.46582    0.9916600      49.49
   1227.46753    0.9919400      49.51
   1227.46924    0.9919700      49.51
   1227.47095    0.9920100      49.51
   1227.47278    0.9920600      49.51
   1227.47449    0.9919800      49.51
   1227.47620    0.9918000      49.50
   1227.47791    0.9916500      49.49
   1227.47974    0.9915000      49.48
   1227.48145    0.9911000      49.46
   1227.48315    0.9903500      49.43
   1227.48486    0.9895800      49.39
   1227.48669    0.9892400      49.37
   1227.48840    0.9894200      49.38
   1227.49011    0.9897000      49.39
   1227.49182    0.9896300      49.39
   1227.49365    0.9891800      49.37
   1227.49536    0.9886500      49.34
   1227.49707    0.9881200      49.31
   1227.49878    0.9873300      49.27
   1227.50061    0.9859900      49.21
   1227.50232    0.9842000      49.12
   1227.50403    0.9822500      49.02
   1227.50574    0.9798700      48.90
   1227.50757    0.9763000      48.72
   1227.50928    0.9712900      48.47
   1227.51099    0.9659200      48.20
   1227.51270    0.9621300      48.01
   1227.51453    0.9611100      47.96
   1227.51624    0.9624400      48.03
   1227.51794    0.9648500      48.15
   1227.51965    0.9675000      48.28
   1227.52148    0.9703400      48.42
   1227.52319    0.9735100      48.58
   1227.52490    0.9768200      48.75
   1227.52661    0.9799600      48.90
   1227.52844    0.9827100      49.04
   1227.53015    0.9849200      49.15
   1227.53186    0.9865100      49.23
   1227.53357    0.9875900      49.28
   1227.53540    0.9884700      49.33
   1227.53711    0.9893400      49.37
   1227.53882    0.9900100      49.40
   1227.54053    0.9902100      49.41
   1227.54236    0.9900000      49.40
   1227.54407    0.9897800      49.39
   1227.54578    0.9898900      49.40
   1227.54749    0.9903200      49.42
   1227.54932    0.9908600      49.45
   1227.55103    0.9912500      49.46
   1227.55273    0.9913200      49.47
   1227.55444    0.9910000      49.45
   1227.55627    0.9904600      49.42
   1227.55798    0.9900700      49.40
   1227.55969    0.9900700      49.40
   1227.56140    0.9903300      49.42
   1227.56323    0.9904700      49.42
   1227.56494    0.9902900      49.42
   1227.56665    0.9899400      49.40
   1227.56836    0.9897200      49.39
   1227.57019    0.9897500      49.39
   1227.57190    0.9898600      49.39
   1227.57361    0.9898300      49.39
   1227.57532    0.9896200      49.38
   1227.57715    0.9894000      49.37
   1227.57886    0.9893800      49.37
   1227.58057    0.9896100      49.38
   1227.58228    0.9900100      49.40
   1227.58411    0.9904300      49.42
   1227.58582    0.9907700      49.44
   1227.58752    0.9909800      49.45
   1227.58923    0.9910300      49.45
   1227.59106    0.9909400      49.45
   1227.59277    0.9906900      49.43
   1227.59448    0.9903100      49.41
   1227.59631    0.9899200      49.39
   1227.59802    0.9896200      49.38
   1227.59973    0.9893900      49.37
   1227.60144    0.9890700      49.35
   1227.60327    0.9885600      49.33
   1227.60498    0.9879200      49.29
   1227.60669    0.9871800      49.26
   1227.60840    0.9861800      49.21
   1227.61023    0.9848700      49.14
   1227.61194    0.9834800      49.07
   1227.61365    0.9823700      49.02
   1227.61536    0.9814700      48.97
   1227.61719    0.9803900      48.92
   1227.61890    0.9788700      48.84
   1227.62061    0.9771600      48.76
   1227.62231    0.9755000      48.67
   1227.62415    0.9735400      48.57
   1227.62585    0.9706700      48.43
   1227.62756    0.9667000      48.23
   1227.62927    0.9619600      48.00
   1227.63110    0.9566000      47.73
   1227.63281    0.9501600      47.41
   1227.63452    0.9421700      47.01
   1227.63623    0.9330900      46.56
   1227.63806    0.9246200      46.13
   1227.63977    0.9190200      45.85
   1227.64148    0.9180300      45.80
   1227.64319    0.9219400      46.00
   1227.64502    0.9294500      46.37
   1227.64673    0.9384200      46.82
   1227.64844    0.9470100      47.25
   1227.65015    0.9543800      47.62
   1227.65198    0.9605700      47.93
   1227.65369    0.9658200      48.19
   1227.65540    0.9702200      48.41
   1227.65710    0.9737300      48.58
   1227.65894    0.9764500      48.72
   1227.66064    0.9786200      48.82
   1227.66235    0.9804700      48.92
   1227.66406    0.9821200      49.00
   1227.66589    0.9834800      49.07
   1227.66760    0.9844000      49.11
   1227.66931    0.9848600      49.14
   1227.67102    0.9850900      49.15
   1227.67285    0.9854000      49.16
   1227.67456    0.9859200      49.19
   1227.67627    0.9864700      49.22
   1227.67798    0.9868700      49.24
   1227.67981    0.9871700      49.25
   1227.68152    0.9875900      49.27
   1227.68323    0.9882400      49.30
   1227.68494    0.9889400      49.34
   1227.68677    0.9894400      49.36
   1227.68848    0.9896200      49.37
   1227.69019    0.9897100      49.38
   1227.69202    0.9900100      49.39
   1227.69373    0.9905800      49.42
   1227.69543    0.9911500      49.45
   1227.69714    0.9914600      49.46
   1227.69897    0.9915400      49.47
   1227.70068    0.9916300      49.47
   1227.70239    0.9918200      49.48
   1227.70410    0.9919300      49.49
   1227.70593    0.9918600      49.48
   1227.70764    0.9917700      49.48
   1227.70935    0.9917900      49.48
   1227.71106    0.9917400      49.48
   1227.71289    0.9913600      49.46
   1227.71460    0.9907000      49.42
   1227.71631    0.9901600      49.40
   1227.71802    0.9898700      49.38
   1227.71985    0.9895800      49.37
   1227.72156    0.9890800      49.34
   1227.72327    0.9886300      49.32
   1227.72498    0.9886900      49.32
   1227.72681    0.9892600      49.35
   1227.72852    0.9898600      49.38
   1227.73022    0.9901400      49.39
   1227.73193    0.9902500      49.40
   1227.73376    0.9905200      49.41
   1227.73547    0.9910000      49.44
   1227.73718    0.9913800      49.45
   1227.73889    0.9914200      49.46
   1227.74072    0.9911900      49.45
   1227.74243    0.9908800      49.43
   1227.74414    0.9905600      49.41
   1227.74585    0.9901500      49.39
   1227.74768    0.9895500      49.36
   1227.74939    0.9887900      49.32
   1227.75110    0.9880700      49.29
   1227.75293    0.9875400      49.26
   1227.75464    0.9871100      49.24
   1227.75635    0.9865200      49.21
   1227.75806    0.9856300      49.17
   1227.75989    0.9845900      49.11
   1227.76160    0.9835400      49.06
   1227.76331    0.9823400      49.00
   1227.76501    0.9807100      48.92
   1227.76685    0.9787400      48.82
   1227.76855    0.9769300      48.73
   1227.77026    0.9756200      48.67
   1227.77197    0.9745600      48.61
   1227.77380    0.9732600      48.55
   1227.77551    0.9716400      48.47
   1227.77722    0.9700300      48.39
   1227.77893    0.9685800      48.31
   1227.78076    0.9670900      48.24
   1227.78247    0.9653900      48.15
   1227.78418    0.9638000      48.08
   1227.78589    0.9628300      48.03
   1227.78772    0.9625400      48.01
   1227.78943    0.9626500      48.02
   1227.79114    0.9630000      48.03
   1227.79285    0.9637600      48.07
   1227.79468    0.9649400      48.13
   1227.79639    0.9661000      48.19
   1227.79810    0.9667000      48.22
   1227.79980    0.9666200      48.21
   1227.80164    0.9662400      48.20
   1227.80334    0.9659400      48.18
   1227.80505    0.9657700      48.17
   1227.80676    0.9655700      48.16
   1227.80859    0.9652600      48.15
   1227.81030    0.9650200      48.13
   1227.81201    0.9651900      48.14
   1227.81384    0.9659700      48.18
   1227.81555    0.9672500      48.24
   1227.81726    0.9686600      48.31
   1227.81897    0.9698300      48.37
   1227.82080    0.9706300      48.41
   1227.82251    0.9711300      48.44
   1227.82422    0.9713500      48.45
   1227.82593    0.9712700      48.44
   1227.82776    0.9709200      48.43
   1227.82947    0.9705200      48.41
   1227.83118    0.9702600      48.39
   1227.83289    0.9701400      48.39
   1227.83472    0.9700900      48.38
   1227.83643    0.9702400      48.39
   1227.83813    0.9710500      48.43
   1227.83984    0.9729300      48.53
   1227.84167    0.9758100      48.67
   1227.84338    0.9789400      48.83
   1227.84509    0.9815100      48.95
   1227.84680    0.9832800      49.04
   1227.84863    0.9846500      49.11
   1227.85034    0.9860500      49.18
   1227.85205    0.9874700      49.25
   1227.85376    0.9886600      49.31
   1227.85559    0.9896000      49.36
   1227.85730    0.9904700      49.40
   1227.85901    0.9911700      49.43
   1227.86084    0.9913300      49.44
   1227.86255    0.9908600      49.42
   1227.86426    0.9903100      49.39
   1227.86597    0.9902800      49.39
   1227.86780    0.9906900      49.41
   1227.86951    0.9908800      49.42
   1227.87122    0.9903800      49.39
   1227.87292    0.9893600      49.34
   1227.87476    0.9883000      49.29
   1227.87646    0.9874500      49.25
   1227.87817    0.9866700      49.21
   1227.87988    0.9856200      49.16
   1227.88171    0.9839400      49.07
   1227.88342    0.9815500      48.95
   1227.88513    0.9787600      48.81
   1227.88684    0.9759800      48.67
   1227.88867    0.9731500      48.53
   1227.89038    0.9696400      48.36
   1227.89209    0.9650700      48.13
   1227.89380    0.9601500      47.88
   1227.89563    0.9564800      47.70
   1227.89734    0.9551000      47.63
   1227.89905    0.9556400      47.66
   1227.90088    0.9568400      47.72
   1227.90259    0.9579000      47.77
   1227.90430    0.9591600      47.83
   1227.90601    0.9613900      47.94
   1227.90784    0.9646900      48.11
   1227.90955    0.9683300      48.29
   1227.91125    0.9715200      48.45
   1227.91296    0.9743000      48.59
   1227.91479    0.9772100      48.73
   1227.91650    0.9804400      48.89
   1227.91821    0.9834200      49.04
   1227.91992    0.9854700      49.14
   1227.92175    0.9866200      49.20
   1227.92346    0.9874000      49.24
   1227.92517    0.9882000      49.28
   1227.92688    0.9889800      49.32
   1227.92871    0.9897200      49.36
   1227.93042    0.9904500      49.39
   1227.93213    0.9909600      49.42
   1227.93384    0.9908000      49.41
   1227.93567    0.9899400      49.37
   1227.93738    0.9891800      49.33
   1227.93909    0.9892300      49.33
   1227.94092    0.9898300      49.36
   1227.94263    0.9901200      49.37
   1227.94434    0.9898700      49.36
   1227.94604    0.9897700      49.36
   1227.94788    0.9902900      49.38
   1227.94958    0.9909600      49.42
   1227.95129    0.9909800      49.42
   1227.95300    0.9902700      49.38
   1227.95483    0.9894200      49.34
   1227.95654    0.9889200      49.31
   1227.95825    0.9887500      49.31
   1227.95996    0.9887500      49.30
   1227.96179    0.9888600      49.31
   1227.96350    0.9889500      49.31
   1227.96521    0.9887900      49.31
   1227.96692    0.9884100      49.29
   1227.96875    0.9880800      49.27
   1227.97046    0.9879800      49.27
   1227.97217    0.9879500      49.26
   1227.97400    0.9878600      49.26
   1227.97571    0.9879400      49.26
   1227.97742    0.9884100      49.29
   1227.97913    0.9890900      49.32
   1227.98096    0.9895800      49.34
   1227.98267    0.9898300      49.36
   1227.98438    0.9901500      49.37
   1227.98608    0.9906600      49.40
   1227.98792    0.9911600      49.42
   1227.98962    0.9914700      49.44
   1227.99133    0.9917800      49.45
   1227.99304    0.9922500      49.48
   1227.99487    0.9927100      49.50
   1227.99658    0.9928200      49.50
   1227.99829    0.9926200      49.49
   1228.00000    0.9924500      49.49
   1228.00183    0.9925000      49.49
   1228.00354    0.9926500      49.50
   1228.00525    0.9927100      49.50
   1228.00696    0.9926600      49.50
   1228.00879    0.9924700      49.49
   1228.01050    0.9921100      49.47
   1228.01221    0.9917000      49.45
   1228.01404    0.9915600      49.44
   1228.01575    0.9917700      49.45
   1228.01746    0.9919300      49.46
   1228.01917    0.9916600      49.44
   1228.02100    0.9911100      49.42
   1228.02271    0.9907900      49.40
   1228.02441    0.9907400      49.40
   1228.02612    0.9905200      49.39
   1228.02795    0.9899300      49.36
   1228.02966    0.9894200      49.33
   1228.03137    0.9894200      49.33
   1228.03308    0.9897000      49.35
   1228.03491    0.9898400      49.35
   1228.03662    0.9899100      49.36
   1228.03833    0.9902300      49.37
   1228.04004    0.9905800      49.39
   1228.04187    0.9903100      49.38
   1228.04358    0.9893900      49.33
   1228.04529    0.9886700      49.29
   1228.04712    0.9887600      49.30
   1228.04883    0.9891200      49.32
   1228.05054    0.9887800      49.30
   1228.05225    0.9877000      49.24
   1228.05408    0.9866900      49.19
   1228.05579    0.9861800      49.17
   1228.05750    0.9855700      49.14
   1228.05920    0.9841400      49.07
   1228.06104    0.9819700      48.96
   1228.06274    0.9796100      48.84
   1228.06445    0.9771500      48.72
   1228.06616    0.9740500      48.56
   1228.06799    0.9698900      48.36
   1228.06970    0.9649400      48.11
   1228.07141    0.9598600      47.86
   1228.07324    0.9552600      47.63
   1228.07495    0.9515600      47.44
   1228.07666    0.9492800      47.33
   1228.07837    0.9490300      47.31
   1228.08020    0.9510800      47.42
   1228.08191    0.9549200      47.61
   1228.08362    0.9593400      47.83
   1228.08533    0.9632200      48.02
   1228.08716    0.9663500      48.18
   1228.08887    0.9692900      48.32
   1228.09058    0.9724700      48.48
   1228.09229    0.9756200      48.64
   1228.09412    0.9782500      48.77
   1228.09583    0.9802800      48.87
   1228.09753    0.9820600      48.96
   1228.09924    0.9837900      49.05
