   1216.00049    0.9788300      49.83
   1216.00220    0.9756600      49.67
   1216.00391    0.9719800      49.48
   1216.00562    0.9678400      49.27
   1216.00732    0.9631400      49.03
   1216.00903    0.9575400      48.75
   1216.01074    0.9510900      48.42
   1216.01245    0.9448600      48.10
   1216.01416    0.9406900      47.89
   1216.01587    0.9400900      47.86
   1216.01758    0.9432200      48.02
   1216.01929    0.9488500      48.30
   1216.02100    0.9553000      48.63
   1216.02271    0.9614000      48.94
   1216.02441    0.9667700      49.21
   1216.02612    0.9713100      49.45
   1216.02783    0.9748400      49.62
   1216.02954    0.9771700      49.74
   1216.03125    0.9785000      49.81
   1216.03296    0.9794100      49.86
   1216.03467    0.9803200      49.90
   1216.03638    0.9810600      49.94
   1216.03809    0.9810900      49.94
   1216.03979    0.9800800      49.89
   1216.04150    0.9781600      49.79
   1216.04321    0.9755100      49.66
   1216.04492    0.9721700      49.49
   1216.04663    0.9685300      49.30
   1216.04834    0.9656900      49.16
   1216.05005    0.9650000      49.12
   1216.05176    0.9667600      49.21
   1216.05347    0.9698700      49.37
   1216.05518    0.9727800      49.52
   1216.05688    0.9748000      49.62
   1216.05847    0.9762000      49.69
   1216.06018    0.9773000      49.75
   1216.06189    0.9777700      49.77
   1216.06360    0.9771900      49.74
   1216.06531    0.9756800      49.66
   1216.06702    0.9738400      49.57
   1216.06873    0.9719000      49.47
   1216.07043    0.9695000      49.35
   1216.07214    0.9662400      49.18
   1216.07385    0.9620900      48.97
   1216.07556    0.9571100      48.72
   1216.07727    0.9508900      48.40
   1216.07898    0.9428100      47.99
   1216.08069    0.9326700      47.47
   1216.08240    0.9207400      46.87
   1216.08411    0.9070100      46.17
   1216.08582    0.8909400      45.35
   1216.08752    0.8726900      44.42
   1216.08923    0.8546400      43.50
   1216.09094    0.8412100      42.82
   1216.09265    0.8364800      42.58
   1216.09436    0.8417000      42.84
   1216.09607    0.8547500      43.51
   1216.09778    0.8718700      44.38
   1216.09949    0.8897400      45.29
   1216.10120    0.9064100      46.14
   1216.10291    0.9211100      46.88
   1216.10461    0.9336500      47.52
   1216.10632    0.9441100      48.05
   1216.10803    0.9526000      48.49
   1216.10974    0.9592500      48.82
   1216.11145    0.9643900      49.09
   1216.11316    0.9685900      49.30
   1216.11487    0.9722400      49.48
   1216.11658    0.9752600      49.64
   1216.11829    0.9774400      49.75
   1216.12000    0.9789200      49.82
   1216.12170    0.9802600      49.89
   1216.12341    0.9819200      49.98
   1216.12512    0.9837900      50.07
   1216.12683    0.9854600      50.16
   1216.12854    0.9866300      50.22
   1216.13025    0.9873000      50.25
   1216.13196    0.9876600      50.27
   1216.13367    0.9879700      50.28
   1216.13538    0.9883600      50.30
   1216.13708    0.9887300      50.32
   1216.13879    0.9889000      50.33
   1216.14050    0.9889900      50.34
   1216.14221    0.9893700      50.35
   1216.14392    0.9901200      50.39
   1216.14563    0.9907800      50.43
   1216.14734    0.9909800      50.44
   1216.14905    0.9910800      50.44
   1216.15076    0.9917100      50.47
   1216.15247    0.9927500      50.53
   1216.15417    0.9933700      50.56
   1216.15588    0.9931500      50.55
   1216.15759    0.9926600      50.52
   1216.15930    0.9926000      50.52
   1216.16101    0.9928100      50.53
   1216.16272    0.9926500      50.52
   1216.16443    0.9921400      50.49
   1216.16614    0.9920400      50.49
   1216.16785    0.9927500      50.52
   1216.16956    0.9937700      50.58
   1216.17126    0.9944100      50.61
   1216.17297    0.9945300      50.61
   1216.17468    0.9944700      50.61
   1216.17639    0.9944600      50.61
   1216.17810    0.9945900      50.62
   1216.17981    0.9949400      50.63
   1216.18152    0.9954200      50.66
   1216.18323    0.9956000      50.67
   1216.18494    0.9951700      50.65
   1216.18665    0.9944600      50.61
   1216.18835    0.9941600      50.59
   1216.19006    0.9944000      50.61
   1216.19177    0.9946500      50.62
   1216.19348    0.9944800      50.61
   1216.19519    0.9941300      50.59
   1216.19690    0.9940700      50.59
   1216.19861    0.9943300      50.60
   1216.20032    0.9946000      50.62
   1216.20203    0.9947700      50.62
   1216.20374    0.9949200      50.63
   1216.20544    0.9950400      50.64
   1216.20715    0.9949300      50.63
   1216.20874    0.9945500      50.61
   1216.21045    0.9940100      50.58
   1216.21216    0.9933800      50.55
   1216.21387    0.9926700      50.52
   1216.21558    0.9921300      50.49
   1216.21729    0.9920800      50.49
   1216.21899    0.9923100      50.50
   1216.22070    0.9920600      50.48
   1216.22241    0.9909800      50.43
   1216.22412    0.9897200      50.36
   1216.22583    0.9891900      50.34
   1216.22754    0.9892900      50.34
   1216.22925    0.9890800      50.33
   1216.23096    0.9879400      50.27
   1216.23267    0.9862900      50.19
   1216.23438    0.9848500      50.12
   1216.23608    0.9837500      50.06
   1216.23779    0.9828000      50.01
   1216.23950    0.9821900      49.98
   1216.24121    0.9822900      49.99
   1216.24292    0.9829000      50.02
   1216.24463    0.9831500      50.03
   1216.24634    0.9825700      50.00
   1216.24805    0.9816800      49.95
   1216.24976    0.9813600      49.94
   1216.25146    0.9816700      49.95
   1216.25317    0.9819500      49.97
   1216.25488    0.9817800      49.96
   1216.25659    0.9814300      49.94
   1216.25830    0.9813400      49.94
   1216.26001    0.9814900      49.94
   1216.26172    0.9816400      49.95
   1216.26343    0.9818600      49.96
   1216.26514    0.9824700      49.99
   1216.26685    0.9834400      50.04
   1216.26855    0.9844200      50.09
   1216.27026    0.9852000      50.13
   1216.27197    0.9858600      50.16
   1216.27368    0.9864500      50.19
   1216.27539    0.9867500      50.21
   1216.27710    0.9866400      50.20
   1216.27881    0.9864100      50.19
   1216.28052    0.9862700      50.18
   1216.28223    0.9859900      50.17
   1216.28394    0.9852600      50.13
   1216.28564    0.9842700      50.08
   1216.28735    0.9833600      50.04
   1216.28906    0.9822400      49.98
   1216.29077    0.9801500      49.87
   1216.29248    0.9768900      49.71
   1216.29419    0.9729300      49.50
   1216.29590    0.9679600      49.25
   1216.29761    0.9603900      48.87
   1216.29932    0.9494100      48.31
   1216.30103    0.9375800      47.71
   1216.30273    0.9300700      47.32
   1216.30444    0.9304900      47.34
   1216.30615    0.9376800      47.71
   1216.30786    0.9470200      48.18
   1216.30957    0.9543600      48.56
   1216.31128    0.9584300      48.77
   1216.31299    0.9600500      48.85
   1216.31470    0.9602200      48.86
   1216.31641    0.9593400      48.81
   1216.31812    0.9573900      48.71
   1216.31982    0.9541300      48.55
   1216.32153    0.9492200      48.30
   1216.32324    0.9425700      47.96
   1216.32495    0.9345500      47.55
   1216.32666    0.9256000      47.09
   1216.32837    0.9158600      46.60
   1216.33008    0.9055100      46.07
   1216.33179    0.8956100      45.57
   1216.33350    0.8881700      45.19
   1216.33521    0.8851800      45.04
   1216.33691    0.8874900      45.15
   1216.33862    0.8945400      45.51
   1216.34033    0.9048400      46.04
   1216.34204    0.9166400      46.64
   1216.34375    0.9283100      47.23
   1216.34546    0.9386400      47.76
   1216.34717    0.9472000      48.19
   1216.34888    0.9542400      48.55
   1216.35059    0.9602200      48.85
   1216.35229    0.9653100      49.11
   1216.35400    0.9694200      49.32
   1216.35571    0.9726000      49.48
   1216.35742    0.9752600      49.62
   1216.35913    0.9778000      49.75
   1216.36084    0.9801200      49.86
   1216.36255    0.9818300      49.95
   1216.36426    0.9828700      50.00
   1216.36597    0.9836800      50.05
   1216.36768    0.9846800      50.10
   1216.36938    0.9857600      50.15
   1216.37109    0.9865400      50.19
   1216.37280    0.9870400      50.22
   1216.37451    0.9876400      50.25
   1216.37622    0.9884100      50.28
   1216.37793    0.9889000      50.31
   1216.37964    0.9887500      50.30
   1216.38135    0.9883300      50.28
   1216.38306    0.9883900      50.28
   1216.38477    0.9891300      50.32
   1216.38647    0.9899200      50.36
   1216.38818    0.9900900      50.37
   1216.38989    0.9897100      50.35
   1216.39160    0.9894400      50.34
   1216.39331    0.9896900      50.35
   1216.39502    0.9902300      50.38
   1216.39673    0.9905300      50.39
   1216.39844    0.9904300      50.39
   1216.40015    0.9902100      50.37
   1216.40186    0.9901600      50.37
   1216.40356    0.9902400      50.38
   1216.40527    0.9901800      50.37
   1216.40698    0.9898800      50.36
   1216.40869    0.9894600      50.34
   1216.41040    0.9891200      50.32
   1216.41211    0.9888600      50.30
   1216.41382    0.9885400      50.29
   1216.41553    0.9882400      50.27
   1216.41724    0.9881600      50.27
   1216.41895    0.9882800      50.27
   1216.42065    0.9882000      50.27
   1216.42236    0.9876500      50.24
   1216.42407    0.9868400      50.20
   1216.42578    0.9862600      50.17
   1216.42749    0.9859300      50.15
   1216.42920    0.9854000      50.13
   1216.43091    0.9843500      50.07
   1216.43262    0.9831700      50.01
   1216.43433    0.9823400      49.97
   1216.43604    0.9817300      49.94
   1216.43774    0.9806800      49.89
   1216.43945    0.9789300      49.80
   1216.44116    0.9769100      49.69
   1216.44287    0.9750400      49.60
   1216.44458    0.9730600      49.50
   1216.44629    0.9704200      49.36
   1216.44800    0.9670100      49.19
   1216.44971    0.9631300      48.99
   1216.45142    0.9588200      48.77
   1216.45312    0.9536100      48.51
   1216.45483    0.9470800      48.18
   1216.45654    0.9394000      47.78
   1216.45825    0.9312100      47.37
   1216.45996    0.9234500      46.97
   1216.46167    0.9173400      46.66
   1216.46338    0.9142000      46.50
   1216.46509    0.9147500      46.53
   1216.46667    0.9184300      46.72
   1216.46838    0.9237300      46.99
   1216.47009    0.9292500      47.27
   1216.47180    0.9342000      47.52
   1216.47351    0.9382100      47.72
   1216.47522    0.9410900      47.87
   1216.47693    0.9428900      47.96
   1216.47864    0.9439900      48.02
   1216.48035    0.9446700      48.05
   1216.48206    0.9447300      48.05
   1216.48376    0.9438700      48.01
   1216.48547    0.9421700      47.92
   1216.48718    0.9400700      47.82
   1216.48889    0.9377900      47.70
   1216.49060    0.9351300      47.56
   1216.49231    0.9318000      47.40
   1216.49402    0.9277500      47.19
   1216.49573    0.9230300      46.95
   1216.49744    0.9175800      46.67
   1216.49915    0.9112400      46.35
   1216.50085    0.9038600      45.97
   1216.50256    0.8951900      45.53
   1216.50427    0.8848100      45.00
   1216.50598    0.8722900      44.37
   1216.50769    0.8573300      43.61
   1216.50940    0.8394900      42.70
   1216.51111    0.8180700      41.61
   1216.51282    0.7923900      40.30
   1216.51453    0.7622700      38.77
   1216.51624    0.7279000      37.02
   1216.51794    0.6895700      35.07
   1216.51965    0.6479200      32.95
   1216.52136    0.6053200      30.79
   1216.52307    0.5666200      28.82
   1216.52478    0.5383300      27.38
   1216.52649    0.5260700      26.76
   1216.52820    0.5321600      27.07
   1216.52991    0.5547700      28.22
   1216.53162    0.5889600      29.96
   1216.53333    0.6290200      31.99
   1216.53503    0.6703600      34.09
   1216.53674    0.7101700      36.12
   1216.53845    0.7468100      37.98
   1216.54016    0.7791800      39.63
   1216.54187    0.8068400      41.04
   1216.54358    0.8302500      42.23
   1216.54529    0.8502500      43.24
   1216.54700    0.8673200      44.11
   1216.54871    0.8815900      44.84
   1216.55042    0.8934500      45.44
   1216.55212    0.9036600      45.96
   1216.55383    0.9127000      46.42
   1216.55554    0.9205000      46.82
   1216.55725    0.9270100      47.15
   1216.55896    0.9326000      47.43
   1216.56067    0.9376800      47.69
   1216.56238    0.9420400      47.91
   1216.56409    0.9453100      48.08
   1216.56580    0.9476200      48.19
   1216.56750    0.9495300      48.29
   1216.56921    0.9513100      48.38
   1216.57092    0.9529300      48.46
   1216.57263    0.9546700      48.55
   1216.57434    0.9571300      48.68
   1216.57605    0.9603500      48.84
   1216.57776    0.9635700      49.00
   1216.57947    0.9662000      49.14
   1216.58118    0.9685500      49.26
   1216.58289    0.9711500      49.39
   1216.58459    0.9737000      49.52
   1216.58630    0.9754500      49.61
   1216.58801    0.9764200      49.66
   1216.58972    0.9774100      49.71
   1216.59143    0.9788800      49.78
   1216.59314    0.9804300      49.86
   1216.59485    0.9816300      49.92
   1216.59656    0.9825900      49.97
   1216.59827    0.9835900      50.02
   1216.59998    0.9844200      50.06
   1216.60168    0.9848900      50.09
   1216.60339    0.9853300      50.11
   1216.60510    0.9861500      50.15
   1216.60681    0.9870600      50.20
   1216.60852    0.9873800      50.21
   1216.61023    0.9871800      50.20
   1216.61194    0.9873000      50.21
   1216.61365    0.9881400      50.25
   1216.61536    0.9889200      50.29
   1216.61707    0.9888200      50.28
   1216.61877    0.9881300      50.25
   1216.62048    0.9877600      50.23
   1216.62219    0.9879400      50.24
   1216.62390    0.9879700      50.24
   1216.62561    0.9874600      50.21
   1216.62732    0.9868300      50.18
   1216.62903    0.9866400      50.17
   1216.63074    0.9866600      50.17
   1216.63245    0.9863500      50.16
   1216.63416    0.9857800      50.13
   1216.63586    0.9855400      50.12
   1216.63757    0.9858400      50.13
   1216.63928    0.9862200      50.15
   1216.64099    0.9863200      50.16
   1216.64270    0.9864800      50.16
   1216.64441    0.9871500      50.20
   1216.64612    0.9881500      50.25
   1216.64783    0.9889500      50.29
   1216.64954    0.9894300      50.31
   1216.65125    0.9899200      50.34
   1216.65295    0.9904800      50.37
   1216.65466    0.9907100      50.38
   1216.65637    0.9903800      50.36
   1216.65808    0.9898600      50.33
   1216.65979    0.9895800      50.32
   1216.66150    0.9893700      50.31
   1216.66321    0.9888000      50.28
   1216.66492    0.9878900      50.23
   1216.66663    0.9870200      50.19
   1216.66833    0.9861700      50.15
   1216.67004    0.9849300      50.08
   1216.67175    0.9832300      50.00
   1216.67346    0.9814900      49.91
   1216.67517    0.9798500      49.82
   1216.67688    0.9776200      49.71
   1216.67859    0.9740300      49.53
   1216.68030    0.9691200      49.28
   1216.68201    0.9633600      48.98
   1216.68372    0.9566700      48.64
   1216.68542    0.9485400      48.23
   1216.68713    0.9391800      47.75
   1216.68884    0.9300500      47.29
   1216.69055    0.9229900      46.93
   1216.69226    0.9190700      46.73
   1216.69397    0.9185500      46.71
   1216.69568    0.9214300      46.85
   1216.69739    0.9274000      47.15
   1216.69910    0.9354900      47.57
   1216.70081    0.9441900      48.01
   1216.70251    0.9522200      48.42
   1216.70422    0.9590500      48.76
   1216.70593    0.9646500      49.05
   1216.70764    0.9691300      49.28
   1216.70935    0.9726900      49.46
   1216.71106    0.9755600      49.60
   1216.71277    0.9778700      49.72
   1216.71448    0.9795200      49.80
   1216.71619    0.9804000      49.85
   1216.71790    0.9806900      49.86
   1216.71960    0.9808100      49.87
   1216.72131    0.9811100      49.88
   1216.72302    0.9817000      49.91
   1216.72473    0.9825100      49.95
   1216.72644    0.9834800      50.00
   1216.72815    0.9845900      50.06
   1216.72986    0.9858500      50.12
   1216.73157    0.9872100      50.19
   1216.73328    0.9884800      50.26
   1216.73499    0.9895300      50.31
   1216.73669    0.9904600      50.36
   1216.73840    0.9914200      50.41
   1216.74011    0.9923800      50.46
   1216.74182    0.9930500      50.49
   1216.74353    0.9933300      50.50
   1216.74524    0.9935700      50.52
   1216.74695    0.9941600      50.54
   1216.74866    0.9949500      50.58
   1216.75037    0.9954200      50.61
   1216.75208    0.9953900      50.61
   1216.75378    0.9952400      50.60
   1216.75549    0.9953200      50.60
   1216.75720    0.9954800      50.61
   1216.75891    0.9953900      50.61
   1216.76062    0.9951000      50.59
   1216.76233    0.9949000      50.58
   1216.76404    0.9948200      50.58
   1216.76575    0.9946200      50.57
   1216.76746    0.9942000      50.55
   1216.76917    0.9936300      50.52
   1216.77087    0.9928300      50.48
   1216.77258    0.9915400      50.41
   1216.77429    0.9897200      50.32
   1216.77600    0.9876900      50.21
   1216.77771    0.9856000      50.11
   1216.77942    0.9831300      49.98
   1216.78113    0.9799700      49.82
   1216.78284    0.9764700      49.64
   1216.78467    0.9732100      49.48
   1216.78638    0.9703000      49.33
   1216.78809    0.9675100      49.19
   1216.78979    0.9651500      49.07
   1216.79150    0.9642200      49.02
   1216.79321    0.9653500      49.08
   1216.79492    0.9680000      49.21
   1216.79663    0.9710400      49.37
   1216.79834    0.9739700      49.51
   1216.80005    0.9770400      49.67
   1216.80176    0.9804300      49.84
   1216.80347    0.9838100      50.01
   1216.80518    0.9866200      50.16
   1216.80688    0.9886600      50.26
   1216.80859    0.9900100      50.33
   1216.81030    0.9908100      50.37
   1216.81201    0.9911700      50.39
   1216.81372    0.9912800      50.39
   1216.81543    0.9912900      50.39
   1216.81714    0.9912600      50.39
   1216.81885    0.9912400      50.39
   1216.82056    0.9913400      50.40
   1216.82227    0.9915100      50.40
   1216.82397    0.9915500      50.41
   1216.82568    0.9913000      50.39
   1216.82739    0.9909500      50.37
   1216.82910    0.9908000      50.37
   1216.83081    0.9908100      50.37
   1216.83252    0.9907500      50.36
   1216.83423    0.9906400      50.36
   1216.83594    0.9907200      50.36
   1216.83765    0.9909800      50.38
   1216.83936    0.9909800      50.38
   1216.84106    0.9904300      50.35
   1216.84277    0.9896800      50.31
   1216.84448    0.9892600      50.29
   1216.84619    0.9891200      50.28
   1216.84790    0.9886300      50.25
   1216.84961    0.9874700      50.20
   1216.85132    0.9861000      50.13
   1216.85303    0.9851100      50.08
   1216.85474    0.9844200      50.04
   1216.85645    0.9834700      49.99
   1216.85815    0.9820600      49.92
   1216.85986    0.9806000      49.85
   1216.86157    0.9794100      49.79
   1216.86328    0.9782100      49.72
   1216.86499    0.9764600      49.63
   1216.86670    0.9741100      49.52
   1216.86841    0.9715500      49.39
   1216.87012    0.9690500      49.26
   1216.87183    0.9665000      49.13
   1216.87354    0.9639200      49.00
   1216.87524    0.9616200      48.88
   1216.87695    0.9597300      48.78
   1216.87866    0.9579000      48.69
   1216.88037    0.9557300      48.58
   1216.88208    0.9535200      48.47
   1216.88379    0.9521100      48.40
   1216.88550    0.9518300      48.38
   1216.88721    0.9521700      48.40
   1216.88892    0.9525600      48.42
   1216.89062    0.9532300      48.45
   1216.89233    0.9548100      48.53
   1216.89404    0.9572900      48.66
   1216.89575    0.9598500      48.79
   1216.89746    0.9618100      48.89
   1216.89917    0.9634300      48.97
   1216.90088    0.9654300      49.07
   1216.90259    0.9680100      49.20
   1216.90430    0.9705900      49.33
   1216.90601    0.9725900      49.43
   1216.90771    0.9741700      49.51
   1216.90942    0.9758600      49.60
   1216.91113    0.9778100      49.70
   1216.91284    0.9797000      49.80
   1216.91455    0.9811800      49.87
   1216.91626    0.9823800      49.93
   1216.91797    0.9835200      49.99
   1216.91968    0.9845300      50.04
   1216.92139    0.9851700      50.07
   1216.92310    0.9854600      50.09
   1216.92480    0.9857900      50.10
   1216.92651    0.9863700      50.13
   1216.92822    0.9869300      50.16
   1216.92993    0.9871400      50.17
   1216.93164    0.9871400      50.17
   1216.93335    0.9873700      50.18
   1216.93506    0.9880500      50.22
   1216.93677    0.9888700      50.26
   1216.93848    0.9894300      50.29
   1216.94019    0.9896400      50.30
   1216.94189    0.9897300      50.30
   1216.94360    0.9899200      50.31
   1216.94531    0.9902700      50.33
   1216.94702    0.9907400      50.35
   1216.94873    0.9912500      50.38
   1216.95044    0.9917200      50.40
   1216.95215    0.9921500      50.42
   1216.95386    0.9926200      50.45
   1216.95557    0.9931400      50.47
   1216.95728    0.9935700      50.50
   1216.95898    0.9938000      50.51
   1216.96069    0.9939300      50.51
   1216.96240    0.9941400      50.53
   1216.96411    0.9945000      50.54
   1216.96582    0.9947500      50.56
   1216.96753    0.9946800      50.55
   1216.96924    0.9943000      50.53
   1216.97095    0.9939500      50.51
   1216.97266    0.9939700      50.52
   1216.97437    0.9943900      50.54
   1216.97607    0.9949500      50.57
   1216.97778    0.9953400      50.58
   1216.97949    0.9955200      50.59
   1216.98120    0.9956800      50.60
   1216.98291    0.9959100      50.61
   1216.98462    0.9960400      50.62
   1216.98633    0.9958800      50.61
   1216.98804    0.9955500      50.59
   1216.98975    0.9953900      50.59
   1216.99146    0.9955500      50.59
   1216.99316    0.9958000      50.61
   1216.99487    0.9959200      50.61
   1216.99658    0.9959000      50.61
   1216.99829    0.9959000      50.61
   1217.00000    0.9959800      50.62
   1217.00171    0.9961400      50.62
   1217.00342    0.9963200      50.63
   1217.00513    0.9963500      50.63
   1217.00684    0.9960300      50.62
   1217.00854    0.9954800      50.59
   1217.01025    0.9952400      50.58
   1217.01196    0.9956600      50.60
   1217.01367    0.9963000      50.63
   1217.01538    0.9963700      50.63
   1217.01709    0.9956900      50.60
   1217.01880    0.9949500      50.56
   1217.02051    0.9947700      50.55
   1217.02222    0.9949800      50.56
   1217.02393    0.9950000      50.56
   1217.02563    0.9947100      50.55
   1217.02734    0.9944500      50.54
   1217.02905    0.9943500      50.53
   1217.03076    0.9941400      50.52
   1217.03247    0.9937200      50.50
   1217.03418    0.9933800      50.48
   1217.03589    0.9933400      50.48
   1217.03760    0.9934400      50.48
   1217.03931    0.9935000      50.49
   1217.04102    0.9936700      50.49
   1217.04272    0.9941800      50.52
   1217.04456    0.9948200      50.55
   1217.04626    0.9952200      50.57
   1217.04797    0.9954100      50.58
   1217.04968    0.9957200      50.60
   1217.05139    0.9962300      50.62
   1217.05310    0.9966200      50.64
   1217.05481    0.9966500      50.64
   1217.05652    0.9965200      50.64
   1217.05823    0.9964900      50.64
   1217.05994    0.9964300      50.63
   1217.06165    0.9960500      50.61
   1217.06335    0.9954500      50.58
   1217.06506    0.9949900      50.56
   1217.06677    0.9948300      50.55
   1217.06848    0.9947500      50.55
   1217.07019    0.9945900      50.54
   1217.07190    0.9943600      50.53
   1217.07361    0.9941200      50.51
   1217.07532    0.9938200      50.50
   1217.07703    0.9936100      50.49
   1217.07874    0.9938200      50.50
   1217.08044    0.9945100      50.53
   1217.08215    0.9952500      50.57
   1217.08386    0.9955800      50.59
   1217.08557    0.9955400      50.59
   1217.08728    0.9955000      50.58
   1217.08899    0.9956200      50.59
   1217.09070    0.9956100      50.59
   1217.09241    0.9952300      50.57
   1217.09412    0.9946000      50.54
   1217.09583    0.9939400      50.50
   1217.09753    0.9933100      50.47
   1217.09924    0.9927400      50.44
   1217.10095    0.9922900      50.42
   1217.10266    0.9919400      50.40
   1217.10437    0.9914500      50.38
   1217.10608    0.9907400      50.34
   1217.10779    0.9901800      50.31
   1217.10950    0.9902300      50.31
   1217.11121    0.9908800      50.35
   1217.11292    0.9916000      50.38
   1217.11462    0.9919900      50.40
   1217.11633    0.9921900      50.41
   1217.11804    0.9925300      50.43
   1217.11975    0.9930800      50.46
   1217.12146    0.9937000      50.49
   1217.12317    0.9943700      50.52
   1217.12488    0.9951900      50.56
   1217.12659    0.9960600      50.61
   1217.12830    0.9967000      50.64
   1217.13000    0.9968900      50.65
   1217.13171    0.9967900      50.64
   1217.13342    0.9967900      50.64
   1217.13513    0.9970400      50.66
   1217.13684    0.9973900      50.67
   1217.13855    0.9976200      50.69
   1217.14026    0.9977000      50.69
   1217.14197    0.9977200      50.69
   1217.14368    0.9976800      50.69
   1217.14539    0.9974800      50.68
   1217.14709    0.9970800      50.66
   1217.14880    0.9967000      50.64
   1217.15051    0.9965300      50.63
   1217.15222    0.9965400      50.63
   1217.15393    0.9964400      50.63
   1217.15564    0.9960700      50.61
   1217.15735    0.9955800      50.58
   1217.15906    0.9952200      50.56
   1217.16077    0.9950400      50.55
   1217.16248    0.9948300      50.54
   1217.16418    0.9944400      50.52
   1217.16589    0.9939600      50.50
   1217.16760    0.9935800      50.48
   1217.16931    0.9933900      50.47
   1217.17102    0.9933300      50.47
   1217.17273    0.9934300      50.47
   1217.17444    0.9937100      50.48
   1217.17615    0.9940100      50.50
   1217.17786    0.9939500      50.50
   1217.17957    0.9933200      50.46
   1217.18127    0.9924800      50.42
   1217.18298    0.9921000      50.40
   1217.18469    0.9924700      50.42
   1217.18640    0.9932000      50.46
   1217.18811    0.9936900      50.48
   1217.18982    0.9937500      50.49
   1217.19153    0.9936000      50.48
   1217.19324    0.9934300      50.47
   1217.19507    0.9931600      50.45
   1217.19678    0.9927200      50.43
   1217.19849    0.9921500      50.40
   1217.20020    0.9914300      50.37
   1217.20190    0.9904000      50.31
   1217.20361    0.9891100      50.25
   1217.20532    0.9879200      50.19
   1217.20703    0.9871700      50.15
   1217.20874    0.9867400      50.13
   1217.21045    0.9862900      50.10
   1217.21216    0.9859400      50.09
   1217.21387    0.9861200      50.10
   1217.21558    0.9870300      50.14
   1217.21729    0.9882800      50.21
   1217.21899    0.9893700      50.26
   1217.22070    0.9902200      50.30
   1217.22241    0.9909700      50.34
   1217.22412    0.9917000      50.38
   1217.22583    0.9923800      50.41
   1217.22754    0.9930800      50.45
   1217.22925    0.9938800      50.49
   1217.23096    0.9946800      50.53
   1217.23267    0.9952300      50.56
   1217.23438    0.9954700      50.57
   1217.23608    0.9955400      50.57
   1217.23779    0.9956000      50.58
   1217.23950    0.9956700      50.58
   1217.24121    0.9957100      50.58
   1217.24292    0.9957000      50.58
   1217.24463    0.9955000      50.57
   1217.24634    0.9950000      50.54
   1217.24805    0.9942300      50.50
   1217.24976    0.9934200      50.46
   1217.25146    0.9927100      50.43
   1217.25317    0.9921200      50.40
   1217.25488    0.9916200      50.37
   1217.25659    0.9912300      50.35
   1217.25830    0.9909400      50.34
   1217.26001    0.9907100      50.32
   1217.26172    0.9906800      50.32
   1217.26343    0.9910400      50.34
   1217.26514    0.9917100      50.38
   1217.26685    0.9923000      50.40
   1217.26855    0.9926500      50.42
   1217.27026    0.9930000      50.44
   1217.27197    0.9935800      50.47
   1217.27368    0.9942200      50.50
   1217.27539    0.9946700      50.52
   1217.27710    0.9950600      50.54
   1217.27881    0.9956600      50.57
   1217.28052    0.9963000      50.61
   1217.28223    0.9965400      50.62
   1217.28394    0.9964400      50.61
   1217.28564    0.9965800      50.62
   1217.28735    0.9972000      50.65
   1217.28906    0.9977100      50.68
   1217.29077    0.9975900      50.67
   1217.29248    0.9971600      50.65
   1217.29419    0.9971200      50.65
   1217.29590    0.9975100      50.67
   1217.29761    0.9976800      50.68
   1217.29932    0.9973600      50.66
   1217.30103    0.9969900      50.64
   1217.30273    0.9969600      50.64
   1217.30444    0.9970300      50.64
   1217.30615    0.9967900      50.63
   1217.30786    0.9963500      50.61
   1217.30957    0.9961500      50.60
   1217.31128    0.9961900      50.60
   1217.31311    0.9960900      50.59
   1217.31482    0.9956400      50.57
   1217.31653    0.9950900      50.54
   1217.31824    0.9946200      50.52
   1217.31995    0.9941200      50.49
   1217.32166    0.9935200      50.46
   1217.32336    0.9930200      50.44
   1217.32507    0.9927100      50.42
   1217.32678    0.9922700      50.40
   1217.32849    0.9912000      50.34
   1217.33020    0.9895800      50.26
   1217.33191    0.9880200      50.18
   1217.33362    0.9869900      50.13
   1217.33533    0.9864500      50.10
   1217.33704    0.9861000      50.08
   1217.33875    0.9858900      50.07
   1217.34045    0.9860400      50.08
   1217.34216    0.9865600      50.11
   1217.34387    0.9871200      50.14
   1217.34558    0.9874100      50.15
   1217.34729    0.9875200      50.16
   1217.34900    0.9876900      50.16
   1217.35071    0.9880000      50.18
   1217.35242    0.9882000      50.19
   1217.35413    0.9880700      50.18
   1217.35583    0.9877400      50.17
   1217.35754    0.9874100      50.15
   1217.35925    0.9870700      50.13
   1217.36096    0.9864900      50.10
   1217.36267    0.9854300      50.05
   1217.36438    0.9835400      49.95
   1217.36609    0.9799700      49.77
   1217.36780    0.9738900      49.46
   1217.36951    0.9657900      49.05
   1217.37122    0.9582900      48.67
   1217.37292    0.9547900      48.49
   1217.37463    0.9568500      48.60
   1217.37634    0.9629200      48.90
   1217.37805    0.9698000      49.25
   1217.37976    0.9750600      49.52
   1217.38147    0.9781000      49.67
   1217.38318    0.9792600      49.73
   1217.38489    0.9788300      49.71
   1217.38660    0.9769800      49.62
   1217.38831    0.9740500      49.47
   1217.39001    0.9705400      49.29
   1217.39172    0.9668100      49.10
   1217.39343    0.9632400      48.92
   1217.39514    0.9603800      48.77
   1217.39685    0.9587900      48.69
   1217.39856    0.9586800      48.69
   1217.40027    0.9598900      48.75
   1217.40198    0.9622700      48.87
   1217.40369    0.9657100      49.04
   1217.40540    0.9699600      49.26
   1217.40710    0.9744800      49.49
   1217.40881    0.9788000      49.71
   1217.41052    0.9826200      49.90
   1217.41223    0.9858200      50.06
   1217.41406    0.9883500      50.19
   1217.41577    0.9902300      50.29
   1217.41748    0.9916600      50.36
   1217.41919    0.9928000      50.42
   1217.42090    0.9937500      50.47
   1217.42261    0.9945900      50.51
   1217.42432    0.9953800      50.55
   1217.42603    0.9960100      50.58
   1217.42773    0.9961300      50.59
   1217.42944    0.9956200      50.56
   1217.43115    0.9949900      50.53
   1217.43286    0.9948900      50.52
   1217.43457    0.9953900      50.55
   1217.43628    0.9959000      50.57
   1217.43799    0.9958900      50.57
   1217.43970    0.9955200      50.55
   1217.44141    0.9953200      50.54
   1217.44312    0.9955500      50.55
   1217.44482    0.9959500      50.57
   1217.44653    0.9961800      50.59
   1217.44824    0.9962200      50.59
   1217.44995    0.9963400      50.59
   1217.45166    0.9967400      50.61
   1217.45337    0.9972500      50.64
   1217.45508    0.9973800      50.65
   1217.45679    0.9968800      50.62
   1217.45850    0.9960400      50.58
   1217.46021    0.9955200      50.55
   1217.46191    0.9956300      50.56
   1217.46362    0.9960000      50.58
   1217.46533    0.9961600      50.58
   1217.46704    0.9960900      50.58
   1217.46875    0.9960800      50.58
   1217.47046    0.9961500      50.58
   1217.47217    0.9959900      50.57
   1217.47388    0.9955400      50.55
   1217.47559    0.9951100      50.53
   1217.47729    0.9948700      50.52
   1217.47900    0.9946400      50.51
   1217.48071    0.9942000      50.48
   1217.48242    0.9937700      50.46
   1217.48413    0.9936700      50.46
   1217.48584    0.9938600      50.46
   1217.48755    0.9940500      50.47
   1217.48926    0.9941200      50.48
   1217.49097    0.9941200      50.48
   1217.49268    0.9939400      50.47
   1217.49438    0.9934500      50.44
   1217.49609    0.9928800      50.41
   1217.49780    0.9926800      50.40
   1217.49951    0.9929300      50.42
   1217.50122    0.9932300      50.43
   1217.50305    0.9932100      50.43
   1217.50476    0.9929800      50.42
   1217.50647    0.9927400      50.41
   1217.50818    0.9925100      50.39
   1217.50989    0.9923100      50.38
   1217.51160    0.9923500      50.39
   1217.51331    0.9926800      50.40
   1217.51501    0.9929500      50.42
   1217.51672    0.9927500      50.41
   1217.51843    0.9922000      50.38
   1217.52014    0.9916400      50.35
   1217.52185    0.9911500      50.32
   1217.52356    0.9905500      50.29
   1217.52527    0.9899200      50.26
   1217.52698    0.9894500      50.24
   1217.52869    0.9890100      50.21
   1217.53040    0.9882300      50.18
   1217.53210    0.9871100      50.12
   1217.53381    0.9861600      50.07
   1217.53552    0.9856300      50.04
   1217.53723    0.9851100      50.02
   1217.53894    0.9840800      49.96
   1217.54065    0.9825800      49.89
   1217.54236    0.9809800      49.81
   1217.54407    0.9793800      49.72
   1217.54578    0.9775800      49.63
   1217.54749    0.9754500      49.52
   1217.54919    0.9730000      49.40
   1217.55090    0.9701000      49.25
   1217.55261    0.9665300      49.07
   1217.55432    0.9621700      48.85
   1217.55603    0.9570300      48.59
   1217.55774    0.9511100      48.29
   1217.55945    0.9445000      47.95
   1217.56116    0.9373800      47.59
   1217.56287    0.9298100      47.21
   1217.56458    0.9216100      46.79
   1217.56628    0.9128100      46.34
   1217.56799    0.9039900      45.90
   1217.56970    0.8959000      45.48
   1217.57141    0.8889100      45.13
   1217.57312    0.8832100      44.84
   1217.57483    0.8793300      44.64
   1217.57654    0.8777200      44.56
   1217.57825    0.8781600      44.58
   1217.57996    0.8800200      44.68
   1217.58167    0.8830200      44.83
   1217.58337    0.8870600      45.03
   1217.58521    0.8914800      45.26
   1217.58691    0.8954200      45.46
   1217.58862    0.8988000      45.63
   1217.59033    0.9019600      45.79
   1217.59204    0.9041900      45.90
   1217.59375    0.9037000      45.88
   1217.59546    0.8996000      45.67
   1217.59717    0.8923000      45.30
   1217.59888    0.8812800      44.74
   1217.60059    0.8637200      43.85
   1217.60229    0.8365400      42.47
   1217.60400    0.7978900      40.51
   1217.60571    0.7451200      37.83
   1217.60742    0.6745200      34.24
   1217.60913    0.5892200      29.91
   1217.61084    0.5084000      25.81
   1217.61255    0.4624900      23.48
   1217.61426    0.4725400      23.99
   1217.61597    0.5330400      27.06
   1217.61768    0.6170100      31.32
   1217.61938    0.6975800      35.41
   1217.62109    0.7630600      38.74
   1217.62280    0.8141900      41.33
   1217.62451    0.8537300      43.34
   1217.62622    0.8826200      44.81
   1217.62793    0.9027300      45.83
   1217.62964    0.9177700      46.59
   1217.63135    0.9304400      47.23
   1217.63306    0.9408100      47.76
   1217.63477    0.9484500      48.15
   1217.63647    0.9543400      48.45
   1217.63818    0.9598500      48.73
   1217.63989    0.9650600      48.99
   1217.64160    0.9692400      49.20
   1217.64331    0.9723000      49.36
   1217.64502    0.9747700      49.48
   1217.64673    0.9768900      49.59
   1217.64844    0.9785000      49.67
   1217.65015    0.9796500      49.73
   1217.65186    0.9807000      49.78
   1217.65356    0.9817600      49.84
   1217.65527    0.9826800      49.88
   1217.65698    0.9835400      49.93
   1217.65881    0.9846700      49.98
   1217.66052    0.9860100      50.05
   1217.66223    0.9869500      50.10
   1217.66394    0.9871200      50.11
   1217.66565    0.9870100      50.10
   1217.66736    0.9873300      50.12
   1217.66907    0.9880200      50.15
   1217.67078    0.9884500      50.17
   1217.67249    0.9884300      50.17
   1217.67419    0.9885400      50.18
   1217.67590    0.9891600      50.21
   1217.67761    0.9897200      50.24
   1217.67932    0.9893800      50.22
   1217.68103    0.9882900      50.17
   1217.68274    0.9875400      50.13
   1217.68445    0.9877600      50.14
   1217.68616    0.9883400      50.17
   1217.68787    0.9883900      50.17
   1217.68958    0.9879600      50.15
   1217.69128    0.9878000      50.14
   1217.69299    0.9882000      50.16
   1217.69470    0.9886600      50.18
   1217.69641    0.9888900      50.19
   1217.69812    0.9892900      50.21
   1217.69983    0.9902100      50.26
   1217.70154    0.9912500      50.31
   1217.70325    0.9917200      50.34
   1217.70496    0.9917700      50.34
   1217.70667    0.9921600      50.36
   1217.70837    0.9931500      50.41
   1217.71008    0.9940000      50.45
   1217.71179    0.9940600      50.46
   1217.71350    0.9936700      50.44
   1217.71521    0.9936500      50.43
   1217.71692    0.9941700      50.46
   1217.71863    0.9945200      50.48
   1217.72034    0.9941900      50.46
   1217.72205    0.9935800      50.43
   1217.72375    0.9933500      50.42
   1217.72546    0.9934500      50.42
   1217.72717    0.9933200      50.42
   1217.72900    0.9928300      50.39
   1217.73071    0.9924900      50.37
   1217.73242    0.9925300      50.38
   1217.73413    0.9925400      50.38
   1217.73584    0.9921300      50.36
   1217.73755    0.9916700      50.33
   1217.73926    0.9915200      50.32
   1217.74097    0.9912300      50.31
   1217.74268    0.9901600      50.25
   1217.74438    0.9887400      50.18
   1217.74609    0.9877000      50.13
   1217.74780    0.9862400      50.06
   1217.74951    0.9823000      49.86
   1217.75122    0.9757800      49.52
   1217.75293    0.9700000      49.23
   1217.75464    0.9684900      49.15
   1217.75635    0.9705800      49.26
   1217.75806    0.9718500      49.32
   1217.75977    0.9692300      49.19
   1217.76147    0.9642400      48.94
   1217.76318    0.9607700      48.76
   1217.76489    0.9608300      48.76
   1217.76660    0.9631400      48.88
   1217.76831    0.9651700      48.98
   1217.77002    0.9652500      48.99
   1217.77173    0.9631700      48.88
   1217.77344    0.9595700      48.70
   1217.77515    0.9546900      48.45
   1217.77686    0.9473600      48.08
   1217.77856    0.9354400      47.47
   1217.78027    0.9172600      46.55
   1217.78198    0.8920800      45.27
   1217.78369    0.8593800      43.61
   1217.78540    0.8202900      41.63
   1217.78711    0.7817900      39.68
   1217.78882    0.7575700      38.45
   1217.79053    0.7599000      38.56
   1217.79224    0.7885000      40.02
   1217.79407    0.8292900      42.09
   1217.79578    0.8660200      43.95
   1217.79749    0.8921000      45.27
   1217.79919    0.9103000      46.20
   1217.80090    0.9240300      46.89
   1217.80261    0.9330300      47.35
   1217.80432    0.9368100      47.54
   1217.80603    0.9378000      47.59
   1217.80774    0.9384300      47.62
   1217.80945    0.9375000      47.58
   1217.81116    0.9320000      47.30
   1217.81287    0.9218300      46.78
   1217.81458    0.9104900      46.21
   1217.81628    0.9011600      45.73
   1217.81799    0.8931800      45.33
   1217.81970    0.8822200      44.77
   1217.82141    0.8631900      43.80
   1217.82312    0.8343200      42.34
   1217.82483    0.8004300      40.62
   1217.82654    0.7720700      39.18
   1217.82825    0.7588200      38.51
   1217.82996    0.7618200      38.66
   1217.83167    0.7734900      39.25
   1217.83337    0.7848100      39.83
   1217.83508    0.7919800      40.19
   1217.83679    0.7963600      40.41
   1217.83850    0.8004300      40.62
   1217.84021    0.8056200      40.88
   1217.84192    0.8127200      41.24
   1217.84363    0.8219400      41.71
   1217.84534    0.8326000      42.25
   1217.84705    0.8442100      42.84
   1217.84875    0.8573300      43.51
   1217.85046    0.8716300      44.23
   1217.85217    0.8839100      44.85
   1217.85388    0.8907800      45.20
   1217.85571    0.8938400      45.36
   1217.85742    0.8995700      45.65
   1217.85913    0.9121300      46.28
   1217.86084    0.9284700      47.11
   1217.86255    0.9422600      47.81
   1217.86426    0.9512500      48.27
   1217.86597    0.9579700      48.61
   1217.86768    0.9645600      48.94
   1217.86938    0.9700100      49.22
   1217.87109    0.9731700      49.38
   1217.87280    0.9752400      49.49
   1217.87451    0.9778200      49.62
   1217.87622    0.9805100      49.75
   1217.87793    0.9822300      49.84
   1217.87964    0.9832700      49.89
   1217.88135    0.9844900      49.95
   1217.88306    0.9854700      50.00
   1217.88477    0.9853200      50.00
   1217.88647    0.9846700      49.96
   1217.88818    0.9847800      49.97
   1217.88989    0.9853100      50.00
   1217.89160    0.9848500      49.97
   1217.89331    0.9835100      49.90
   1217.89502    0.9827300      49.86
   1217.89673    0.9825600      49.86
   1217.89844    0.9815300      49.80
   1217.90015    0.9795800      49.70
   1217.90186    0.9784900      49.65
   1217.90356    0.9777800      49.61
   1217.90527    0.9732100      49.38
   1217.90698    0.9625100      48.84
   1217.90869    0.9510700      48.26
   1217.91040    0.9480400      48.10
   1217.91211    0.9561400      48.51
   1217.91382    0.9686100      49.15
   1217.91565    0.9772400      49.58
   1217.91736    0.9807100      49.76
   1217.91907    0.9831000      49.88
   1217.92078    0.9866800      50.06
   1217.92249    0.9896300      50.21
   1217.92419    0.9903300      50.25
   1217.92590    0.9903300      50.25
   1217.92761    0.9916500      50.31
   1217.92932    0.9935800      50.41
   1217.93103    0.9940500      50.44
   1217.93274    0.9931000      50.39
   1217.93445    0.9928400      50.37
   1217.93616    0.9941200      50.44
   1217.93787    0.9952900      50.50
   1217.93958    0.9948600      50.48
   1217.94128    0.9937800      50.42
   1217.94299    0.9938000      50.42
   1217.94470    0.9947400      50.47
   1217.94641    0.9949300      50.48
   1217.94812    0.9940500      50.43
   1217.94983    0.9936000      50.41
   1217.95154    0.9942300      50.44
   1217.95325    0.9945100      50.46
   1217.95496    0.9935100      50.41
   1217.95667    0.9925700      50.36
   1217.95837    0.9929800      50.38
   1217.96008    0.9931900      50.39
   1217.96179    0.9910200      50.28
   1217.96350    0.9876300      50.11
   1217.96521    0.9858200      50.02
   1217.96692    0.9839500      49.92
   1217.96863    0.9759500      49.51
   1217.97034    0.9602700      48.72
   1217.97217    0.9455200      47.97
   1217.97388    0.9428900      47.84
   1217.97559    0.9535900      48.38
   1217.97729    0.9678500      49.10
   1217.97900    0.9765200      49.54
   1217.98071    0.9796000      49.70
   1217.98242    0.9821200      49.83
   1217.98413    0.9858300      50.01
   1217.98584    0.9885600      50.15
   1217.98755    0.9892700      50.19
   1217.98926    0.9897100      50.21
   1217.99097    0.9910700      50.28
   1217.99268    0.9924300      50.35
   1217.99438    0.9929100      50.37
   1217.99609    0.9931400      50.38
   1217.99780    0.9938000      50.42
   1217.99951    0.9944800      50.45
   1218.00122    0.9947700      50.47
   1218.00293    0.9951100      50.48
   1218.00464    0.9956500      50.51
   1218.00635    0.9957700      50.52
   1218.00806    0.9952700      50.49
   1218.00977    0.9949300      50.47
   1218.01147    0.9951500      50.48
   1218.01318    0.9953700      50.50
   1218.01489    0.9952900      50.49
   1218.01660    0.9955200      50.50
   1218.01831    0.9961300      50.53
   1218.02002    0.9960600      50.53
   1218.02173    0.9950100      50.48
   1218.02344    0.9942700      50.44
   1218.02527    0.9944600      50.45
   1218.02698    0.9940400      50.43
   1218.02869    0.9919900      50.32
   1218.03040    0.9900800      50.23
   1218.03210    0.9901500      50.23
   1218.03381    0.9904500      50.24
   1218.03552    0.9880700      50.12
   1218.03723    0.9841300      49.92
   1218.03894    0.9819700      49.81
   1218.04065    0.9796700      49.70
   1218.04236    0.9700300      49.21
   1218.04407    0.9513600      48.26
   1218.04578    0.9343500      47.40
   1218.04749    0.9324800      47.30
   1218.04919    0.9467700      48.03
   1218.05090    0.9648200      48.94
   1218.05261    0.9752500      49.47
   1218.05432    0.9781500      49.62
   1218.05603    0.9800500      49.71
   1218.05774    0.9836200      49.90
   1218.05945    0.9864000      50.04
   1218.06116    0.9869800      50.07
   1218.06287    0.9872400      50.08
   1218.06458    0.9885800      50.15
   1218.06628    0.9897700      50.21
   1218.06799    0.9898100      50.21
   1218.06970    0.9899600      50.22
   1218.07141    0.9914900      50.29
   1218.07312    0.9933200      50.39
   1218.07483    0.9937500      50.41
   1218.07654    0.9932500      50.38
   1218.07837    0.9935700      50.40
   1218.08008    0.9948300      50.46
   1218.08179    0.9954600      50.49
   1218.08350    0.9949300      50.47
   1218.08521    0.9946200      50.45
   1218.08691    0.9953800      50.49
   1218.08862    0.9960800      50.52
   1218.09033    0.9955500      50.50
   1218.09204    0.9945500      50.45
   1218.09375    0.9944400      50.44
   1218.09546    0.9949300      50.47
   1218.09717    0.9946500      50.45
   1218.09888    0.9937000      50.40
   1218.10059    0.9934700      50.39
   1218.10229    0.9940700      50.42
   1218.10400    0.9938700      50.41
   1218.10571    0.9922900      50.33
   1218.10742    0.9910300      50.27
   1218.10913    0.9912000      50.28
   1218.11084    0.9912600      50.28
   1218.11255    0.9896500      50.20
   1218.11426    0.9876900      50.10
   1218.11597    0.9873000      50.08
   1218.11768    0.9870400      50.06
   1218.11938    0.9840600      49.91
   1218.12109    0.9794000      49.68
   1218.12280    0.9765600      49.53
   1218.12451    0.9737000      49.39
   1218.12622    0.9627900      48.83
   1218.12805    0.9409800      47.73
   1218.12976    0.9193900      46.63
   1218.13147    0.9140800      46.36
   1218.13318    0.9282800      47.08
   1218.13489    0.9490900      48.14
   1218.13660    0.9626700      48.83
   1218.13831    0.9675200      49.07
   1218.14001    0.9704400      49.22
   1218.14172    0.9746500      49.43
   1218.14343    0.9773900      49.57
   1218.14514    0.9767800      49.54
   1218.14685    0.9750600      49.45
   1218.14856    0.9744100      49.42
   1218.15027    0.9739200      49.40
   1218.15198    0.9723900      49.32
   1218.15369    0.9709200      49.24
   1218.15540    0.9710500      49.25
   1218.15710    0.9722500      49.31
   1218.15881    0.9731600      49.36
   1218.16052    0.9739100      49.39
   1218.16223    0.9754400      49.47
   1218.16394    0.9776000      49.58
   1218.16565    0.9795000      49.68
   1218.16736    0.9810000      49.75
   1218.16907    0.9826300      49.84
   1218.17078    0.9844100      49.93
   1218.17249    0.9858900      50.00
   1218.17419    0.9869800      50.06
   1218.17590    0.9879600      50.11
   1218.17773    0.9888300      50.15
   1218.17944    0.9895500      50.19
   1218.18115    0.9903400      50.23
   1218.18286    0.9912200      50.27
   1218.18457    0.9917200      50.30
   1218.18628    0.9917600      50.30
   1218.18799    0.9920400      50.31
   1218.18970    0.9928900      50.35
   1218.19141    0.9934600      50.38
   1218.19312    0.9931700      50.37
   1218.19482    0.9927900      50.35
   1218.19653    0.9930200      50.36
   1218.19824    0.9930200      50.36
   1218.19995    0.9919700      50.31
   1218.20166    0.9909900      50.26
   1218.20337    0.9913000      50.27
   1218.20508    0.9914500      50.28
   1218.20679    0.9893200      50.17
   1218.20850    0.9860800      50.01
   1218.21021    0.9846800      49.94
   1218.21191    0.9844400      49.92
   1218.21362    0.9814600      49.77
   1218.21533    0.9755100      49.47
   1218.21704    0.9711000      49.25
   1218.21875    0.9683700      49.11
   1218.22046    0.9585600      48.61
   1218.22217    0.9353200      47.43
   1218.22400    0.9083700      46.07
   1218.22571    0.8974200      45.51
   1218.22742    0.9105100      46.17
   1218.22913    0.9350100      47.42
   1218.23083    0.9529600      48.33
   1218.23254    0.9597900      48.67
   1218.23425    0.9631800      48.84
   1218.23596    0.9684000      49.11
   1218.23767    0.9726700      49.32
   1218.23938    0.9729100      49.34
   1218.24109    0.9715700      49.27
   1218.24280    0.9720600      49.29
   1218.24451    0.9734600      49.36
   1218.24622    0.9731000      49.35
   1218.24792    0.9715600      49.27
   1218.24963    0.9714400      49.26
   1218.25134    0.9730600      49.34
   1218.25305    0.9745100      49.42
   1218.25476    0.9752200      49.45
   1218.25647    0.9764200      49.51
   1218.25818    0.9783800      49.61
   1218.25989    0.9796700      49.68
   1218.26160    0.9798000      49.68
   1218.26331    0.9800700      49.70
   1218.26501    0.9812800      49.76
   1218.26672    0.9823500      49.81
   1218.26843    0.9824100      49.82
   1218.27026    0.9825400      49.82
   1218.27197    0.9839800      49.90
   1218.27368    0.9859900      50.00
   1218.27539    0.9869900      50.05
   1218.27710    0.9871900      50.06
   1218.27881    0.9880400      50.10
   1218.28052    0.9896800      50.18
   1218.28223    0.9907400      50.24
   1218.28394    0.9907500      50.24
   1218.28564    0.9909100      50.25
   1218.28735    0.9919600      50.30
   1218.28906    0.9929800      50.35
   1218.29077    0.9931200      50.36
   1218.29248    0.9930700      50.35
   1218.29419    0.9935900      50.38
   1218.29590    0.9940500      50.40
   1218.29761    0.9937000      50.39
   1218.29932    0.9933200      50.37
   1218.30103    0.9938600      50.39
   1218.30273    0.9944100      50.42
   1218.30444    0.9935400      50.38
   1218.30615    0.9920900      50.30
   1218.30786    0.9919200      50.29
   1218.30957    0.9924500      50.32
   1218.31128    0.9913700      50.27
   1218.31299    0.9890100      50.15
   1218.31482    0.9883900      50.12
   1218.31653    0.9895200      50.17
   1218.31824    0.9879900      50.09
   1218.31995    0.9821000      49.80
   1218.32166    0.9767200      49.52
   1218.32336    0.9747300      49.42
   1218.32507    0.9681000      49.09
   1218.32678    0.9462000      47.97
   1218.32849    0.9141200      46.35
   1218.33020    0.8937500      45.32
   1218.33191    0.9013200      45.70
   1218.33362    0.9289500      47.10
   1218.33533    0.9545400      48.40
   1218.33704    0.9662600      48.99
   1218.33875    0.9700800      49.18
   1218.34045    0.9752300      49.45
   1218.34216    0.9816200      49.77
   1218.34387    0.9845800      49.92
   1218.34558    0.9844200      49.91
   1218.34729    0.9852400      49.95
   1218.34900    0.9878000      50.08
   1218.35071    0.9892400      50.16
   1218.35242    0.9887300      50.13
   1218.35413    0.9886500      50.12
   1218.35583    0.9901800      50.20
   1218.35767    0.9915900      50.27
   1218.35938    0.9916900      50.28
   1218.36108    0.9917700      50.28
   1218.36279    0.9930300      50.35
   1218.36450    0.9944100      50.42
   1218.36621    0.9945700      50.42
   1218.36792    0.9940200      50.40
   1218.36963    0.9940400      50.40
   1218.37134    0.9945800      50.42
   1218.37305    0.9947500      50.43
   1218.37476    0.9945300      50.42
   1218.37646    0.9945100      50.42
   1218.37817    0.9947100      50.43
   1218.37988    0.9946400      50.43
   1218.38159    0.9943400      50.41
   1218.38330    0.9943700      50.41
   1218.38501    0.9948700      50.44
   1218.38672    0.9953300      50.46
   1218.38843    0.9954100      50.46
   1218.39014    0.9953200      50.46
   1218.39185    0.9954800      50.47
   1218.39355    0.9959000      50.49
   1218.39526    0.9962000      50.50
   1218.39697    0.9959800      50.49
   1218.39868    0.9954000      50.46
   1218.40051    0.9950000      50.44
   1218.40222    0.9949700      50.44
   1218.40393    0.9948300      50.43
   1218.40564    0.9942600      50.40
   1218.40735    0.9938600      50.38
   1218.40906    0.9941100      50.40
   1218.41077    0.9942300      50.40
   1218.41248    0.9932400      50.35
   1218.41418    0.9919200      50.29
   1218.41589    0.9918800      50.28
   1218.41760    0.9927200      50.33
   1218.41931    0.9922700      50.30
   1218.42102    0.9901600      50.20
   1218.42273    0.9885600      50.11
   1218.42444    0.9883200      50.10
   1218.42615    0.9870700      50.04
   1218.42786    0.9834200      49.85
   1218.42957    0.9799200      49.68
   1218.43127    0.9786300      49.61
   1218.43298    0.9762800      49.49
   1218.43469    0.9689000      49.12
   1218.43640    0.9592500      48.63
   1218.43811    0.9526500      48.29
   1218.43982    0.9451900      47.91
   1218.44165    0.9248000      46.88
   1218.44336    0.8895100      45.09
   1218.44507    0.8578900      43.49
   1218.44678    0.8525700      43.22
   1218.44849    0.8752000      44.37
   1218.45020    0.9055400      45.90
   1218.45190    0.9252300      46.90
   1218.45361    0.9343900      47.37
   1218.45532    0.9428700      47.80
   1218.45703    0.9537900      48.35
   1218.45874    0.9626000      48.80
   1218.46045    0.9674200      49.04
   1218.46216    0.9719100      49.27
   1218.46387    0.9782300      49.59
   1218.46558    0.9837100      49.86
   1218.46729    0.9859600      49.98
   1218.46899    0.9867600      50.02
   1218.47070    0.9885200      50.11
   1218.47241    0.9904600      50.21
   1218.47412    0.9908000      50.22
   1218.47583    0.9902700      50.20
   1218.47754    0.9907500      50.22
   1218.47925    0.9919500      50.28
   1218.48096    0.9921400      50.29
   1218.48279    0.9913400      50.25
   1218.48450    0.9911900      50.24
   1218.48621    0.9920100      50.28
   1218.48792    0.9923600      50.30
   1218.48962    0.9915800      50.26
   1218.49133    0.9909300      50.23
   1218.49304    0.9913800      50.25
   1218.49475    0.9922000      50.29
   1218.49646    0.9923800      50.30
   1218.49817    0.9922100      50.29
   1218.49988    0.9924000      50.30
   1218.50159    0.9926900      50.32
   1218.50330    0.9923800      50.30
   1218.50500    0.9916200      50.26
   1218.50671    0.9909800      50.23
   1218.50842    0.9903200      50.20
   1218.51013    0.9891300      50.14
   1218.51184    0.9877000      50.06
   1218.51355    0.9868300      50.02
   1218.51526    0.9866800      50.01
   1218.51697    0.9867700      50.02
   1218.51868    0.9869800      50.03
   1218.52039    0.9875800      50.06
   1218.52222    0.9883300      50.09
   1218.52393    0.9886400      50.11
   1218.52563    0.9886700      50.11
   1218.52734    0.9892500      50.14
   1218.52905    0.9902300      50.19
   1218.53076    0.9904600      50.20
   1218.53247    0.9896400      50.16
   1218.53418    0.9889200      50.12
   1218.53589    0.9889600      50.12
   1218.53760    0.9887000      50.11
   1218.53931    0.9873700      50.04
   1218.54102    0.9860000      49.97
   1218.54272    0.9856800      49.96
   1218.54443    0.9853700      49.94
   1218.54614    0.9836300      49.85
   1218.54785    0.9813800      49.74
   1218.54956    0.9803000      49.68
   1218.55127    0.9793300      49.64
   1218.55298    0.9761000      49.47
   1218.55469    0.9715000      49.24
   1218.55640    0.9687600      49.10
   1218.55811    0.9674000      49.03
   1218.55981    0.9626800      48.79
   1218.56165    0.9533800      48.32
   1218.56335    0.9445400      47.87
   1218.56506    0.9374100      47.51
   1218.56677    0.9219700      46.73
   1218.56848    0.8885400      45.03
   1218.57019    0.8461600      42.88
   1218.57190    0.8193500      41.53
   1218.57361    0.8218900      41.65
   1218.57532    0.8406400      42.60
   1218.57703    0.8512100      43.14
   1218.57874    0.8449000      42.82
   1218.58044    0.8330600      42.22
   1218.58215    0.8285600      41.99
   1218.58386    0.8326200      42.20
   1218.58557    0.8407400      42.61
   1218.58728    0.8524000      43.20
   1218.58899    0.8692500      44.05
   1218.59070    0.8886700      45.04
   1218.59241    0.9053500      45.88
   1218.59412    0.9177700      46.51
   1218.59583    0.9285600      47.06
   1218.59753    0.9390800      47.59
   1218.59937    0.9477200      48.03
   1218.60107    0.9535600      48.33
   1218.60278    0.9582400      48.56
   1218.60449    0.9631900      48.81
   1218.60620    0.9676200      49.04
   1218.60791    0.9704700      49.18
   1218.60962    0.9723900      49.28
   1218.61133    0.9745500      49.39
   1218.61304    0.9769400      49.51
   1218.61475    0.9789500      49.61
   1218.61646    0.9806900      49.70
   1218.61816    0.9825500      49.79
   1218.61987    0.9842000      49.88
   1218.62158    0.9851800      49.93
   1218.62329    0.9858300      49.96
   1218.62500    0.9868000      50.01
   1218.62671    0.9879700      50.07
   1218.62842    0.9887000      50.10
   1218.63013    0.9889800      50.12
   1218.63184    0.9894300      50.14
   1218.63354    0.9903000      50.18
   1218.63525    0.9909700      50.22
   1218.63708    0.9909100      50.21
   1218.63879    0.9904500      50.19
   1218.64050    0.9904300      50.19
   1218.64221    0.9910800      50.22
   1218.64392    0.9917500      50.26
   1218.64563    0.9917600      50.26
   1218.64734    0.9913500      50.24
   1218.64905    0.9913000      50.23
   1218.65076    0.9916400      50.25
   1218.65247    0.9915500      50.25
   1218.65417    0.9906700      50.20
   1218.65588    0.9898300      50.16
   1218.65759    0.9897800      50.16
   1218.65930    0.9899900      50.17
   1218.66101    0.9896000      50.15
   1218.66272    0.9890200      50.12
   1218.66443    0.9892000      50.13
   1218.66614    0.9899100      50.16
   1218.66785    0.9900300      50.17
   1218.66956    0.9895900      50.15
   1218.67126    0.9897100      50.15
   1218.67310    0.9903800      50.18
   1218.67480    0.9902900      50.18
   1218.67651    0.9892600      50.13
   1218.67822    0.9886700      50.10
   1218.67993    0.9888900      50.11
   1218.68164    0.9883700      50.08
   1218.68335    0.9867000      50.00
   1218.68506    0.9859000      49.96
   1218.68677    0.9868400      50.00
   1218.68848    0.9870100      50.01
   1218.69019    0.9847400      49.90
   1218.69189    0.9827300      49.80
   1218.69360    0.9834900      49.83
   1218.69531    0.9837000      49.84
   1218.69702    0.9787800      49.59
   1218.69873    0.9713400      49.22
   1218.70044    0.9672900      49.01
   1218.70215    0.9624400      48.77
   1218.70386    0.9430800      47.79
   1218.70557    0.9064800      45.93
   1218.70728    0.8735800      44.26
   1218.70911    0.8704500      44.10
   1218.71082    0.8989100      45.55
   1218.71252    0.9346900      47.36
   1218.71423    0.9556000      48.42
   1218.71594    0.9620800      48.75
   1218.71765    0.9670600      49.00
   1218.71936    0.9752500      49.41
   1218.72107    0.9811200      49.71
   1218.72278    0.9817400      49.74
   1218.72449    0.9814400      49.73
   1218.72620    0.9835900      49.84
   1218.72791    0.9856700      49.94
   1218.72961    0.9849900      49.91
   1218.73132    0.9836300      49.84
   1218.73303    0.9844700      49.88
   1218.73474    0.9862700      49.97
   1218.73645    0.9862300      49.97
   1218.73816    0.9848000      49.90
   1218.73987    0.9844600      49.88
   1218.74158    0.9853200      49.92
   1218.74329    0.9852700      49.92
   1218.74512    0.9837400      49.84
   1218.74683    0.9822400      49.77
   1218.74854    0.9813600      49.72
   1218.75024    0.9798200      49.64
   1218.75195    0.9769900      49.50
   1218.75366    0.9740400      49.35
   1218.75537    0.9717100      49.23
   1218.75708    0.9688900      49.09
   1218.75879    0.9643300      48.86
   1218.76050    0.9583000      48.55
   1218.76221    0.9514400      48.20
   1218.76392    0.9431600      47.78
   1218.76562    0.9327100      47.25
   1218.76733    0.9213700      46.68
   1218.76904    0.9123300      46.22
   1218.77075    0.9081900      46.01
   1218.77246    0.9092700      46.07
   1218.77417    0.9138800      46.30
   1218.77588    0.9193500      46.58
   1218.77759    0.9231200      46.77
   1218.77942    0.9237800      46.80
   1218.78113    0.9214100      46.68
   1218.78284    0.9165200      46.43
   1218.78455    0.9089400      46.05
   1218.78625    0.8980500      45.50
   1218.78796    0.8837100      44.77
   1218.78967    0.8661400      43.88
   1218.79138    0.8452000      42.82
   1218.79309    0.8209300      41.59
   1218.79480    0.7953200      40.29
   1218.79651    0.7728600      39.15
   1218.79822    0.7589600      38.45
   1218.79993    0.7574900      38.38
   1218.80164    0.7690900      38.96
   1218.80334    0.7906900      40.06
   1218.80505    0.8166500      41.37
   1218.80676    0.8418700      42.65
   1218.80847    0.8642900      43.79
   1218.81018    0.8842300      44.80
   1218.81189    0.9016800      45.68
   1218.81372    0.9156900      46.39
   1218.81543    0.9263600      46.93
   1218.81714    0.9353600      47.38
   1218.81885    0.9435300      47.80
   1218.82056    0.9498300      48.12
   1218.82227    0.9538000      48.32
   1218.82397    0.9573100      48.50
   1218.82568    0.9618800      48.73
   1218.82739    0.9659000      48.93
   1218.82910    0.9673900      49.01
   1218.83081    0.9679000      49.03
   1218.83252    0.9702900      49.15
   1218.83423    0.9734500      49.31
   1218.83594    0.9737600      49.33
   1218.83765    0.9716600      49.22
   1218.83936    0.9716000      49.22
   1218.84106    0.9739600      49.34
   1218.84277    0.9730500      49.29
   1218.84448    0.9664900      48.96
   1218.84619    0.9603600      48.65
   1218.84802    0.9580100      48.53
   1218.84973    0.9491900      48.08
   1218.85144    0.9214000      46.68
   1218.85315    0.8824900      44.70
   1218.85486    0.8602200      43.58
   1218.85657    0.8730800      44.23
   1218.85828    0.9089400      46.04
   1218.85999    0.9399200      47.61
   1218.86169    0.9529800      48.27
   1218.86340    0.9570300      48.48
   1218.86511    0.9634100      48.80
   1218.86682    0.9712300      49.20
   1218.86853    0.9745000      49.36
   1218.87024    0.9739000      49.33
   1218.87195    0.9746100      49.37
   1218.87366    0.9775100      49.52
   1218.87537    0.9792000      49.60
   1218.87708    0.9788500      49.58
   1218.87878    0.9791500      49.60
   1218.88062    0.9810400      49.69
   1218.88232    0.9823600      49.76
   1218.88403    0.9820700      49.75
   1218.88574    0.9820700      49.75
   1218.88745    0.9835700      49.82
   1218.88916    0.9848800      49.89
   1218.89087    0.9843400      49.86
   1218.89258    0.9828800      49.79
   1218.89429    0.9822100      49.75
   1218.89600    0.9821300      49.75
   1218.89771    0.9813800      49.71
   1218.89941    0.9797800      49.63
   1218.90112    0.9780600      49.54
   1218.90283    0.9762100      49.45
   1218.90454    0.9736500      49.32
   1218.90625    0.9704300      49.15
   1218.90796    0.9669100      48.98
   1218.90967    0.9627700      48.77
   1218.91138    0.9573900      48.49
   1218.91321    0.9510000      48.17
   1218.91492    0.9443700      47.83
   1218.91663    0.9374700      47.48
   1218.91833    0.9297300      47.09
   1218.92004    0.9214600      46.67
   1218.92175    0.9139700      46.29
   1218.92346    0.9081000      46.00
   1218.92517    0.9035800      45.77
   1218.92688    0.9001500      45.59
   1218.92859    0.8984000      45.50
   1218.93030    0.8989100      45.53
   1218.93201    0.9012600      45.65
   1218.93372    0.9046600      45.82
   1218.93542    0.9090100      46.04
   1218.93713    0.9147000      46.33
   1218.93884    0.9214600      46.67
   1218.94055    0.9281600      47.01
   1218.94226    0.9340100      47.31
   1218.94397    0.9392600      47.57
   1218.94580    0.9443500      47.83
   1218.94751    0.9491400      48.07
   1218.94922    0.9532100      48.28
   1218.95093    0.9567300      48.46
   1218.95264    0.9602000      48.63
   1218.95435    0.9635800      48.80
   1218.95605    0.9663000      48.94
   1218.95776    0.9682700      49.04
   1218.95947    0.9701000      49.13
   1218.96118    0.9720900      49.23
   1218.96289    0.9737700      49.32
   1218.96460    0.9748700      49.37
   1218.96631    0.9758800      49.42
   1218.96802    0.9770900      49.49
   1218.96973    0.9777300      49.52
   1218.97144    0.9771700      49.49
   1218.97314    0.9763300      49.45
   1218.97485    0.9765700      49.46
   1218.97656    0.9775100      49.51
   1218.97839    0.9776300      49.51
   1218.98010    0.9768100      49.47
   1218.98181    0.9764500      49.45
   1218.98352    0.9767000      49.46
   1218.98523    0.9757300      49.42
   1218.98694    0.9727200      49.26
   1218.98865    0.9693300      49.09
   1218.99036    0.9665400      48.95
   1218.99207    0.9621200      48.73
   1218.99377    0.9538400      48.31
   1218.99548    0.9431200      47.76
   1218.99719    0.9321500      47.21
   1218.99890    0.9189000      46.54
   1219.00061    0.8996400      45.56
   1219.00232    0.8759800      44.36
   1219.00403    0.8533700      43.22
   1219.00574    0.8311200      42.09
   1219.00745    0.8004700      40.54
   1219.00928    0.7587600      38.43
   1219.01099    0.7209800      36.51
   1219.01270    0.7089200      35.90
   1219.01440    0.7277000      36.85
   1219.01611    0.7592300      38.45
   1219.01782    0.7811100      39.56
   1219.01953    0.7871200      39.86
   1219.02124    0.7869400      39.85
   1219.02295    0.7911600      40.07
   1219.02466    0.8024500      40.64
   1219.02637    0.8183400      41.44
   1219.02808    0.8355400      42.31
   1219.02979    0.8497900      43.03
   1219.03149    0.8563200      43.36
   1219.03320    0.8534900      43.22
   1219.03491    0.8440500      42.74
   1219.03662    0.8313300      42.10
   1219.03833    0.8158800      41.32
   1219.04016    0.7977000      40.40
   1219.04187    0.7799700      39.50
   1219.04358    0.7682500      38.90
   1219.04529    0.7663300      38.81
   1219.04700    0.7742000      39.21
   1219.04871    0.7895500      39.98
   1219.05042    0.8095000      40.99
   1219.05212    0.8310500      42.08
   1219.05383    0.8515700      43.12
   1219.05554    0.8697600      44.04
   1219.05725    0.8856200      44.85
   1219.05896    0.8992200      45.54
   1219.06067    0.9101600      46.09
   1219.06238    0.9185100      46.51
   1219.06409    0.9252700      46.85
   1219.06580    0.9315900      47.17
   1219.06750    0.9378400      47.49
   1219.06921    0.9437400      47.79
   1219.07104    0.9490900      48.06
   1219.07275    0.9538300      48.30
   1219.07446    0.9579600      48.51
   1219.07617    0.9614800      48.69
   1219.07788    0.9645200      48.84
   1219.07959    0.9672300      48.98
   1219.08130    0.9696400      49.10
   1219.08301    0.9718100      49.21
   1219.08472    0.9737700      49.31
   1219.08643    0.9752300      49.38
   1219.08813    0.9758500      49.41
   1219.08984    0.9757900      49.41
   1219.09155    0.9757200      49.41
   1219.09326    0.9760500      49.42
   1219.09497    0.9765000      49.45
   1219.09668    0.9767500      49.46
   1219.09839    0.9769500      49.47
   1219.10010    0.9773500      49.49
   1219.10193    0.9777300      49.51
   1219.10364    0.9779600      49.52
   1219.10535    0.9784400      49.54
   1219.10706    0.9795900      49.60
   1219.10876    0.9809900      49.67
   1219.11047    0.9818600      49.72
   1219.11218    0.9821500      49.73
   1219.11389    0.9823900      49.74
   1219.11560    0.9827800      49.76
   1219.11731    0.9829300      49.77
   1219.11902    0.9828300      49.76
   1219.12073    0.9829000      49.77
   1219.12244    0.9831000      49.78
   1219.12415    0.9828100      49.76
   1219.12585    0.9817700      49.71
   1219.12756    0.9804600      49.64
   1219.12927    0.9790100      49.57
   1219.13110    0.9769100      49.46
   1219.13281    0.9740300      49.32
   1219.13452    0.9711100      49.17
   1219.13623    0.9684200      49.03
   1219.13794    0.9651600      48.87
   1219.13965    0.9610700      48.66
   1219.14136    0.9574600      48.48
   1219.14307    0.9553300      48.37
   1219.14478    0.9536700      48.29
   1219.14648    0.9513800      48.17
   1219.14819    0.9497500      48.09
   1219.14990    0.9507400      48.14
   1219.15161    0.9533400      48.27
   1219.15332    0.9546400      48.33
   1219.15503    0.9544600      48.32
   1219.15674    0.9555000      48.38
   1219.15845    0.9583800      48.52
   1219.16016    0.9602400      48.62
   1219.16199    0.9598300      48.60
   1219.16370    0.9600500      48.61
   1219.16541    0.9625000      48.73
   1219.16711    0.9634600      48.78
   1219.16882    0.9598500      48.60
   1219.17053    0.9556200      48.38
   1219.17224    0.9549400      48.35
   1219.17395    0.9509900      48.15
   1219.17566    0.9313900      47.15
   1219.17737    0.8982900      45.48
   1219.17908    0.8740900      44.25
   1219.18079    0.8794700      44.53
   1219.18250    0.9098300      46.06
   1219.18420    0.9413200      47.66
   1219.18591    0.9578700      48.49
   1219.18762    0.9638400      48.80
   1219.18933    0.9701900      49.12
   1219.19116    0.9783700      49.53
   1219.19287    0.9829700      49.76
   1219.19458    0.9831400      49.77
   1219.19629    0.9835000      49.79
   1219.19800    0.9860500      49.92
   1219.19971    0.9879800      50.02
   1219.20142    0.9875700      50.00
   1219.20312    0.9870100      49.97
   1219.20483    0.9880900      50.02
   1219.20654    0.9893600      50.09
   1219.20825    0.9891800      50.08
   1219.20996    0.9885000      50.04
   1219.21167    0.9887900      50.06
   1219.21338    0.9893800      50.09
   1219.21509    0.9890300      50.07
   1219.21680    0.9884100      50.04
   1219.21863    0.9888600      50.06
   1219.22034    0.9899600      50.12
   1219.22205    0.9902900      50.13
   1219.22375    0.9898700      50.11
   1219.22546    0.9899800      50.12
   1219.22717    0.9908500      50.16
   1219.22888    0.9913300      50.18
   1219.23059    0.9909600      50.17
   1219.23230    0.9907200      50.15
   1219.23401    0.9912500      50.18
   1219.23572    0.9917700      50.21
   1219.23743    0.9914100      50.19
   1219.23914    0.9905900      50.15
   1219.24084    0.9902400      50.13
   1219.24255    0.9903700      50.13
   1219.24426    0.9902900      50.13
   1219.24597    0.9897500      50.10
   1219.24780    0.9891000      50.07
   1219.24951    0.9885400      50.04
   1219.25122    0.9878200      50.00
   1219.25293    0.9867800      49.95
   1219.25464    0.9857000      49.90
   1219.25635    0.9849300      49.86
   1219.25806    0.9845200      49.84
   1219.25977    0.9842100      49.82
   1219.26147    0.9837100      49.80
   1219.26318    0.9828500      49.75
   1219.26489    0.9817400      49.70
   1219.26660    0.9806500      49.64
   1219.26831    0.9795800      49.59
   1219.27002    0.9782300      49.52
   1219.27173    0.9763700      49.42
   1219.27344    0.9742900      49.32
   1219.27527    0.9725100      49.23
   1219.27698    0.9710800      49.16
   1219.27869    0.9695500      49.08
   1219.28040    0.9677100      48.98
   1219.28210    0.9659100      48.89
   1219.28381    0.9644900      48.82
   1219.28552    0.9632100      48.76
   1219.28723    0.9615700      48.67
   1219.28894    0.9596200      48.57
   1219.29065    0.9578300      48.48
   1219.29236    0.9564100      48.41
   1219.29407    0.9551600      48.35
   1219.29578    0.9541700      48.30
   1219.29749    0.9537600      48.28
   1219.29919    0.9538400      48.28
   1219.30090    0.9537800      48.28
   1219.30261    0.9534300      48.26
   1219.30444    0.9535200      48.26
   1219.30615    0.9545000      48.31
   1219.30786    0.9555900      48.37
   1219.30957    0.9560900      48.39
   1219.31128    0.9567100      48.43
   1219.31299    0.9585700      48.52
   1219.31470    0.9611100      48.65
   1219.31641    0.9627600      48.73
   1219.31812    0.9635400      48.77
   1219.31982    0.9651300      48.85
   1219.32153    0.9679400      48.99
   1219.32324    0.9701800      49.11
   1219.32495    0.9709700      49.15
   1219.32666    0.9720200      49.20
   1219.32837    0.9746200      49.33
   1219.33008    0.9769700      49.45
   1219.33191    0.9770200      49.45
   1219.33362    0.9762800      49.41
   1219.33533    0.9775300      49.48
   1219.33704    0.9798000      49.59
   1219.33875    0.9795400      49.58
   1219.34045    0.9767200      49.44
   1219.34216    0.9750300      49.35
   1219.34387    0.9749500      49.35
   1219.34558    0.9719400      49.19
   1219.34729    0.9641100      48.80
   1219.34900    0.9562600      48.40
   1219.35071    0.9507700      48.12
   1219.35242    0.9394900      47.55
   1219.35413    0.9135600      46.24
   1219.35583    0.8807900      44.58
   1219.35754    0.8635400      43.71
   1219.35938    0.8748900      44.28
   1219.36108    0.9035700      45.73
   1219.36279    0.9277500      46.96
   1219.36450    0.9388700      47.52
   1219.36621    0.9449900      47.83
   1219.36792    0.9541300      48.29
   1219.36963    0.9640400      48.79
   1219.37134    0.9694900      49.07
   1219.37305    0.9716700      49.18
   1219.37476    0.9751900      49.36
   1219.37646    0.9803900      49.62
   1219.37817    0.9838300      49.79
   1219.37988    0.9845500      49.83
   1219.38159    0.9851000      49.86
   1219.38330    0.9869500      49.95
   1219.38501    0.9887000      50.04
   1219.38684    0.9892400      50.07
   1219.38855    0.9895400      50.08
   1219.39026    0.9904800      50.13
   1219.39197    0.9912700      50.17
   1219.39368    0.9911500      50.16
   1219.39539    0.9908900      50.15
   1219.39709    0.9914600      50.18
   1219.39880    0.9924100      50.22
   1219.40051    0.9928800      50.25
   1219.40222    0.9929700      50.25
   1219.40393    0.9931600      50.26
   1219.40564    0.9930200      50.25
   1219.40735    0.9919700      50.20
   1219.40906    0.9904500      50.12
   1219.41077    0.9892700      50.06
   1219.41260    0.9881700      50.01
   1219.41431    0.9862800      49.91
   1219.41602    0.9839600      49.80
   1219.41772    0.9828300      49.74
   1219.41943    0.9837400      49.78
   1219.42114    0.9856500      49.88
   1219.42285    0.9871200      49.95
   1219.42456    0.9878500      49.99
   1219.42627    0.9884700      50.02
   1219.42798    0.9892400      50.06
   1219.42969    0.9898900      50.09
   1219.43140    0.9903700      50.12
   1219.43311    0.9909400      50.15
   1219.43481    0.9916600      50.18
   1219.43652    0.9922300      50.21
   1219.43823    0.9924400      50.22
   1219.44006    0.9925300      50.23
   1219.44177    0.9927100      50.24
   1219.44348    0.9928600      50.24
   1219.44519    0.9927300      50.24
   1219.44690    0.9923600      50.22
   1219.44861    0.9920400      50.20
   1219.45032    0.9918700      50.19
   1219.45203    0.9917300      50.19
   1219.45374    0.9915700      50.18
   1219.45544    0.9915200      50.17
   1219.45715    0.9916200      50.18
   1219.45886    0.9916700      50.18
   1219.46057    0.9915200      50.17
   1219.46228    0.9913500      50.17
   1219.46399    0.9913700      50.17
   1219.46582    0.9912800      50.16
   1219.46753    0.9906800      50.13
   1219.46924    0.9897600      50.08
   1219.47095    0.9892600      50.06
   1219.47266    0.9894000      50.07
   1219.47437    0.9895500      50.07
   1219.47607    0.9891800      50.05
   1219.47778    0.9887500      50.03
   1219.47949    0.9889500      50.04
   1219.48120    0.9895400      50.07
   1219.48291    0.9897800      50.08
   1219.48462    0.9897300      50.08
   1219.48633    0.9900900      50.10
   1219.48804    0.9907900      50.13
   1219.48975    0.9908900      50.14
   1219.49158    0.9902100      50.11
   1219.49329    0.9898700      50.09
   1219.49500    0.9905700      50.12
   1219.49670    0.9913100      50.16
   1219.49841    0.9909500      50.14
   1219.50012    0.9900500      50.10
   1219.50183    0.9898300      50.08
   1219.50354    0.9902000      50.10
   1219.50525    0.9900400      50.10
   1219.50696    0.9893300      50.06
   1219.50867    0.9890100      50.04
   1219.51038    0.9890300      50.04
   1219.51208    0.9883100      50.01
   1219.51379    0.9868700      49.93
   1219.51550    0.9860900      49.89
   1219.51733    0.9862300      49.90
   1219.51904    0.9856600      49.87
   1219.52075    0.9836900      49.77
   1219.52246    0.9820600      49.69
   1219.52417    0.9818900      49.68
   1219.52588    0.9813800      49.66
   1219.52759    0.9787600      49.52
   1219.52930    0.9756700      49.37
   1219.53101    0.9742500      49.29
   1219.53271    0.9725100      49.21
   1219.53442    0.9669000      48.92
   1219.53613    0.9588300      48.51
   1219.53784    0.9529600      48.22
   1219.53955    0.9474400      47.94
   1219.54126    0.9326900      47.19
   1219.54309    0.9046900      45.77
   1219.54480    0.8754600      44.29
   1219.54651    0.8626000      43.64
   1219.54822    0.8692700      43.98
   1219.54993    0.8806900      44.56
   1219.55164    0.8815200      44.60
   1219.55334    0.8707900      44.06
   1219.55505    0.8573300      43.38
   1219.55676    0.8469800      42.85
   1219.55847    0.8400600      42.50
   1219.56018    0.8377500      42.39
   1219.56189    0.8436400      42.68
   1219.56360    0.8580800      43.41
   1219.56531    0.8760800      44.32
   1219.56702    0.8927800      45.17
   1219.56885    0.9077100      45.92
   1219.57056    0.9221100      46.65
   1219.57227    0.9349900      47.30
   1219.57397    0.9445500      47.79
   1219.57568    0.9514000      48.13
   1219.57739    0.9577300      48.45
   1219.57910    0.9639400      48.77
   1219.58081    0.9686200      49.01
   1219.58252    0.9713900      49.15
   1219.58423    0.9736500      49.26
   1219.58594    0.9763900      49.40
   1219.58765    0.9790700      49.53
   1219.58936    0.9810300      49.63
   1219.59106    0.9826200      49.71
   1219.59277    0.9843000      49.80
   1219.59460    0.9857100      49.87
   1219.59631    0.9864500      49.91
   1219.59802    0.9869400      49.93
   1219.59973    0.9877500      49.97
   1219.60144    0.9885800      50.01
   1219.60315    0.9888400      50.03
   1219.60486    0.9887200      50.02
   1219.60657    0.9889900      50.03
   1219.60828    0.9898200      50.08
   1219.60999    0.9904600      50.11
   1219.61169    0.9903400      50.10
   1219.61340    0.9896900      50.07
   1219.61511    0.9890300      50.03
   1219.61682    0.9884000      50.00
   1219.61865    0.9873700      49.95
   1219.62036    0.9857100      49.87
   1219.62207    0.9837500      49.77
   1219.62378    0.9820500      49.68
   1219.62549    0.9809900      49.63
   1219.62720    0.9806600      49.61
   1219.62891    0.9811500      49.63
   1219.63062    0.9825500      49.71
   1219.63232    0.9847000      49.81
   1219.63403    0.9870600      49.93
   1219.63574    0.9889200      50.03
   1219.63745    0.9900000      50.08
   1219.63916    0.9905300      50.11
   1219.64087    0.9909100      50.13
   1219.64258    0.9911800      50.14
   1219.64441    0.9910500      50.13
   1219.64612    0.9902800      50.10
   1219.64783    0.9889400      50.03
   1219.64954    0.9873500      49.95
   1219.65125    0.9858100      49.87
   1219.65295    0.9844700      49.80
   1219.65466    0.9832500      49.74
   1219.65637    0.9819700      49.67
   1219.65808    0.9805200      49.60
   1219.65979    0.9789600      49.52
   1219.66150    0.9775300      49.45
   1219.66321    0.9764100      49.39
   1219.66492    0.9756400      49.35
   1219.66663    0.9752100      49.33
   1219.66846    0.9751600      49.33
   1219.67017    0.9756500      49.35
   1219.67188    0.9768000      49.41
   1219.67358    0.9784400      49.49
   1219.67529    0.9801700      49.58
   1219.67700    0.9815700      49.65
   1219.67871    0.9824500      49.70
   1219.68042    0.9829000      49.72
   1219.68213    0.9833100      49.74
   1219.68384    0.9841500      49.78
   1219.68555    0.9856000      49.86
   1219.68726    0.9872700      49.94
   1219.68896    0.9885900      50.01
   1219.69067    0.9894300      50.05
   1219.69250    0.9900700      50.08
   1219.69421    0.9905900      50.11
   1219.69592    0.9906300      50.11
   1219.69763    0.9900100      50.08
   1219.69934    0.9891400      50.03
   1219.70105    0.9885300      50.00
   1219.70276    0.9881200      49.98
   1219.70447    0.9877200      49.96
   1219.70618    0.9875700      49.95
   1219.70789    0.9880500      49.98
   1219.70959    0.9888300      50.02
   1219.71130    0.9892600      50.04
   1219.71301    0.9893500      50.04
   1219.71472    0.9895900      50.05
   1219.71655    0.9899500      50.07
   1219.71826    0.9899400      50.07
   1219.71997    0.9897900      50.06
   1219.72168    0.9901400      50.08
   1219.72339    0.9905900      50.10
   1219.72510    0.9897900      50.06
   1219.72681    0.9878700      49.97
   1219.72852    0.9868300      49.91
   1219.73022    0.9873900      49.94
   1219.73193    0.9871400      49.93
   1219.73364    0.9841400      49.78
   1219.73535    0.9805000      49.59
   1219.73706    0.9788900      49.51
   1219.73877    0.9761400      49.37
   1219.74060    0.9653800      48.83
   1219.74231    0.9468200      47.89
   1219.74402    0.9320500      47.14
   1219.74573    0.9330500      47.19
   1219.74744    0.9486800      47.98
   1219.74915    0.9662500      48.87
   1219.75085    0.9758800      49.36
   1219.75256    0.9789300      49.51
   1219.75427    0.9817000      49.65
   1219.75598    0.9860000      49.87
   1219.75769    0.9891400      50.03
   1219.75940    0.9900700      50.07
   1219.76111    0.9908100      50.11
   1219.76282    0.9924900      50.20
   1219.76465    0.9937600      50.26
   1219.76636    0.9936900      50.26
   1219.76807    0.9935300      50.25
   1219.76978    0.9944100      50.29
   1219.77148    0.9954500      50.35
   1219.77319    0.9954200      50.34
   1219.77490    0.9949200      50.32
   1219.77661    0.9952200      50.33
   1219.77832    0.9961300      50.38
   1219.78003    0.9965000      50.40
   1219.78174    0.9961800      50.38
   1219.78345    0.9960300      50.37
   1219.78516    0.9962000      50.38
   1219.78687    0.9960000      50.37
   1219.78870    0.9953900      50.34
   1219.79041    0.9952300      50.33
   1219.79211    0.9958300      50.36
   1219.79382    0.9962400      50.38
   1219.79553    0.9957200      50.36
   1219.79724    0.9949200      50.32
   1219.79895    0.9949300      50.32
   1219.80066    0.9956300      50.35
   1219.80237    0.9960300      50.37
   1219.80408    0.9957900      50.36
   1219.80579    0.9955300      50.35
   1219.80750    0.9956900      50.35
   1219.80920    0.9958900      50.36
   1219.81091    0.9956500      50.35
   1219.81274    0.9952000      50.33
   1219.81445    0.9950500      50.32
   1219.81616    0.9951600      50.33
   1219.81787    0.9951400      50.33
   1219.81958    0.9949800      50.32
   1219.82129    0.9950800      50.32
   1219.82300    0.9955000      50.34
   1219.82471    0.9957100      50.35
   1219.82642    0.9952800      50.33
   1219.82812    0.9945500      50.30
   1219.82983    0.9942000      50.28
   1219.83154    0.9944000      50.29
   1219.83325    0.9945600      50.30
   1219.83508    0.9941000      50.27
   1219.83679    0.9931900      50.23
   1219.83850    0.9924800      50.19
   1219.84021    0.9923100      50.18
   1219.84192    0.9923100      50.18
   1219.84363    0.9919500      50.16
   1219.84534    0.9911200      50.12
   1219.84705    0.9902300      50.08
   1219.84875    0.9896800      50.05
   1219.85046    0.9893900      50.03
   1219.85217    0.9889600      50.01
   1219.85388    0.9881000      49.97
   1219.85559    0.9869600      49.91
   1219.85730    0.9859100      49.86
   1219.85913    0.9851500      49.82
   1219.86084    0.9847600      49.80
   1219.86255    0.9848800      49.80
   1219.86426    0.9856600      49.84
   1219.86597    0.9868500      49.90
   1219.86768    0.9878500      49.95
   1219.86938    0.9882900      49.98
   1219.87109    0.9884300      49.98
   1219.87280    0.9887400      50.00
   1219.87451    0.9892500      50.02
   1219.87622    0.9896100      50.04
   1219.87793    0.9897100      50.05
   1219.87964    0.9898600      50.05
   1219.88147    0.9902700      50.07
   1219.88318    0.9906600      50.09
   1219.88489    0.9908100      50.10
   1219.88660    0.9908900      50.11
   1219.88831    0.9911600      50.12
   1219.89001    0.9914900      50.14
   1219.89172    0.9915400      50.14
   1219.89343    0.9913800      50.13
   1219.89514    0.9913200      50.13
   1219.89685    0.9913500      50.13
   1219.89856    0.9910500      50.11
   1219.90027    0.9903300      50.08
   1219.90198    0.9897100      50.04
   1219.90369    0.9896200      50.04
   1219.90552    0.9898500      50.05
   1219.90723    0.9898600      50.05
   1219.90894    0.9894700      50.03
   1219.91064    0.9888600      50.00
   1219.91235    0.9882500      49.97
   1219.91406    0.9878000      49.95
   1219.91577    0.9876200      49.94
   1219.91748    0.9876100      49.94
   1219.91919    0.9874100      49.93
   1219.92090    0.9868000      49.90
   1219.92261    0.9860800      49.86
   1219.92432    0.9854200      49.83
   1219.92603    0.9845300      49.78
   1219.92786    0.9831400      49.71
   1219.92957    0.9817800      49.64
   1219.93127    0.9810700      49.60
   1219.93298    0.9804400      49.57
   1219.93469    0.9786800      49.48
   1219.93640    0.9757100      49.33
   1219.93811    0.9727500      49.18
   1219.93982    0.9701200      49.05
   1219.94153    0.9662000      48.85
   1219.94324    0.9594300      48.51
   1219.94495    0.9503100      48.05
   1219.94666    0.9401000      47.53
   1219.94836    0.9284900      46.94
   1219.95020    0.9150900      46.27
   1219.95190    0.9031100      45.66
   1219.95361    0.8986300      45.43
   1219.95532    0.9043800      45.73
   1219.95703    0.9157300      46.30
   1219.95874    0.9247900      46.76
   1219.96045    0.9281500      46.93
   1219.96216    0.9284500      46.94
   1219.96387    0.9291800      46.98
   1219.96558    0.9302200      47.03
   1219.96729    0.9295000      46.99
   1219.96899    0.9267000      46.85
   1219.97070    0.9233100      46.68
   1219.97253    0.9199800      46.51
   1219.97424    0.9156900      46.30
   1219.97595    0.9096000      45.99
   1219.97766    0.9021700      45.61
   1219.97937    0.8939500      45.20
   1219.98108    0.8846800      44.73
   1219.98279    0.8740000      44.19
   1219.98450    0.8623400      43.60
   1219.98621    0.8499700      42.97
   1219.98792    0.8357700      42.25
   1219.98962    0.8177600      41.34
   1219.99133    0.7948100      40.18
   1219.99304    0.7672700      38.79
   1219.99487    0.7360300      37.21
   1219.99658    0.7023100      35.51
   1219.99829    0.6690800      33.83
   1220.00000    0.6421600      32.46
   1220.00171    0.6283800      31.77
   1220.00342    0.6317600      31.94
   1220.00513    0.6511000      32.92
   1220.00684    0.6811700      34.44
   1220.00854    0.7159600      36.20
   1220.01025    0.7512000      37.98
   1220.01196    0.7844700      39.66
   1220.01367    0.8143700      41.17
   1220.01538    0.8400900      42.47
   1220.01721    0.8615500      43.56
   1220.01892    0.8794400      44.46
   1220.02063    0.8945600      45.22
   1220.02234    0.9073400      45.87
   1220.02405    0.9179200      46.40
   1220.02576    0.9265100      46.84
   1220.02747    0.9336300      47.20
   1220.02917    0.9397700      47.51
   1220.03088    0.9450600      47.78
   1220.03259    0.9493300      47.99
   1220.03430    0.9524800      48.15
   1220.03601    0.9547200      48.26
   1220.03784    0.9564300      48.35
   1220.03955    0.9578700      48.42
   1220.04126    0.9590400      48.48
   1220.04297    0.9598900      48.52
   1220.04468    0.9603900      48.55
   1220.04639    0.9605000      48.56
   1220.04810    0.9602400      48.54
   1220.04980    0.9598500      48.52
   1220.05151    0.9598600      48.52
   1220.05322    0.9607400      48.57
   1220.05493    0.9624200      48.65
   1220.05664    0.9643500      48.75
   1220.05835    0.9661200      48.84
   1220.06018    0.9678000      48.92
   1220.06189    0.9696300      49.02
   1220.06360    0.9717000      49.12
   1220.06531    0.9738400      49.23
   1220.06702    0.9759900      49.34
   1220.06873    0.9781200      49.44
   1220.07043    0.9801000      49.54
   1220.07214    0.9816300      49.62
   1220.07385    0.9826500      49.67
   1220.07556    0.9834800      49.71
   1220.07727    0.9844500      49.76
   1220.07898    0.9854600      49.81
   1220.08069    0.9861400      49.85
   1220.08252    0.9864200      49.86
   1220.08423    0.9866000      49.87
   1220.08594    0.9869100      49.89
   1220.08765    0.9871200      49.90
   1220.08936    0.9870000      49.89
   1220.09106    0.9868000      49.88
   1220.09277    0.9869900      49.89
   1220.09448    0.9875100      49.92
   1220.09619    0.9877400      49.93
   1220.09790    0.9873500      49.91
   1220.09961    0.9868100      49.88
