   1292.00061    0.9539900      42.72
   1292.00244    0.9589900      42.94
   1292.00439    0.9633000      43.13
   1292.00635    0.9663300      43.27
   1292.00830    0.9682200      43.35
   1292.01013    0.9697500      43.42
   1292.01208    0.9712600      43.49
   1292.01404    0.9724200      43.54
   1292.01599    0.9729800      43.57
   1292.01794    0.9732400      43.58
   1292.01978    0.9736400      43.60
   1292.02173    0.9742300      43.62
   1292.02368    0.9746800      43.64
   1292.02563    0.9747300      43.64
   1292.02759    0.9745400      43.64
   1292.02942    0.9744600      43.63
   1292.03137    0.9746400      43.64
   1292.03333    0.9748000      43.65
   1292.03528    0.9746100      43.64
   1292.03723    0.9741100      43.62
   1292.03906    0.9738300      43.60
   1292.04102    0.9741800      43.62
   1292.04297    0.9749400      43.65
   1292.04492    0.9754800      43.68
   1292.04675    0.9754600      43.68
   1292.04871    0.9752200      43.66
   1292.05066    0.9753500      43.67
   1292.05261    0.9759100      43.69
   1292.05457    0.9764400      43.72
   1292.05640    0.9765900      43.73
   1292.05835    0.9765900      43.72
   1292.06030    0.9769100      43.74
   1292.06226    0.9775200      43.77
   1292.06421    0.9778500      43.78
   1292.06604    0.9775800      43.77
   1292.06799    0.9770600      43.75
   1292.06995    0.9768200      43.73
   1292.07190    0.9768800      43.74
   1292.07385    0.9768800      43.74
   1292.07568    0.9767700      43.73
   1292.07764    0.9768200      43.73
   1292.07959    0.9770900      43.75
   1292.08154    0.9772600      43.75
   1292.08337    0.9772300      43.75
   1292.08533    0.9773600      43.76
   1292.08728    0.9778500      43.78
   1292.08923    0.9782600      43.80
   1292.09119    0.9780600      43.79
   1292.09302    0.9774000      43.76
   1292.09497    0.9768200      43.73
   1292.09692    0.9765000      43.72
   1292.09888    0.9762000      43.70
   1292.10083    0.9760100      43.70
   1292.10266    0.9763800      43.71
   1292.10461    0.9773100      43.75
   1292.10657    0.9780300      43.79
   1292.10852    0.9778600      43.78
   1292.11047    0.9770800      43.74
   1292.11230    0.9764700      43.72
   1292.11426    0.9763100      43.71
   1292.11621    0.9763000      43.71
   1292.11816    0.9761700      43.70
   1292.12012    0.9758500      43.69
   1292.12195    0.9750300      43.65
   1292.12390    0.9732300      43.57
   1292.12585    0.9707000      43.46
   1292.12781    0.9686100      43.36
   1292.12964    0.9680800      43.34
   1292.13159    0.9691600      43.39
   1292.13354    0.9708900      43.46
   1292.13550    0.9724200      43.53
   1292.13745    0.9735400      43.58
   1292.13928    0.9743600      43.62
   1292.14124    0.9749300      43.64
   1292.14319    0.9752200      43.66
   1292.14514    0.9752200      43.66
   1292.14709    0.9749700      43.65
   1292.14893    0.9745200      43.63
   1292.15088    0.9739800      43.60
   1292.15283    0.9734900      43.58
   1292.15479    0.9730400      43.56
   1292.15674    0.9724800      43.53
   1292.15857    0.9718600      43.51
   1292.16052    0.9714100      43.49
   1292.16248    0.9713200      43.48
   1292.16443    0.9713200      43.48
   1292.16638    0.9709600      43.47
   1292.16821    0.9700500      43.42
   1292.17017    0.9687400      43.37
   1292.17212    0.9672300      43.30
   1292.17407    0.9656100      43.23
   1292.17590    0.9639100      43.15
   1292.17786    0.9623400      43.08
   1292.17981    0.9612200      43.03
   1292.18176    0.9609200      43.01
   1292.18372    0.9616600      43.05
   1292.18555    0.9633200      43.12
   1292.18750    0.9652900      43.21
   1292.18945    0.9668700      43.28
   1292.19141    0.9678900      43.33
   1292.19336    0.9688200      43.37
   1292.19519    0.9701500      43.43
   1292.19714    0.9716500      43.49
   1292.19910    0.9726800      43.54
   1292.20105    0.9730300      43.56
   1292.20300    0.9731500      43.56
   1292.20483    0.9735500      43.58
   1292.20679    0.9741300      43.60
   1292.20874    0.9744700      43.62
   1292.21069    0.9744600      43.62
   1292.21265    0.9743300      43.61
   1292.21448    0.9742300      43.61
   1292.21643    0.9740900      43.60
   1292.21838    0.9738700      43.59
   1292.22034    0.9736900      43.58
   1292.22229    0.9734900      43.57
   1292.22412    0.9729800      43.55
   1292.22607    0.9720500      43.51
   1292.22803    0.9710900      43.47
   1292.22998    0.9705700      43.44
   1292.23193    0.9704100      43.44
   1292.23376    0.9700400      43.42
   1292.23572    0.9691600      43.38
   1292.23767    0.9679400      43.32
   1292.23962    0.9665000      43.26
   1292.24146    0.9645400      43.17
   1292.24341    0.9617500      43.05
   1292.24536    0.9581800      42.89
   1292.24731    0.9540200      42.70
   1292.24927    0.9492300      42.49
   1292.25110    0.9439100      42.25
   1292.25305    0.9391000      42.03
   1292.25500    0.9364200      41.91
   1292.25696    0.9365700      41.92
   1292.25891    0.9386100      42.01
   1292.26074    0.9408800      42.11
   1292.26270    0.9424900      42.18
   1292.26465    0.9434200      42.23
   1292.26660    0.9435400      42.23
   1292.26855    0.9425200      42.18
   1292.27039    0.9407500      42.11
   1292.27234    0.9395900      42.05
   1292.27429    0.9402600      42.08
   1292.27625    0.9426200      42.19
   1292.27820    0.9455600      42.32
   1292.28003    0.9483100      42.44
   1292.28198    0.9507600      42.55
   1292.28394    0.9528900      42.65
   1292.28589    0.9544300      42.72
   1292.28784    0.9551800      42.75
   1292.28967    0.9552700      42.75
   1292.29163    0.9547900      42.73
   1292.29358    0.9536000      42.68
   1292.29553    0.9517600      42.60
   1292.29749    0.9495400      42.50
   1292.29932    0.9468900      42.38
   1292.30127    0.9431700      42.21
   1292.30322    0.9378300      41.97
   1292.30518    0.9309000      41.66
   1292.30713    0.9224600      41.28
   1292.30896    0.9118000      40.81
   1292.31091    0.8977000      40.18
   1292.31287    0.8793300      39.35
   1292.31482    0.8562600      38.32
   1292.31665    0.8283200      37.07
   1292.31860    0.7972200      35.68
   1292.32056    0.7687600      34.40
   1292.32251    0.7519900      33.65
   1292.32446    0.7537900      33.73
   1292.32629    0.7734700      34.62
   1292.32825    0.8032300      35.95
   1292.33020    0.8340400      37.33
   1292.33215    0.8609900      38.53
   1292.33411    0.8834400      39.54
   1292.33594    0.9020600      40.37
   1292.33789    0.9169500      41.04
   1292.33984    0.9281300      41.54
   1292.34180    0.9363000      41.90
   1292.34375    0.9424700      42.18
   1292.34558    0.9473000      42.39
   1292.34753    0.9511400      42.57
   1292.34949    0.9542400      42.70
   1292.35144    0.9567800      42.82
   1292.35339    0.9588000      42.91
   1292.35522    0.9605100      42.98
   1292.35718    0.9622100      43.06
   1292.35913    0.9639600      43.14
   1292.36108    0.9653900      43.20
   1292.36304    0.9662600      43.24
   1292.36487    0.9669800      43.27
   1292.36682    0.9681100      43.32
   1292.36877    0.9695000      43.39
   1292.37073    0.9704400      43.43
   1292.37268    0.9706900      43.44
   1292.37451    0.9708500      43.45
   1292.37646    0.9714500      43.47
   1292.37842    0.9722600      43.51
   1292.38037    0.9726900      43.53
   1292.38232    0.9727100      43.53
   1292.38416    0.9727900      43.53
   1292.38611    0.9731700      43.55
   1292.38806    0.9736100      43.57
   1292.39001    0.9738600      43.58
   1292.39197    0.9739600      43.58
   1292.39380    0.9738900      43.58
   1292.39575    0.9735700      43.57
   1292.39771    0.9732400      43.55
   1292.39966    0.9733500      43.56
   1292.40161    0.9737100      43.57
   1292.40344    0.9732600      43.55
   1292.40540    0.9713500      43.47
   1292.40735    0.9689800      43.36
   1292.40930    0.9680400      43.32
   1292.41125    0.9692200      43.37
   1292.41309    0.9713700      43.47
   1292.41504    0.9730100      43.54
   1292.41699    0.9737700      43.57
   1292.41895    0.9741700      43.59
   1292.42090    0.9745400      43.61
   1292.42273    0.9748600      43.62
   1292.42468    0.9753000      43.64
   1292.42664    0.9761100      43.68
   1292.42859    0.9770000      43.72
   1292.43054    0.9774200      43.74
   1292.43237    0.9773400      43.73
   1292.43433    0.9773100      43.73
   1292.43628    0.9774700      43.74
   1292.43823    0.9772000      43.73
   1292.44019    0.9762100      43.68
   1292.44202    0.9752600      43.64
   1292.44397    0.9752800      43.64
   1292.44592    0.9760100      43.67
   1292.44788    0.9764400      43.69
   1292.44983    0.9763100      43.68
   1292.45166    0.9765000      43.69
   1292.45361    0.9775000      43.74
   1292.45557    0.9785700      43.79
   1292.45752    0.9787300      43.79
   1292.45947    0.9781700      43.77
   1292.46130    0.9778500      43.75
   1292.46326    0.9780300      43.76
   1292.46521    0.9779800      43.76
   1292.46716    0.9772600      43.73
   1292.46912    0.9764500      43.69
   1292.47095    0.9762800      43.68
   1292.47290    0.9766100      43.70
   1292.47485    0.9767900      43.70
   1292.47681    0.9767800      43.70
   1292.47876    0.9771200      43.72
   1292.48059    0.9778500      43.75
   1292.48254    0.9782200      43.77
   1292.48450    0.9777200      43.74
   1292.48645    0.9768700      43.71
   1292.48840    0.9765600      43.69
   1292.49023    0.9768500      43.71
   1292.49219    0.9769300      43.71
   1292.49414    0.9763000      43.68
   1292.49609    0.9755000      43.64
   1292.49805    0.9754200      43.64
   1292.49988    0.9762200      43.68
   1292.50183    0.9772200      43.72
   1292.50378    0.9776900      43.74
   1292.50574    0.9775400      43.74
   1292.50769    0.9772000      43.72
   1292.50952    0.9769900      43.71
   1292.51147    0.9768600      43.70
   1292.51343    0.9766500      43.70
   1292.51538    0.9763800      43.68
   1292.51733    0.9761900      43.67
   1292.51917    0.9760600      43.67
   1292.52112    0.9758700      43.66
   1292.52307    0.9756400      43.65
   1292.52502    0.9756600      43.65
   1292.52698    0.9761200      43.67
   1292.52881    0.9766700      43.69
   1292.53076    0.9767400      43.70
   1292.53271    0.9761400      43.67
   1292.53467    0.9752000      43.63
   1292.53662    0.9743500      43.59
   1292.53845    0.9736900      43.56
   1292.54041    0.9732700      43.54
   1292.54236    0.9733100      43.54
   1292.54431    0.9738800      43.57
   1292.54626    0.9745500      43.60
   1292.54810    0.9747600      43.61
   1292.55005    0.9745100      43.60
   1292.55200    0.9742400      43.58
   1292.55396    0.9741600      43.58
   1292.55591    0.9740300      43.57
   1292.55774    0.9736300      43.56
   1292.55969    0.9732200      43.54
   1292.56165    0.9730600      43.53
   1292.56360    0.9730400      43.53
   1292.56555    0.9729000      43.52
   1292.56738    0.9727500      43.52
   1292.56934    0.9729400      43.53
   1292.57129    0.9735300      43.55
   1292.57324    0.9741900      43.58
   1292.57520    0.9746000      43.60
   1292.57703    0.9746700      43.60
   1292.57898    0.9744700      43.59
   1292.58093    0.9741200      43.58
   1292.58289    0.9738400      43.56
   1292.58484    0.9737900      43.56
   1292.58667    0.9737700      43.56
   1292.58862    0.9734100      43.54
   1292.59058    0.9727400      43.51
   1292.59253    0.9721500      43.49
   1292.59448    0.9718400      43.47
   1292.59631    0.9715200      43.46
   1292.59827    0.9709200      43.43
   1292.60022    0.9701900      43.40
   1292.60217    0.9696700      43.38
   1292.60413    0.9693200      43.36
   1292.60596    0.9689200      43.34
   1292.60791    0.9684800      43.32
   1292.60986    0.9682300      43.31
   1292.61182    0.9681000      43.31
   1292.61377    0.9677000      43.29
   1292.61560    0.9667700      43.25
   1292.61755    0.9653900      43.18
   1292.61951    0.9636600      43.11
   1292.62146    0.9614400      43.01
   1292.62341    0.9585700      42.88
   1292.62524    0.9550600      42.72
   1292.62720    0.9508300      42.53
   1292.62915    0.9456000      42.30
   1292.63110    0.9391600      42.01
   1292.63306    0.9317600      41.68
   1292.63501    0.9238800      41.33
   1292.63684    0.9160800      40.98
   1292.63879    0.9093100      40.67
   1292.64075    0.9051400      40.49
   1292.64270    0.9052100      40.49
   1292.64465    0.9098600      40.70
   1292.64648    0.9177300      41.05
   1292.64844    0.9266100      41.45
   1292.65039    0.9347500      41.81
   1292.65234    0.9415400      42.11
   1292.65430    0.9470900      42.36
   1292.65613    0.9517900      42.57
   1292.65808    0.9559000      42.76
   1292.66003    0.9594900      42.92
   1292.66199    0.9624400      43.05
   1292.66394    0.9647100      43.15
   1292.66577    0.9664300      43.23
   1292.66772    0.9677900      43.29
   1292.66968    0.9689100      43.34
   1292.67163    0.9698500      43.38
   1292.67358    0.9707300      43.42
   1292.67542    0.9716200      43.46
   1292.67737    0.9724100      43.49
   1292.67932    0.9729100      43.52
   1292.68127    0.9731200      43.53
   1292.68323    0.9732500      43.53
   1292.68506    0.9734400      43.54
   1292.68701    0.9736700      43.55
   1292.68896    0.9739300      43.56
   1292.69092    0.9743100      43.58
   1292.69287    0.9749100      43.60
   1292.69470    0.9755500      43.63
   1292.69666    0.9759000      43.65
   1292.69861    0.9757300      43.64
   1292.70056    0.9751000      43.61
   1292.70251    0.9743500      43.58
   1292.70435    0.9739500      43.56
   1292.70630    0.9741500      43.57
   1292.70825    0.9747300      43.60
   1292.71021    0.9752000      43.62
   1292.71216    0.9751800      43.62
   1292.71399    0.9748100      43.60
   1292.71594    0.9745000      43.58
   1292.71790    0.9744900      43.58
   1292.71985    0.9747300      43.59
   1292.72180    0.9751600      43.61
   1292.72375    0.9757700      43.64
   1292.72559    0.9764800      43.67
   1292.72754    0.9770500      43.70
   1292.72949    0.9773800      43.71
   1292.73145    0.9776300      43.72
   1292.73340    0.9778500      43.73
   1292.73523    0.9778500      43.73
   1292.73718    0.9774500      43.71
   1292.73914    0.9768700      43.69
   1292.74109    0.9765300      43.67
   1292.74304    0.9765500      43.67
   1292.74487    0.9766600      43.68
   1292.74683    0.9766600      43.68
   1292.74878    0.9766900      43.68
   1292.75073    0.9769700      43.69
   1292.75269    0.9774600      43.71
   1292.75452    0.9778800      43.73
   1292.75647    0.9780700      43.74
   1292.75842    0.9780000      43.74
   1292.76038    0.9777700      43.73
   1292.76233    0.9774700      43.71
   1292.76416    0.9772300      43.70
   1292.76611    0.9771700      43.70
   1292.76807    0.9772800      43.70
   1292.77002    0.9774500      43.71
   1292.77197    0.9774900      43.71
   1292.77393    0.9773900      43.71
   1292.77576    0.9773000      43.71
   1292.77771    0.9773900      43.71
   1292.77966    0.9775700      43.72
   1292.78162    0.9776000      43.72
   1292.78357    0.9774600      43.71
   1292.78540    0.9774400      43.71
   1292.78735    0.9776600      43.72
   1292.78931    0.9778100      43.73
   1292.79126    0.9776100      43.72
   1292.79321    0.9773400      43.71
   1292.79504    0.9774100      43.71
   1292.79700    0.9774800      43.71
   1292.79895    0.9768300      43.68
   1292.80090    0.9756600      43.63
   1292.80286    0.9750900      43.60
   1292.80469    0.9755300      43.62
   1292.80664    0.9760200      43.65
   1292.80859    0.9757400      43.63
   1292.81055    0.9753400      43.62
   1292.81250    0.9755700      43.63
   1292.81433    0.9755700      43.63
   1292.81628    0.9740700      43.56
   1292.81824    0.9718000      43.46
   1292.82019    0.9702300      43.39
   1292.82214    0.9678800      43.28
   1292.82410    0.9608100      42.96
   1292.82593    0.9487800      42.43
   1292.82788    0.9385900      41.97
   1292.82983    0.9381300      41.95
   1292.83179    0.9474400      42.37
   1292.83374    0.9585200      42.86
   1292.83557    0.9642400      43.12
   1292.83752    0.9648500      43.14
   1292.83948    0.9647400      43.14
   1292.84143    0.9658100      43.19
   1292.84338    0.9665900      43.22
   1292.84521    0.9660900      43.20
   1292.84717    0.9653900      43.17
   1292.84912    0.9652600      43.16
   1292.85107    0.9650000      43.15
   1292.85303    0.9641000      43.11
   1292.85486    0.9635300      43.08
   1292.85681    0.9640600      43.11
   1292.85876    0.9648700      43.14
   1292.86072    0.9650100      43.15
   1292.86267    0.9650500      43.15
   1292.86462    0.9662100      43.20
   1292.86646    0.9682600      43.29
   1292.86841    0.9698300      43.36
   1292.87036    0.9704900      43.39
   1292.87231    0.9711900      43.43
   1292.87427    0.9725700      43.49
   1292.87610    0.9738800      43.55
   1292.87805    0.9742100      43.56
   1292.88000    0.9738600      43.54
   1292.88196    0.9737300      43.54
   1292.88391    0.9740200      43.55
   1292.88574    0.9741000      43.55
   1292.88770    0.9735800      43.53
   1292.88965    0.9728100      43.50
   1292.89160    0.9721900      43.47
   1292.89355    0.9715400      43.44
   1292.89539    0.9703800      43.39
   1292.89734    0.9685600      43.31
   1292.89929    0.9665100      43.21
   1292.90125    0.9649300      43.14
   1292.90320    0.9642400      43.11
   1292.90515    0.9643600      43.12
   1292.90698    0.9649500      43.14
   1292.90894    0.9658400      43.18
   1292.91089    0.9671600      43.24
   1292.91284    0.9689700      43.32
   1292.91479    0.9708600      43.41
   1292.91663    0.9722100      43.47
   1292.91858    0.9728300      43.50
   1292.92053    0.9732300      43.51
   1292.92249    0.9740400      43.55
   1292.92444    0.9754000      43.61
   1292.92627    0.9768800      43.68
   1292.92822    0.9779600      43.72
   1292.93018    0.9784300      43.74
   1292.93213    0.9784200      43.74
   1292.93408    0.9781300      43.73
   1292.93591    0.9777500      43.71
   1292.93787    0.9774300      43.70
   1292.93982    0.9773400      43.70
   1292.94177    0.9774600      43.70
   1292.94373    0.9775700      43.71
   1292.94568    0.9774000      43.70
   1292.94751    0.9770100      43.68
   1292.94946    0.9767600      43.67
   1292.95142    0.9769300      43.68
   1292.95337    0.9773700      43.70
   1292.95532    0.9776400      43.71
   1292.95715    0.9775300      43.70
   1292.95911    0.9772700      43.69
   1292.96106    0.9771600      43.69
   1292.96301    0.9771800      43.69
   1292.96497    0.9771300      43.68
   1292.96680    0.9769800      43.68
   1292.96875    0.9769900      43.68
   1292.97070    0.9773300      43.69
   1292.97266    0.9779400      43.72
   1292.97461    0.9786400      43.75
   1292.97656    0.9793000      43.78
   1292.97839    0.9797500      43.80
   1292.98035    0.9798200      43.80
   1292.98230    0.9794700      43.79
   1292.98425    0.9789100      43.76
   1292.98621    0.9784700      43.74
   1292.98804    0.9782500      43.73
   1292.98999    0.9781700      43.73
   1292.99194    0.9781600      43.73
   1292.99390    0.9781200      43.73
   1292.99585    0.9778800      43.72
   1292.99768    0.9773300      43.69
   1292.99963    0.9767800      43.67
   1293.00159    0.9767400      43.66
   1293.00354    0.9773100      43.69
   1293.00549    0.9779400      43.72
   1293.00745    0.9781200      43.73
   1293.00928    0.9779200      43.72
   1293.01123    0.9778100      43.71
   1293.01318    0.9779000      43.72
   1293.01514    0.9779200      43.72
   1293.01709    0.9777600      43.71
   1293.01892    0.9775800      43.70
   1293.02087    0.9774900      43.70
   1293.02283    0.9773400      43.69
   1293.02478    0.9772100      43.68
   1293.02673    0.9774100      43.69
   1293.02856    0.9779600      43.72
   1293.03052    0.9783800      43.74
   1293.03247    0.9783100      43.73
   1293.03442    0.9781400      43.72
   1293.03638    0.9783800      43.73
   1293.03833    0.9788800      43.76
   1293.04016    0.9790300      43.76
   1293.04211    0.9788000      43.75
   1293.04407    0.9788200      43.75
   1293.04602    0.9792900      43.77
   1293.04797    0.9794900      43.78
   1293.04980    0.9788000      43.75
   1293.05176    0.9777300      43.70
   1293.05371    0.9772600      43.68
   1293.05566    0.9775300      43.70
   1293.05762    0.9777400      43.70
   1293.05957    0.9773800      43.69
   1293.06140    0.9769200      43.67
   1293.06335    0.9770400      43.67
   1293.06531    0.9776600      43.70
   1293.06726    0.9781100      43.72
   1293.06921    0.9780800      43.72
   1293.07104    0.9778900      43.71
   1293.07300    0.9778200      43.71
   1293.07495    0.9776000      43.70
   1293.07690    0.9768300      43.66
   1293.07886    0.9756400      43.61
   1293.08069    0.9747600      43.57
   1293.08264    0.9746200      43.56
   1293.08459    0.9748200      43.57
   1293.08655    0.9746200      43.56
   1293.08850    0.9739600      43.53
   1293.09045    0.9736300      43.52
   1293.09229    0.9743300      43.55
   1293.09424    0.9757800      43.61
   1293.09619    0.9770700      43.67
   1293.09814    0.9776600      43.70
   1293.10010    0.9777500      43.70
   1293.10193    0.9776700      43.70
   1293.10388    0.9774600      43.69
   1293.10583    0.9771600      43.68
   1293.10779    0.9769400      43.67
   1293.10974    0.9768700      43.66
   1293.11169    0.9766800      43.65
   1293.11353    0.9761800      43.63
   1293.11548    0.9757100      43.61
   1293.11743    0.9758000      43.61
   1293.11938    0.9764600      43.64
   1293.12134    0.9771300      43.67
   1293.12317    0.9774800      43.69
   1293.12512    0.9776500      43.70
   1293.12708    0.9777800      43.70
   1293.12903    0.9777300      43.70
   1293.13098    0.9774000      43.68
   1293.13281    0.9770500      43.67
   1293.13477    0.9769500      43.66
   1293.13672    0.9769700      43.66
   1293.13867    0.9769100      43.66
   1293.14062    0.9769000      43.66
   1293.14258    0.9771300      43.67
   1293.14441    0.9774200      43.68
   1293.14636    0.9772900      43.68
   1293.14832    0.9767400      43.65
   1293.15027    0.9763200      43.63
   1293.15222    0.9763200      43.63
   1293.15405    0.9764600      43.64
   1293.15601    0.9763800      43.64
   1293.15796    0.9762600      43.63
   1293.15991    0.9765500      43.64
   1293.16187    0.9771800      43.67
   1293.16382    0.9776100      43.69
   1293.16565    0.9774700      43.68
   1293.16760    0.9770400      43.67
   1293.16956    0.9768000      43.65
   1293.17151    0.9769200      43.66
   1293.17346    0.9771600      43.67
   1293.17529    0.9773300      43.68
   1293.17725    0.9774300      43.68
   1293.17920    0.9775600      43.69
   1293.18115    0.9777900      43.70
   1293.18311    0.9781300      43.71
   1293.18506    0.9784800      43.73
   1293.18689    0.9787300      43.74
   1293.18884    0.9788000      43.74
   1293.19080    0.9787100      43.74
   1293.19275    0.9785600      43.73
   1293.19470    0.9783700      43.72
   1293.19653    0.9781500      43.71
   1293.19849    0.9779200      43.70
   1293.20044    0.9777200      43.69
   1293.20239    0.9774200      43.68
   1293.20435    0.9767400      43.65
   1293.20630    0.9754300      43.59
   1293.20813    0.9735700      43.51
   1293.21008    0.9715100      43.42
   1293.21204    0.9693700      43.32
   1293.21399    0.9666800      43.20
   1293.21594    0.9626700      43.02
   1293.21777    0.9569000      42.76
   1293.21973    0.9495700      42.43
   1293.22168    0.9411300      42.06
   1293.22363    0.9317300      41.64
   1293.22559    0.9214200      41.18
   1293.22754    0.9107400      40.70
   1293.22937    0.9009600      40.26
   1293.23132    0.8934900      39.93
   1293.23328    0.8891900      39.74
   1293.23523    0.8884000      39.70
   1293.23718    0.8912700      39.83
   1293.23901    0.8978600      40.12
   1293.24097    0.9075500      40.56
   1293.24292    0.9188100      41.06
   1293.24487    0.9298600      41.55
   1293.24683    0.9396500      41.99
   1293.24878    0.9481100      42.37
   1293.25061    0.9554300      42.69
   1293.25256    0.9614400      42.96
   1293.25452    0.9658200      43.16
   1293.25647    0.9687300      43.29
   1293.25842    0.9708700      43.38
   1293.26025    0.9728000      43.47
   1293.26221    0.9744500      43.54
   1293.26416    0.9754700      43.59
   1293.26611    0.9759600      43.61
   1293.26807    0.9763400      43.63
   1293.27002    0.9766900      43.64
   1293.27185    0.9765400      43.64
   1293.27380    0.9756500      43.60
   1293.27576    0.9744000      43.54
   1293.27771    0.9732400      43.49
   1293.27966    0.9718500      43.43
   1293.28149    0.9694900      43.32
   1293.28345    0.9660100      43.16
   1293.28540    0.9620500      42.99
   1293.28735    0.9580700      42.81
   1293.28931    0.9536100      42.61
   1293.29126    0.9480400      42.36
   1293.29309    0.9415900      42.07
   1293.29504    0.9352500      41.79
   1293.29700    0.9297300      41.54
   1293.29895    0.9251600      41.34
   1293.30090    0.9218100      41.19
   1293.30273    0.9204000      41.13
   1293.30469    0.9214700      41.17
   1293.30664    0.9246700      41.32
   1293.30859    0.9291800      41.52
   1293.31055    0.9345000      41.75
   1293.31250    0.9403600      42.02
   1293.31433    0.9461700      42.28
   1293.31628    0.9512300      42.50
   1293.31824    0.9554300      42.69
   1293.32019    0.9593300      42.86
   1293.32214    0.9632200      43.04
   1293.32410    0.9666300      43.19
   1293.32593    0.9690900      43.30
   1293.32788    0.9708200      43.38
   1293.32983    0.9723400      43.44
   1293.33179    0.9737200      43.51
   1293.33374    0.9745800      43.54
   1293.33557    0.9748300      43.55
   1293.33752    0.9747500      43.55
   1293.33948    0.9743400      43.53
   1293.34143    0.9734100      43.49
   1293.34338    0.9721800      43.44
   1293.34534    0.9714200      43.40
   1293.34717    0.9714700      43.40
   1293.34912    0.9717100      43.41
   1293.35107    0.9714600      43.40
   1293.35303    0.9710300      43.38
   1293.35498    0.9711300      43.39
   1293.35681    0.9714900      43.40
   1293.35876    0.9711800      43.39
   1293.36072    0.9701100      43.34
   1293.36267    0.9696200      43.32
   1293.36462    0.9708200      43.37
   1293.36658    0.9730100      43.47
   1293.36841    0.9745800      43.54
   1293.37036    0.9749700      43.56
   1293.37231    0.9750000      43.56
   1293.37427    0.9753800      43.58
   1293.37622    0.9757700      43.59
   1293.37817    0.9755500      43.58
   1293.38000    0.9749100      43.56
   1293.38196    0.9745600      43.54
   1293.38391    0.9748000      43.55
   1293.38586    0.9753600      43.57
   1293.38782    0.9759700      43.60
   1293.38965    0.9765200      43.63
   1293.39160    0.9768800      43.64
   1293.39355    0.9769000      43.64
   1293.39551    0.9767300      43.64
   1293.39746    0.9767400      43.64
   1293.39941    0.9770100      43.65
   1293.40125    0.9771900      43.66
   1293.40320    0.9770600      43.65
   1293.40515    0.9768000      43.64
   1293.40710    0.9766900      43.63
   1293.40906    0.9766800      43.63
   1293.41101    0.9766500      43.63
   1293.41284    0.9766900      43.63
   1293.41479    0.9768700      43.64
   1293.41675    0.9769400      43.64
   1293.41870    0.9766000      43.63
   1293.42065    0.9760400      43.60
   1293.42249    0.9756700      43.59
   1293.42444    0.9754600      43.58
   1293.42639    0.9750500      43.56
   1293.42834    0.9744500      43.53
   1293.43030    0.9741600      43.52
   1293.43225    0.9742800      43.52
   1293.43408    0.9740600      43.51
   1293.43604    0.9728600      43.46
   1293.43799    0.9711200      43.38
   1293.43994    0.9697300      43.32
   1293.44189    0.9685900      43.27
   1293.44385    0.9666500      43.18
   1293.44568    0.9632700      43.03
   1293.44763    0.9589000      42.84
   1293.44958    0.9539000      42.61
   1293.45154    0.9476700      42.33
   1293.45349    0.9392300      41.96
   1293.45532    0.9285900      41.48
   1293.45728    0.9167000      40.95
   1293.45923    0.9044300      40.40
   1293.46118    0.8923500      39.86
   1293.46313    0.8812700      39.37
   1293.46509    0.8723600      38.97
   1293.46692    0.8664800      38.71
   1293.46887    0.8638300      38.59
   1293.47083    0.8644700      38.62
   1293.47278    0.8684000      38.79
   1293.47473    0.8749500      39.08
   1293.47668    0.8826400      39.43
   1293.47852    0.8899900      39.75
   1293.48047    0.8961800      40.03
   1293.48242    0.9003900      40.22
   1293.48438    0.9013300      40.26
   1293.48633    0.8979300      40.11
   1293.48816    0.8897400      39.74
   1293.49011    0.8757300      39.12
   1293.49207    0.8539300      38.14
   1293.49402    0.8247500      36.84
   1293.49597    0.7954000      35.53
   1293.49792    0.7785000      34.77
   1293.49976    0.7834800      35.00
   1293.50171    0.8086300      36.12
   1293.50366    0.8426100      37.64
   1293.50562    0.8737600      39.03
   1293.50757    0.8973300      40.08
   1293.50952    0.9147200      40.86
   1293.51135    0.9283400      41.47
   1293.51331    0.9388900      41.94
   1293.51526    0.9464900      42.28
   1293.51721    0.9518500      42.52
   1293.51917    0.9558100      42.69
   1293.52100    0.9584900      42.81
   1293.52295    0.9599100      42.88
   1293.52490    0.9608000      42.91
   1293.52686    0.9621700      42.98
   1293.52881    0.9643000      43.07
   1293.53076    0.9665500      43.17
   1293.53259    0.9682400      43.25
   1293.53455    0.9692800      43.29
   1293.53650    0.9699400      43.32
   1293.53845    0.9703000      43.34
   1293.54041    0.9702700      43.34
   1293.54236    0.9698600      43.32
   1293.54419    0.9693400      43.29
   1293.54614    0.9689600      43.28
   1293.54810    0.9688000      43.27
   1293.55005    0.9688600      43.27
   1293.55200    0.9692000      43.29
   1293.55396    0.9697800      43.31
   1293.55579    0.9703500      43.34
   1293.55774    0.9705700      43.35
   1293.55969    0.9705000      43.35
   1293.56165    0.9705200      43.35
   1293.56360    0.9709000      43.36
   1293.56543    0.9713900      43.38
   1293.56738    0.9715300      43.39
   1293.56934    0.9712200      43.38
   1293.57129    0.9707900      43.36
   1293.57324    0.9705100      43.34
   1293.57520    0.9704500      43.34
   1293.57703    0.9706200      43.35
   1293.57898    0.9711400      43.37
   1293.58093    0.9719600      43.41
   1293.58289    0.9726800      43.44
   1293.58484    0.9729400      43.45
   1293.58679    0.9728300      43.45
   1293.58862    0.9726600      43.44
   1293.59058    0.9725300      43.43
   1293.59253    0.9723100      43.42
   1293.59448    0.9720300      43.41
   1293.59644    0.9719100      43.41
   1293.59839    0.9719600      43.41
   1293.60022    0.9719500      43.41
   1293.60217    0.9717400      43.40
   1293.60413    0.9715800      43.39
   1293.60608    0.9715700      43.39
   1293.60803    0.9713800      43.38
   1293.60999    0.9706500      43.35
   1293.61182    0.9695000      43.30
   1293.61377    0.9682700      43.24
   1293.61572    0.9669800      43.18
   1293.61768    0.9652900      43.11
   1293.61963    0.9630700      43.01
   1293.62146    0.9602200      42.88
   1293.62341    0.9558800      42.69
   1293.62537    0.9487800      42.37
   1293.62732    0.9389100      41.93
   1293.62927    0.9286900      41.47
   1293.63123    0.9215700      41.16
   1293.63306    0.9194500      41.06
   1293.63501    0.9218100      41.17
   1293.63696    0.9272300      41.41
   1293.63892    0.9347600      41.74
   1293.64087    0.9436100      42.14
   1293.64282    0.9523100      42.53
   1293.64465    0.9592100      42.84
   1293.64661    0.9638000      43.04
   1293.64856    0.9667900      43.17
   1293.65051    0.9690000      43.27
   1293.65247    0.9706600      43.35
   1293.65442    0.9718100      43.40
   1293.65625    0.9727700      43.44
   1293.65820    0.9737800      43.48
   1293.66016    0.9746100      43.52
   1293.66211    0.9749000      43.53
   1293.66406    0.9748300      43.53
   1293.66602    0.9749200      43.54
   1293.66785    0.9752700      43.55
   1293.66980    0.9754600      43.56
   1293.67175    0.9751700      43.55
   1293.67371    0.9745900      43.52
   1293.67566    0.9740600      43.50
   1293.67761    0.9736100      43.48
   1293.67944    0.9731000      43.45
   1293.68140    0.9724700      43.42
   1293.68335    0.9715400      43.38
   1293.68530    0.9697600      43.30
   1293.68726    0.9665100      43.16
   1293.68921    0.9617000      42.94
   1293.69104    0.9558500      42.68
   1293.69299    0.9495400      42.40
   1293.69495    0.9428900      42.10
   1293.69690    0.9359000      41.79
   1293.69885    0.9290800      41.49
   1293.70068    0.9234600      41.23
   1293.70264    0.9199400      41.08
   1293.70459    0.9187800      41.03
   1293.70654    0.9199300      41.08
   1293.70850    0.9233600      41.23
   1293.71045    0.9288100      41.47
   1293.71228    0.9354300      41.77
   1293.71423    0.9419500      42.06
   1293.71619    0.9476500      42.31
   1293.71814    0.9527300      42.54
   1293.72009    0.9575900      42.76
   1293.72205    0.9620200      42.96
   1293.72388    0.9653900      43.11
   1293.72583    0.9676000      43.20
   1293.72778    0.9692200      43.28
   1293.72974    0.9707900      43.35
   1293.73169    0.9722600      43.41
   1293.73364    0.9733100      43.46
   1293.73547    0.9739200      43.49
   1293.73743    0.9743000      43.50
   1293.73938    0.9744500      43.51
   1293.74133    0.9742500      43.50
   1293.74329    0.9736700      43.47
   1293.74524    0.9727100      43.43
   1293.74707    0.9714100      43.37
   1293.74902    0.9699300      43.31
   1293.75098    0.9685900      43.25
   1293.75293    0.9674800      43.20
   1293.75488    0.9662800      43.14
   1293.75684    0.9647100      43.07
   1293.75867    0.9629300      42.99
   1293.76062    0.9608100      42.90
   1293.76257    0.9572500      42.74
   1293.76453    0.9509500      42.46
   1293.76648    0.9415600      42.04
   1293.76843    0.9288800      41.47
   1293.77026    0.9109800      40.67
   1293.77222    0.8855200      39.54
   1293.77417    0.8547300      38.16
   1293.77612    0.8283300      36.98
   1293.77808    0.8184000      36.54
   1293.78003    0.8298500      37.05
   1293.78186    0.8563100      38.23
   1293.78381    0.8858600      39.55
   1293.78577    0.9100900      40.63
   1293.78772    0.9274800      41.41
   1293.78967    0.9400600      41.97
   1293.79163    0.9494400      42.39
   1293.79346    0.9560400      42.68
   1293.79541    0.9603100      42.87
   1293.79736    0.9630100      42.99
   1293.79932    0.9647500      43.07
   1293.80127    0.9658900      43.12
   1293.80322    0.9668700      43.17
   1293.80505    0.9680600      43.22
   1293.80701    0.9694600      43.28
   1293.80896    0.9709000      43.35
   1293.81091    0.9724500      43.41
   1293.81287    0.9741100      43.49
   1293.81482    0.9754900      43.55
   1293.81665    0.9761000      43.58
   1293.81860    0.9759800      43.57
   1293.82056    0.9757100      43.56
   1293.82251    0.9756800      43.56
   1293.82446    0.9757700      43.56
   1293.82642    0.9757700      43.56
   1293.82825    0.9757300      43.56
   1293.83020    0.9758700      43.57
   1293.83215    0.9762200      43.58
   1293.83411    0.9767100      43.60
   1293.83606    0.9772700      43.63
   1293.83801    0.9777400      43.65
   1293.83984    0.9779100      43.66
   1293.84180    0.9777000      43.65
   1293.84375    0.9773800      43.63
   1293.84570    0.9772500      43.63
   1293.84766    0.9773000      43.63
   1293.84961    0.9773600      43.63
   1293.85144    0.9774200      43.63
   1293.85339    0.9775600      43.64
   1293.85535    0.9777300      43.65
   1293.85730    0.9777200      43.65
   1293.85925    0.9775400      43.64
   1293.86121    0.9773900      43.63
   1293.86304    0.9774200      43.63
   1293.86499    0.9775600      43.64
   1293.86694    0.9777100      43.65
   1293.86890    0.9778600      43.65
   1293.87085    0.9780000      43.66
   1293.87280    0.9780500      43.66
   1293.87463    0.9780800      43.66
   1293.87659    0.9782600      43.67
   1293.87854    0.9786300      43.69
   1293.88049    0.9789700      43.70
   1293.88245    0.9790200      43.70
   1293.88440    0.9787400      43.69
   1293.88623    0.9781900      43.67
   1293.88818    0.9774900      43.63
   1293.89014    0.9769200      43.61
   1293.89209    0.9768000      43.60
   1293.89404    0.9770000      43.61
   1293.89600    0.9769100      43.61
   1293.89783    0.9762900      43.58
   1293.89978    0.9758000      43.56
   1293.90173    0.9761800      43.57
   1293.90369    0.9771200      43.62
   1293.90564    0.9775400      43.64
   1293.90759    0.9770500      43.61
   1293.90942    0.9761900      43.57
   1293.91138    0.9751800      43.53
   1293.91333    0.9733300      43.45
   1293.91528    0.9705000      43.32
   1293.91724    0.9682500      43.22
   1293.91919    0.9683500      43.22
   1293.92102    0.9705300      43.32
   1293.92297    0.9726700      43.42
   1293.92493    0.9734200      43.45
   1293.92688    0.9735500      43.46
   1293.92883    0.9742700      43.49
   1293.93079    0.9754600      43.54
   1293.93262    0.9761400      43.57
   1293.93457    0.9761700      43.57
   1293.93652    0.9762500      43.58
   1293.93848    0.9766300      43.59
   1293.94043    0.9767500      43.60
   1293.94238    0.9763300      43.58
   1293.94421    0.9758600      43.56
   1293.94617    0.9757600      43.55
   1293.94812    0.9757400      43.55
   1293.95007    0.9754400      43.54
   1293.95203    0.9751300      43.52
   1293.95398    0.9753100      43.53
   1293.95581    0.9758400      43.56
   1293.95776    0.9761500      43.57
   1293.95972    0.9760800      43.57
   1293.96167    0.9759800      43.56
   1293.96362    0.9761100      43.57
   1293.96558    0.9763200      43.58
   1293.96741    0.9764600      43.58
   1293.96936    0.9765900      43.59
   1293.97131    0.9767100      43.59
   1293.97327    0.9766200      43.59
   1293.97522    0.9761900      43.57
   1293.97717    0.9756900      43.55
   1293.97900    0.9753300      43.53
   1293.98096    0.9750600      43.52
   1293.98291    0.9745800      43.50
   1293.98486    0.9737800      43.46
   1293.98682    0.9727100      43.41
   1293.98877    0.9714200      43.36
   1293.99072    0.9700800      43.30
   1293.99255    0.9689700      43.25
   1293.99451    0.9682200      43.21
   1293.99646    0.9676500      43.19
   1293.99841    0.9671400      43.16
   1294.00037    0.9669900      43.16
   1294.00232    0.9676300      43.19
   1294.00415    0.9688600      43.24
   1294.00610    0.9700400      43.29
   1294.00806    0.9709100      43.33
   1294.01001    0.9720400      43.38
   1294.01196    0.9739200      43.47
   1294.01392    0.9759700      43.56
   1294.01575    0.9771200      43.61
   1294.01770    0.9771000      43.61
   1294.01965    0.9767200      43.59
   1294.02161    0.9767800      43.59
   1294.02356    0.9771400      43.61
   1294.02551    0.9772400      43.61
   1294.02734    0.9770400      43.60
   1294.02930    0.9770600      43.60
   1294.03125    0.9775200      43.63
   1294.03320    0.9780700      43.65
   1294.03516    0.9783300      43.66
   1294.03711    0.9783500      43.66
   1294.03894    0.9783500      43.66
   1294.04089    0.9782000      43.65
   1294.04285    0.9776400      43.63
   1294.04480    0.9768200      43.59
   1294.04675    0.9763200      43.57
   1294.04871    0.9765200      43.58
   1294.05054    0.9772000      43.61
   1294.05249    0.9777100      43.63
   1294.05444    0.9775800      43.63
   1294.05640    0.9768900      43.60
   1294.05835    0.9760800      43.56
   1294.06030    0.9755500      43.54
   1294.06226    0.9753500      43.53
   1294.06409    0.9752300      43.52
   1294.06604    0.9749900      43.51
   1294.06799    0.9746900      43.50
   1294.06995    0.9744600      43.49
   1294.07190    0.9740800      43.47
   1294.07385    0.9731900      43.43
   1294.07568    0.9718100      43.37
   1294.07764    0.9703400      43.30
   1294.07959    0.9691100      43.25
   1294.08154    0.9679100      43.19
   1294.08350    0.9664700      43.13
   1294.08545    0.9650000      43.06
   1294.08728    0.9639700      43.02
   1294.08923    0.9634500      42.99
   1294.09119    0.9630400      42.97
   1294.09314    0.9625600      42.95
   1294.09509    0.9622600      42.94
   1294.09705    0.9623700      42.94
   1294.09888    0.9627800      42.96
   1294.10083    0.9633500      42.99
   1294.10278    0.9642800      43.03
   1294.10474    0.9658200      43.10
   1294.10669    0.9676700      43.18
   1294.10864    0.9692600      43.25
   1294.11060    0.9705300      43.31
   1294.11243    0.9718500      43.37
   1294.11438    0.9732800      43.43
   1294.11633    0.9743300      43.48
   1294.11829    0.9746100      43.49
   1294.12024    0.9744300      43.48
   1294.12219    0.9744400      43.48
   1294.12402    0.9748700      43.50
   1294.12598    0.9755300      43.53
   1294.12793    0.9761800      43.56
   1294.12988    0.9766900      43.58
   1294.13184    0.9769800      43.59
   1294.13379    0.9771000      43.60
   1294.13562    0.9773900      43.61
   1294.13757    0.9780400      43.64
   1294.13953    0.9787900      43.67
   1294.14148    0.9791300      43.69
   1294.14343    0.9789800      43.68
   1294.14539    0.9786300      43.67
   1294.14722    0.9782600      43.65
   1294.14917    0.9778100      43.63
   1294.15112    0.9775300      43.62
   1294.15308    0.9778500      43.63
   1294.15503    0.9785800      43.66
   1294.15698    0.9788400      43.68
   1294.15894    0.9782400      43.65
   1294.16077    0.9775400      43.62
   1294.16272    0.9776800      43.62
   1294.16467    0.9784700      43.66
   1294.16663    0.9788700      43.68
   1294.16858    0.9784400      43.66
   1294.17053    0.9777600      43.63
   1294.17236    0.9775300      43.62
   1294.17432    0.9777400      43.62
   1294.17627    0.9779900      43.64
   1294.17822    0.9780600      43.64
   1294.18018    0.9779100      43.63
   1294.18213    0.9776400      43.62
   1294.18396    0.9774600      43.61
   1294.18591    0.9774700      43.61
   1294.18787    0.9773000      43.60
   1294.18982    0.9765800      43.57
   1294.19177    0.9756800      43.53
   1294.19373    0.9753500      43.52
   1294.19568    0.9752900      43.51
   1294.19751    0.9741300      43.46
   1294.19946    0.9714300      43.34
   1294.20142    0.9689800      43.23
   1294.20337    0.9689700      43.23
   1294.20532    0.9713400      43.34
   1294.20728    0.9739400      43.45
   1294.20911    0.9751400      43.51
   1294.21106    0.9751000      43.50
   1294.21301    0.9746000      43.48
   1294.21497    0.9738800      43.45
   1294.21692    0.9729900      43.41
   1294.21887    0.9723100      43.38
   1294.22070    0.9719800      43.36
   1294.22266    0.9715700      43.35
   1294.22461    0.9708600      43.31
   1294.22656    0.9702300      43.29
   1294.22852    0.9698300      43.27
   1294.23047    0.9690400      43.23
   1294.23242    0.9673800      43.16
   1294.23425    0.9653700      43.07
   1294.23621    0.9636400      42.99
   1294.23816    0.9620700      42.92
   1294.24011    0.9605800      42.85
   1294.24207    0.9594700      42.80
   1294.24402    0.9576700      42.72
   1294.24585    0.9518300      42.46
   1294.24780    0.9402300      41.95
   1294.24976    0.9275600      41.38
   1294.25171    0.9228300      41.17
   1294.25366    0.9304600      41.51
   1294.25562    0.9452500      42.17
   1294.25745    0.9578900      42.73
   1294.25940    0.9641400      43.01
   1294.26135    0.9664900      43.12
   1294.26331    0.9683900      43.20
   1294.26526    0.9700000      43.27
   1294.26721    0.9701900      43.28
   1294.26917    0.9695400      43.25
   1294.27100    0.9694500      43.25
   1294.27295    0.9698300      43.26
   1294.27490    0.9694700      43.25
   1294.27686    0.9682100      43.19
   1294.27881    0.9669500      43.14
   1294.28076    0.9659300      43.09
   1294.28259    0.9640600      43.01
   1294.28455    0.9602600      42.84
   1294.28650    0.9544700      42.58
   1294.28845    0.9475700      42.27
   1294.29041    0.9411800      41.99
   1294.29236    0.9375400      41.82
   1294.29431    0.9381700      41.85
   1294.29614    0.9423400      42.04
   1294.29810    0.9473300      42.26
   1294.30005    0.9510600      42.43
   1294.30200    0.9537400      42.55
   1294.30396    0.9566600      42.68
   1294.30591    0.9601600      42.83
   1294.30774    0.9633000      42.97
   1294.30969    0.9654600      43.07
   1294.31165    0.9670400      43.14
   1294.31360    0.9686800      43.21
   1294.31555    0.9703000      43.28
   1294.31750    0.9713300      43.33
   1294.31946    0.9715400      43.34
   1294.32129    0.9713600      43.33
   1294.32324    0.9714500      43.33
   1294.32520    0.9721300      43.36
   1294.32715    0.9730300      43.40
   1294.32910    0.9734700      43.42
   1294.33105    0.9732500      43.41
   1294.33289    0.9729800      43.40
   1294.33484    0.9733600      43.42
   1294.33679    0.9742100      43.46
   1294.33875    0.9746000      43.47
   1294.34070    0.9741200      43.45
   1294.34265    0.9733700      43.42
   1294.34460    0.9731700      43.41
   1294.34644    0.9735200      43.42
   1294.34839    0.9737900      43.44
   1294.35034    0.9737100      43.43
   1294.35229    0.9736800      43.43
   1294.35425    0.9739900      43.44
   1294.35620    0.9743000      43.46
   1294.35803    0.9741700      43.45
   1294.35999    0.9737400      43.43
   1294.36194    0.9735500      43.42
   1294.36389    0.9738900      43.44
   1294.36584    0.9744700      43.47
   1294.36780    0.9749200      43.49
   1294.36975    0.9751800      43.50
   1294.37158    0.9754100      43.51
   1294.37354    0.9756800      43.52
   1294.37549    0.9758900      43.53
   1294.37744    0.9759200      43.53
   1294.37939    0.9757600      43.52
   1294.38135    0.9755800      43.51
   1294.38318    0.9756100      43.51
   1294.38513    0.9759500      43.53
   1294.38708    0.9764200      43.55
   1294.38904    0.9766800      43.56
   1294.39099    0.9766100      43.56
   1294.39294    0.9764000      43.55
   1294.39490    0.9762200      43.54
   1294.39673    0.9759300      43.53
   1294.39868    0.9753200      43.50
   1294.40063    0.9746200      43.47
   1294.40259    0.9742700      43.45
   1294.40454    0.9743500      43.46
   1294.40649    0.9743500      43.46
   1294.40833    0.9739000      43.44
   1294.41028    0.9732900      43.41
   1294.41223    0.9731100      43.40
   1294.41418    0.9733400      43.41
   1294.41614    0.9732700      43.41
   1294.41809    0.9724000      43.37
   1294.42004    0.9711000      43.31
   1294.42188    0.9700400      43.26
   1294.42383    0.9692900      43.23
   1294.42578    0.9684000      43.19
   1294.42773    0.9671700      43.14
   1294.42969    0.9660700      43.09
   1294.43164    0.9655300      43.06
   1294.43347    0.9652900      43.05
   1294.43542    0.9646000      43.02
   1294.43738    0.9629900      42.95
   1294.43933    0.9605300      42.84
   1294.44128    0.9573000      42.69
   1294.44324    0.9530400      42.50
   1294.44519    0.9475300      42.26
   1294.44702    0.9409100      41.96
   1294.44897    0.9335400      41.63
   1294.45093    0.9256600      41.28
   1294.45288    0.9178800      40.94
   1294.45483    0.9118700      40.67
   1294.45679    0.9097500      40.57
   1294.45862    0.9124600      40.69
   1294.46057    0.9189000      40.98
   1294.46252    0.9269400      41.34
   1294.46448    0.9349400      41.70
   1294.46643    0.9422200      42.02
   1294.46838    0.9484700      42.30
   1294.47034    0.9534700      42.52
   1294.47217    0.9573500      42.69
   1294.47412    0.9605000      42.83
   1294.47607    0.9629900      42.95
   1294.47803    0.9646800      43.02
   1294.47998    0.9657500      43.07
   1294.48193    0.9666700      43.11
   1294.48389    0.9673000      43.14
   1294.48572    0.9667300      43.11
   1294.48767    0.9647500      43.02
   1294.48962    0.9629700      42.94
   1294.49158    0.9634800      42.97
   1294.49353    0.9663600      43.09
   1294.49548    0.9695800      43.24
   1294.49731    0.9713600      43.32
   1294.49927    0.9719700      43.34
   1294.50122    0.9726800      43.38
   1294.50317    0.9737000      43.42
   1294.50513    0.9741700      43.44
   1294.50708    0.9737300      43.42
   1294.50903    0.9731500      43.40
   1294.51086    0.9732400      43.40
   1294.51282    0.9737900      43.42
   1294.51477    0.9740700      43.44
   1294.51672    0.9739000      43.43
   1294.51868    0.9737100      43.42
   1294.52063    0.9738800      43.43
   1294.52258    0.9742700      43.45
   1294.52441    0.9745800      43.46
   1294.52637    0.9747000      43.46
   1294.52832    0.9747000      43.46
   1294.53027    0.9746000      43.46
   1294.53223    0.9743400      43.45
   1294.53418    0.9738200      43.42
   1294.53601    0.9730500      43.39
   1294.53796    0.9722100      43.35
   1294.53992    0.9715000      43.32
   1294.54187    0.9709700      43.30
   1294.54382    0.9703400      43.27
   1294.54578    0.9692600      43.22
   1294.54773    0.9676000      43.15
   1294.54956    0.9654400      43.05
   1294.55151    0.9630000      42.94
   1294.55347    0.9605700      42.83
   1294.55542    0.9584900      42.74
   1294.55737    0.9568700      42.67
   1294.55933    0.9554200      42.60
   1294.56128    0.9539600      42.54
   1294.56311    0.9528700      42.49
   1294.56506    0.9529200      42.49
   1294.56702    0.9542400      42.55
   1294.56897    0.9561300      42.63
   1294.57092    0.9578600      42.71
   1294.57288    0.9594700      42.78
   1294.57471    0.9613300      42.86
   1294.57666    0.9632700      42.95
   1294.57861    0.9646700      43.01
   1294.58057    0.9653100      43.04
   1294.58252    0.9655700      43.05
   1294.58447    0.9656900      43.06
   1294.58643    0.9654600      43.05
   1294.58826    0.9648600      43.02
   1294.59021    0.9644000      43.00
   1294.59216    0.9643700      43.00
   1294.59412    0.9642400      42.99
   1294.59607    0.9634600      42.96
   1294.59802    0.9622600      42.90
   1294.59998    0.9612000      42.86
   1294.60181    0.9600000      42.80
   1294.60376    0.9577700      42.70
   1294.60571    0.9543400      42.55
   1294.60767    0.9503900      42.37
   1294.60962    0.9460100      42.18
   1294.61157    0.9399900      41.91
   1294.61353    0.9310100      41.51
   1294.61536    0.9186000      40.96
   1294.61731    0.9023000      40.23
   1294.61926    0.8813400      39.30
   1294.62122    0.8572700      38.22
   1294.62317    0.8365100      37.30
   1294.62512    0.8278300      36.91
   1294.62695    0.8355200      37.25
   1294.62891    0.8555000      38.14
   1294.63086    0.8791000      39.19
   1294.63281    0.8999300      40.12
   1294.63477    0.9165400      40.86
   1294.63672    0.9296600      41.45
   1294.63867    0.9394100      41.88
   1294.64050    0.9456100      42.16
   1294.64246    0.9491500      42.32
   1294.64441    0.9515400      42.42
   1294.64636    0.9534400      42.51
   1294.64832    0.9546000      42.56
   1294.65027    0.9549400      42.57
   1294.65222    0.9550100      42.58
   1294.65405    0.9552700      42.59
   1294.65601    0.9558800      42.62
   1294.65796    0.9569500      42.66
   1294.65991    0.9585800      42.74
   1294.66187    0.9605100      42.82
   1294.66382    0.9622400      42.90
   1294.66577    0.9637800      42.97
   1294.66760    0.9656300      43.05
   1294.66956    0.9678900      43.15
   1294.67151    0.9698700      43.24
   1294.67346    0.9708900      43.28
   1294.67542    0.9711900      43.30
   1294.67737    0.9715000      43.31
   1294.67932    0.9720200      43.33
   1294.68115    0.9723800      43.35
   1294.68311    0.9723900      43.35
   1294.68506    0.9724100      43.35
   1294.68701    0.9727800      43.37
   1294.68896    0.9734000      43.39
   1294.69092    0.9739900      43.42
   1294.69287    0.9744400      43.44
   1294.69470    0.9746700      43.45
   1294.69666    0.9745100      43.44
   1294.69861    0.9739500      43.42
   1294.70056    0.9733500      43.39
   1294.70251    0.9731200      43.38
   1294.70447    0.9732000      43.38
   1294.70630    0.9732100      43.38
   1294.70825    0.9730600      43.38
   1294.71021    0.9729100      43.37
   1294.71216    0.9728100      43.37
   1294.71411    0.9725800      43.36
   1294.71606    0.9722000      43.34
   1294.71802    0.9720100      43.33
   1294.71985    0.9722400      43.34
   1294.72180    0.9727000      43.36
   1294.72375    0.9730200      43.38
   1294.72571    0.9731000      43.38
   1294.72766    0.9731300      43.38
   1294.72961    0.9730700      43.38
   1294.73157    0.9726600      43.36
   1294.73340    0.9715900      43.31
   1294.73535    0.9697300      43.23
   1294.73730    0.9671100      43.11
   1294.73926    0.9640400      42.97
   1294.74121    0.9613500      42.85
   1294.74316    0.9602100      42.80
   1294.74512    0.9612700      42.85
   1294.74695    0.9640300      42.97
   1294.74890    0.9672000      43.11
   1294.75085    0.9696300      43.22
   1294.75281    0.9710900      43.29
   1294.75476    0.9720200      43.33
   1294.75671    0.9729500      43.37
   1294.75867    0.9739300      43.41
   1294.76050    0.9747300      43.45
   1294.76245    0.9752900      43.47
   1294.76440    0.9759200      43.50
   1294.76636    0.9767800      43.54
   1294.76831    0.9774300      43.57
   1294.77026    0.9772200      43.56
   1294.77222    0.9761700      43.51
   1294.77405    0.9750500      43.46
   1294.77600    0.9742700      43.43
   1294.77795    0.9731500      43.38
   1294.77991    0.9708700      43.28
   1294.78186    0.9679800      43.15
   1294.78381    0.9662700      43.07
   1294.78577    0.9668500      43.10
   1294.78760    0.9688900      43.19
   1294.78955    0.9706300      43.26
   1294.79150    0.9712100      43.29
   1294.79346    0.9709800      43.28
   1294.79541    0.9704500      43.26
   1294.79736    0.9695000      43.21
   1294.79932    0.9679400      43.14
   1294.80115    0.9659800      43.06
   1294.80310    0.9640000      42.97
   1294.80505    0.9622400      42.89
   1294.80701    0.9610300      42.83
   1294.80896    0.9610000      42.83
   1294.81091    0.9624500      42.90
   1294.81287    0.9647100      43.00
   1294.81470    0.9667500      43.09
   1294.81665    0.9682300      43.16
   1294.81860    0.9696400      43.22
   1294.82056    0.9712200      43.29
   1294.82251    0.9725400      43.35
   1294.82446    0.9731400      43.37
   1294.82642    0.9732900      43.38
   1294.82825    0.9736200      43.39
   1294.83020    0.9742100      43.42
   1294.83215    0.9745900      43.44
   1294.83411    0.9744900      43.43
   1294.83606    0.9742000      43.42
   1294.83801    0.9740200      43.41
   1294.83997    0.9738900      43.41
   1294.84180    0.9736100      43.39
   1294.84375    0.9733100      43.38
   1294.84570    0.9732700      43.38
   1294.84766    0.9734500      43.39
   1294.84961    0.9735500      43.39
   1294.85156    0.9734200      43.38
   1294.85352    0.9733400      43.38
   1294.85535    0.9736400      43.39
   1294.85730    0.9743300      43.42
   1294.85925    0.9750300      43.46
   1294.86121    0.9754000      43.47
   1294.86316    0.9754500      43.47
   1294.86511    0.9754400      43.47
   1294.86707    0.9756500      43.48
   1294.86890    0.9760700      43.50
   1294.87085    0.9764800      43.52
   1294.87280    0.9766900      43.53
   1294.87476    0.9768700      43.54
   1294.87671    0.9773000      43.56
   1294.87866    0.9779500      43.58
   1294.88062    0.9783900      43.60
   1294.88245    0.9781500      43.59
   1294.88440    0.9772900      43.55
   1294.88635    0.9763700      43.51
   1294.88831    0.9758800      43.49
   1294.89026    0.9759000      43.49
   1294.89221    0.9760800      43.50
   1294.89417    0.9761500      43.50
   1294.89600    0.9761500      43.50
   1294.89795    0.9763500      43.51
   1294.89990    0.9768300      43.53
   1294.90186    0.9773500      43.56
   1294.90381    0.9775400      43.56
   1294.90576    0.9773200      43.55
   1294.90771    0.9770200      43.54
   1294.90955    0.9770300      43.54
   1294.91150    0.9773500      43.55
   1294.91345    0.9776300      43.57
   1294.91541    0.9775200      43.56
   1294.91736    0.9771400      43.55
   1294.91931    0.9768900      43.53
   1294.92126    0.9770800      43.54
   1294.92322    0.9775800      43.56
   1294.92505    0.9779800      43.58
   1294.92700    0.9780300      43.58
   1294.92896    0.9778400      43.58
   1294.93091    0.9776700      43.57
   1294.93286    0.9776600      43.57
   1294.93481    0.9776400      43.57
   1294.93677    0.9774000      43.56
   1294.93860    0.9769400      43.53
   1294.94055    0.9764600      43.51
   1294.94250    0.9761100      43.50
   1294.94446    0.9758900      43.49
   1294.94641    0.9758000      43.48
   1294.94836    0.9758500      43.49
   1294.95032    0.9760000      43.49
   1294.95215    0.9760400      43.49
   1294.95410    0.9758600      43.49
   1294.95605    0.9755900      43.47
   1294.95801    0.9753800      43.46
   1294.95996    0.9751100      43.45
   1294.96191    0.9744600      43.42
   1294.96387    0.9734300      43.38
   1294.96570    0.9724500      43.33
   1294.96765    0.9718800      43.31
   1294.96960    0.9715300      43.29
   1294.97156    0.9709200      43.26
   1294.97351    0.9698100      43.21
   1294.97546    0.9684000      43.15
   1294.97742    0.9669900      43.09
   1294.97925    0.9656900      43.03
   1294.98120    0.9646100      42.98
   1294.98315    0.9641200      42.96
   1294.98511    0.9646300      42.98
   1294.98706    0.9660700      43.05
   1294.98901    0.9677400      43.12
   1294.99097    0.9688200      43.17
   1294.99292    0.9690000      43.18
   1294.99475    0.9685500      43.16
   1294.99670    0.9678700      43.13
   1294.99866    0.9670200      43.09
   1295.00061    0.9659100      43.04
   1295.00256    0.9646600      42.98
   1295.00452    0.9636000      42.94
   1295.00647    0.9628700      42.90
   1295.00830    0.9623200      42.88
   1295.01025    0.9619000      42.86
   1295.01221    0.9619300      42.86
   1295.01416    0.9626900      42.89
   1295.01611    0.9638900      42.95
   1295.01807    0.9648900      42.99
   1295.02002    0.9654400      43.02
   1295.02185    0.9657500      43.03
   1295.02380    0.9660300      43.04
   1295.02576    0.9662300      43.05
   1295.02771    0.9663700      43.06
   1295.02966    0.9667100      43.07
   1295.03162    0.9673400      43.10
   1295.03357    0.9680300      43.13
   1295.03540    0.9685800      43.16
   1295.03735    0.9690500      43.18
   1295.03931    0.9694600      43.19
   1295.04126    0.9695700      43.20
   1295.04321    0.9694100      43.19
   1295.04517    0.9695300      43.20
   1295.04712    0.9702300      43.23
   1295.04907    0.9708800      43.26
   1295.05090    0.9709200      43.26
   1295.05286    0.9709000      43.26
   1295.05481    0.9715000      43.28
   1295.05676    0.9714400      43.28
   1295.05872    0.9682400      43.14
   1295.06067    0.9619600      42.86
   1295.06262    0.9566400      42.62
   1295.06445    0.9565100      42.62
   1295.06641    0.9611200      42.82
   1295.06836    0.9660000      43.04
   1295.07031    0.9678700      43.12
   1295.07227    0.9674500      43.10
   1295.07422    0.9666800      43.07
   1295.07617    0.9654500      43.01
   1295.07800    0.9625000      42.88
   1295.07996    0.9584200      42.70
   1295.08191    0.9556700      42.58
   1295.08386    0.9554500      42.57
   1295.08582    0.9563400      42.61
   1295.08777    0.9565500      42.62
   1295.08972    0.9560800      42.59
   1295.09167    0.9560800      42.59
   1295.09351    0.9569100      42.63
   1295.09546    0.9579200      42.68
   1295.09741    0.9587500      42.71
   1295.09937    0.9597300      42.76
   1295.10132    0.9609500      42.81
   1295.10327    0.9619000      42.85
   1295.10522    0.9622800      42.87
   1295.10706    0.9625300      42.88
   1295.10901    0.9632100      42.91
   1295.11096    0.9640900      42.95
   1295.11292    0.9644800      42.97
   1295.11487    0.9641600      42.95
   1295.11682    0.9635700      42.93
   1295.11877    0.9630500      42.90
   1295.12061    0.9623300      42.87
   1295.12256    0.9610100      42.81
   1295.12451    0.9591100      42.73
   1295.12646    0.9569100      42.63
   1295.12842    0.9543700      42.52
   1295.13037    0.9512300      42.38
   1295.13232    0.9475400      42.21
   1295.13428    0.9436400      42.04
   1295.13611    0.9394300      41.85
   1295.13806    0.9340700      41.61
   1295.14001    0.9267500      41.28
   1295.14197    0.9172300      40.86
   1295.14392    0.9052600      40.33
   1295.14587    0.8897200      39.63
   1295.14783    0.8690200      38.71
   1295.14966    0.8420500      37.51
   1295.15161    0.8078900      35.99
   1295.15356    0.7654500      34.10
   1295.15552    0.7155900      31.88
   1295.15747    0.6652800      29.64
   1295.15942    0.6280600      27.98
   1295.16138    0.6173000      27.50
   1295.16333    0.6369400      28.37
   1295.16516    0.6787900      30.24
   1295.16711    0.7288700      32.47
   1295.16907    0.7761900      34.58
   1295.17102    0.8161200      36.35
   1295.17297    0.8481300      37.78
   1295.17493    0.8729400      38.89
   1295.17688    0.8916700      39.72
   1295.17871    0.9059300      40.35
   1295.18066    0.9171300      40.85
   1295.18262    0.9260200      41.25
   1295.18457    0.9330700      41.56
   1295.18652    0.9389600      41.83
   1295.18848    0.9441800      42.06
   1295.19043    0.9485400      42.25
   1295.19238    0.9517000      42.39
   1295.19421    0.9539500      42.49
   1295.19617    0.9560400      42.59
   1295.19812    0.9581700      42.68
   1295.20007    0.9598800      42.76
   1295.20203    0.9609400      42.80
   1295.20398    0.9617600      42.84
   1295.20593    0.9628400      42.89
   1295.20776    0.9641400      42.95
   1295.20972    0.9652700      43.00
   1295.21167    0.9661700      43.04
   1295.21362    0.9670800      43.08
   1295.21558    0.9679900      43.12
   1295.21753    0.9685800      43.14
   1295.21948    0.9686500      43.15
   1295.22144    0.9685300      43.14
   1295.22327    0.9686500      43.15
   1295.22522    0.9690600      43.16
   1295.22717    0.9694200      43.18
   1295.22913    0.9694700      43.18
   1295.23108    0.9693500      43.18
   1295.23303    0.9693400      43.18
   1295.23499    0.9695300      43.18
   1295.23682    0.9697700      43.19
   1295.23877    0.9699300      43.20
   1295.24072    0.9700700      43.21
   1295.24268    0.9703200      43.22
   1295.24463    0.9706400      43.23
   1295.24658    0.9708700      43.24
   1295.24854    0.9709500      43.25
   1295.25049    0.9710400      43.25
   1295.25232    0.9712900      43.26
   1295.25427    0.9716000      43.27
   1295.25623    0.9716500      43.28
   1295.25818    0.9712700      43.26
   1295.26013    0.9704600      43.22
   1295.26208    0.9693700      43.17
   1295.26404    0.9681900      43.12
   1295.26587    0.9672500      43.08
   1295.26782    0.9668700      43.06
   1295.26978    0.9670000      43.07
   1295.27173    0.9672500      43.08
   1295.27368    0.9673600      43.08
   1295.27563    0.9674000      43.09
   1295.27759    0.9674500      43.09
   1295.27954    0.9672400      43.08
   1295.28137    0.9665600      43.05
   1295.28333    0.9656800      43.01
   1295.28528    0.9650600      42.98
   1295.28723    0.9646800      42.96
   1295.28918    0.9641400      42.94
   1295.29114    0.9634100      42.91
   1295.29309    0.9628400      42.88
   1295.29504    0.9624100      42.86
   1295.29688    0.9614900      42.82
   1295.29883    0.9599100      42.75
   1295.30078    0.9583400      42.68
   1295.30273    0.9572900      42.63
   1295.30469    0.9561600      42.58
   1295.30664    0.9540200      42.49
   1295.30859    0.9509200      42.35
   1295.31042    0.9473900      42.19
   1295.31238    0.9428000      41.99
   1295.31433    0.9355800      41.67
   1295.31628    0.9248000      41.19
   1295.31824    0.9102600      40.54
   1295.32019    0.8909900      39.68
   1295.32214    0.8656600      38.55
   1295.32410    0.8366900      37.26
   1295.32593    0.8124700      36.18
   1295.32788    0.8030300      35.76
   1295.32983    0.8120200      36.16
   1295.33179    0.8338500      37.13
   1295.33374    0.8586500      38.24
   1295.33569    0.8794500      39.16
   1295.33765    0.8944000      39.83
   1295.33948    0.9043200      40.27
   1295.34143    0.9100200      40.53
   1295.34338    0.9119100      40.61
   1295.34534    0.9107000      40.56
   1295.34729    0.9073200      40.41
   1295.34924    0.9019800      40.17
   1295.35120    0.8936000      39.79
   1295.35315    0.8802500      39.20
   1295.35498    0.8604700      38.32
   1295.35693    0.8336300      37.12
   1295.35889    0.7983900      35.55
   1295.36084    0.7519700      33.49
   1295.36279    0.6938200      30.90
   1295.36475    0.6321100      28.15
   1295.36670    0.5848600      26.04
   1295.36865    0.5704800      25.40
   1295.37048    0.5946500      26.48
   1295.37244    0.6463000      28.78
   1295.37439    0.7065400      31.46
   1295.37634    0.7609500      33.89
   1295.37830    0.8042900      35.82
   1295.38025    0.8372300      37.28
   1295.38220    0.8620400      38.39
   1295.38416    0.8812000      39.24
   1295.38599    0.8969800      39.94
   1295.38794    0.9103700      40.54
   1295.38989    0.9209500      41.01
   1295.39185    0.9285100      41.35
   1295.39380    0.9341200      41.60
   1295.39575    0.9390500      41.81
   1295.39771    0.9434400      42.01
   1295.39954    0.9468100      42.16
   1295.40149    0.9493800      42.27
   1295.40344    0.9521200      42.40
   1295.40540    0.9553700      42.54
   1295.40735    0.9584700      42.68
   1295.40930    0.9607400      42.78
   1295.41125    0.9622500      42.85
   1295.41321    0.9633300      42.89
   1295.41504    0.9640900      42.93
   1295.41699    0.9646000      42.95
   1295.41895    0.9651500      42.98
   1295.42090    0.9658900      43.01
   1295.42285    0.9665500      43.04
   1295.42480    0.9669600      43.06
   1295.42676    0.9675000      43.08
   1295.42871    0.9686300      43.13
   1295.43054    0.9700000      43.19
   1295.43250    0.9707000      43.22
   1295.43445    0.9705000      43.21
   1295.43640    0.9702200      43.20
   1295.43835    0.9706300      43.22
   1295.44031    0.9713600      43.25
   1295.44226    0.9715200      43.26
   1295.44421    0.9711100      43.24
   1295.44604    0.9710700      43.24
   1295.44800    0.9719100      43.27
   1295.44995    0.9729500      43.32
   1295.45190    0.9732700      43.33
   1295.45386    0.9729300      43.32
   1295.45581    0.9727500      43.31
   1295.45776    0.9730900      43.33
   1295.45972    0.9734200      43.34
   1295.46155    0.9732800      43.33
   1295.46350    0.9729400      43.32
   1295.46545    0.9728300      43.31
   1295.46741    0.9728700      43.32
   1295.46936    0.9725900      43.30
   1295.47131    0.9719800      43.28
   1295.47327    0.9715200      43.26
   1295.47522    0.9715700      43.26
   1295.47705    0.9719100      43.27
   1295.47900    0.9720300      43.28
   1295.48096    0.9717100      43.26
   1295.48291    0.9711800      43.24
   1295.48486    0.9708300      43.22
   1295.48682    0.9707900      43.22
   1295.48877    0.9708000      43.22
   1295.49072    0.9704400      43.21
   1295.49255    0.9696100      43.17
   1295.49451    0.9686300      43.13
   1295.49646    0.9678500      43.09
   1295.49841    0.9672500      43.06
   1295.50037    0.9665800      43.03
   1295.50232    0.9658100      43.00
   1295.50427    0.9650900      42.97
   1295.50623    0.9642900      42.93
   1295.50806    0.9629300      42.87
   1295.51001    0.9607600      42.77
   1295.51196    0.9579700      42.65
   1295.51392    0.9547600      42.51
   1295.51587    0.9510000      42.34
   1295.51782    0.9465100      42.14
   1295.51978    0.9417000      41.92
   1295.52173    0.9374000      41.73
   1295.52356    0.9340100      41.58
   1295.52551    0.9309100      41.44
   1295.52747    0.9268200      41.26
   1295.52942    0.9205800      40.98
   1295.53137    0.9116600      40.59
   1295.53333    0.9000600      40.07
   1295.53528    0.8859300      39.44
   1295.53723    0.8696200      38.71
   1295.53906    0.8525700      37.96
   1295.54102    0.8379100      37.30
   1295.54297    0.8298000      36.94
   1295.54492    0.8309700      36.99
   1295.54688    0.8408000      37.43
   1295.54883    0.8559000      38.10
   1295.55078    0.8725700      38.84
   1295.55273    0.8885800      39.56
   1295.55457    0.9028400      40.19
   1295.55652    0.9145100      40.71
   1295.55847    0.9231800      41.10
   1295.56042    0.9294800      41.38
   1295.56238    0.9345800      41.60
   1295.56433    0.9389600      41.80
   1295.56628    0.9421500      41.94
   1295.56824    0.9438000      42.01
   1295.57007    0.9444600      42.04
   1295.57202    0.9451000      42.07
   1295.57397    0.9462000      42.12
   1295.57593    0.9478400      42.19
   1295.57788    0.9501000      42.29
   1295.57983    0.9530300      42.42
   1295.58179    0.9562700      42.57
   1295.58374    0.9591700      42.70
   1295.58557    0.9614300      42.80
   1295.58752    0.9632800      42.88
   1295.58948    0.9648900      42.95
   1295.59143    0.9661400      43.01
   1295.59338    0.9669100      43.04
   1295.59534    0.9674400      43.07
   1295.59729    0.9679800      43.09
   1295.59924    0.9684400      43.11
   1295.60107    0.9685800      43.12
   1295.60303    0.9685100      43.11
   1295.60498    0.9686400      43.12
   1295.60693    0.9690300      43.13
   1295.60889    0.9692900      43.15
   1295.61084    0.9690600      43.14
   1295.61279    0.9685200      43.11
   1295.61475    0.9681200      43.09
   1295.61658    0.9680400      43.09
   1295.61853    0.9681900      43.10
   1295.62048    0.9685900      43.11
   1295.62244    0.9693400      43.15
   1295.62439    0.9702600      43.19
   1295.62634    0.9709100      43.22
   1295.62830    0.9711900      43.23
   1295.63025    0.9715400      43.25
   1295.63208    0.9723000      43.28
   1295.63403    0.9731500      43.32
   1295.63599    0.9734900      43.33
   1295.63794    0.9734200      43.33
   1295.63989    0.9736700      43.34
   1295.64185    0.9746200      43.38
   1295.64380    0.9758100      43.43
   1295.64575    0.9765200      43.47
   1295.64758    0.9766900      43.47
   1295.64954    0.9767900      43.48
   1295.65149    0.9770400      43.49
   1295.65344    0.9771200      43.49
   1295.65540    0.9767100      43.47
   1295.65735    0.9759900      43.44
   1295.65930    0.9755000      43.42
   1295.66125    0.9755700      43.42
   1295.66309    0.9760100      43.44
   1295.66504    0.9763300      43.46
   1295.66699    0.9762300      43.45
   1295.66895    0.9759100      43.44
   1295.67090    0.9758200      43.43
   1295.67285    0.9760700      43.44
   1295.67480    0.9762700      43.45
   1295.67676    0.9761500      43.45
   1295.67871    0.9759900      43.44
   1295.68054    0.9761800      43.45
   1295.68250    0.9761900      43.45
   1295.68445    0.9749100      43.39
   1295.68640    0.9721900      43.27
   1295.68835    0.9696200      43.16
   1295.69031    0.9691200      43.13
   1295.69226    0.9709100      43.21
   1295.69421    0.9733100      43.32
   1295.69604    0.9747800      43.38
   1295.69800    0.9752900      43.41
   1295.69995    0.9757400      43.43
   1295.70190    0.9765300      43.46
   1295.70386    0.9772500      43.49
   1295.70581    0.9775700      43.51
   1295.70776    0.9776500      43.51
   1295.70972    0.9777900      43.52
   1295.71155    0.9779000      43.52
   1295.71350    0.9777600      43.52
   1295.71545    0.9773800      43.50
   1295.71741    0.9770900      43.49
   1295.71936    0.9771200      43.49
   1295.72131    0.9774400      43.50
   1295.72327    0.9777700      43.52
   1295.72522    0.9778500      43.52
   1295.72705    0.9776200      43.51
   1295.72900    0.9773200      43.50
   1295.73096    0.9772400      43.49
   1295.73291    0.9774500      43.50
   1295.73486    0.9777000      43.51
   1295.73682    0.9777200      43.51
   1295.73877    0.9774700      43.50
   1295.74072    0.9771000      43.48
   1295.74268    0.9768400      43.47
   1295.74451    0.9769100      43.48
   1295.74646    0.9774300      43.50
   1295.74841    0.9782600      43.54
   1295.75037    0.9789100      43.56
   1295.75232    0.9788900      43.56
   1295.75427    0.9782400      43.53
   1295.75623    0.9774900      43.50
   1295.75818    0.9771600      43.49
   1295.76001    0.9771800      43.49
   1295.76196    0.9770800      43.48
   1295.76392    0.9765800      43.46
   1295.76587    0.9759000      43.43
   1295.76782    0.9755300      43.41
   1295.76978    0.9756300      43.42
   1295.77173    0.9759300      43.43
   1295.77368    0.9761000      43.44
   1295.77551    0.9761000      43.44
   1295.77747    0.9761200      43.44
   1295.77942    0.9761900      43.44
   1295.78137    0.9760900      43.44
   1295.78333    0.9756900      43.42
   1295.78528    0.9751000      43.39
   1295.78723    0.9744500      43.36
   1295.78918    0.9736600      43.33
   1295.79114    0.9726400      43.28
   1295.79297    0.9715600      43.23
   1295.79492    0.9707200      43.20
   1295.79688    0.9701900      43.17
   1295.79883    0.9696800      43.15
   1295.80078    0.9688500      43.11
   1295.80273    0.9674600      43.05
   1295.80469    0.9652900      42.95
   1295.80664    0.9621400      42.81
   1295.80847    0.9578600      42.62
   1295.81042    0.9521500      42.37
   1295.81238    0.9444100      42.02
   1295.81433    0.9344800      41.58
   1295.81628    0.9239500      41.11
   1295.81824    0.9163200      40.77
   1295.82019    0.9148700      40.71
   1295.82214    0.9199300      40.93
   1295.82410    0.9286500      41.32
   1295.82593    0.9374200      41.71
   1295.82788    0.9443600      42.02
   1295.82983    0.9494200      42.25
   1295.83179    0.9530000      42.41
   1295.83374    0.9551800      42.50
   1295.83569    0.9560800      42.54
   1295.83765    0.9560800      42.54
   1295.83960    0.9553300      42.51
   1295.84143    0.9535500      42.43
   1295.84338    0.9503200      42.29
   1295.84534    0.9454600      42.07
   1295.84729    0.9390400      41.78
   1295.84924    0.9313600      41.44
   1295.85120    0.9235000      41.09
   1295.85315    0.9175100      40.83
   1295.85510    0.9156500      40.74
   1295.85706    0.9188900      40.89
   1295.85889    0.9261300      41.21
   1295.86084    0.9348600      41.60
   1295.86279    0.9427300      41.95
   1295.86475    0.9488300      42.22
   1295.86670    0.9536000      42.43
   1295.86865    0.9578600      42.62
   1295.87061    0.9617600      42.79
   1295.87256    0.9647900      42.93
   1295.87439    0.9666200      43.01
   1295.87634    0.9676200      43.05
   1295.87830    0.9684800      43.09
   1295.88025    0.9694200      43.13
   1295.88220    0.9701600      43.17
   1295.88416    0.9705200      43.18
   1295.88611    0.9707900      43.19
   1295.88806    0.9714400      43.22
   1295.89001    0.9725100      43.27
   1295.89185    0.9735600      43.32
   1295.89380    0.9741800      43.34
   1295.89575    0.9743700      43.35
   1295.89771    0.9745000      43.36
   1295.89966    0.9747900      43.37
   1295.90161    0.9751100      43.38
   1295.90356    0.9751200      43.38
   1295.90552    0.9748500      43.37
   1295.90735    0.9747800      43.37
   1295.90930    0.9752200      43.39
   1295.91125    0.9759500      43.42
   1295.91321    0.9764600      43.44
   1295.91516    0.9765800      43.45
   1295.91711    0.9765200      43.45
   1295.91907    0.9764700      43.44
   1295.92102    0.9764100      43.44
   1295.92297    0.9763400      43.44
   1295.92480    0.9763800      43.44
   1295.92676    0.9764500      43.44
   1295.92871    0.9761800      43.43
   1295.93066    0.9754700      43.40
   1295.93262    0.9748700      43.37
   1295.93457    0.9749600      43.38
   1295.93652    0.9755100      43.40
   1295.93848    0.9758100      43.41
   1295.94043    0.9756100      43.40
   1295.94226    0.9754000      43.39
   1295.94421    0.9757000      43.41
   1295.94617    0.9764300      43.44
   1295.94812    0.9771600      43.47
   1295.95007    0.9776800      43.50
   1295.95203    0.9779300      43.51
   1295.95398    0.9778700      43.50
   1295.95593    0.9774800      43.49
   1295.95776    0.9770300      43.47
   1295.95972    0.9767900      43.46
   1295.96167    0.9767800      43.45
   1295.96362    0.9768100      43.46
   1295.96558    0.9767300      43.45
   1295.96753    0.9765600      43.44
   1295.96948    0.9763300      43.43
   1295.97144    0.9761800      43.43
   1295.97339    0.9763200      43.43
   1295.97522    0.9766800      43.45
   1295.97717    0.9768300      43.46
   1295.97913    0.9764700      43.44
   1295.98108    0.9759700      43.42
   1295.98303    0.9759300      43.42
   1295.98499    0.9762900      43.43
   1295.98694    0.9763800      43.44
   1295.98889    0.9758700      43.41
   1295.99084    0.9750500      43.38
   1295.99268    0.9741500      43.34
   1295.99463    0.9728500      43.28
   1295.99658    0.9710100      43.20
   1295.99854    0.9694500      43.13
   1296.00049    0.9692900      43.12
   1296.00244    0.9706100      43.18
   1296.00439    0.9723400      43.25
   1296.00635    0.9735600      43.31
   1296.00830    0.9742300      43.34
   1296.01013    0.9747400      43.36
   1296.01208    0.9751400      43.38
   1296.01404    0.9753100      43.39
   1296.01599    0.9752900      43.38
   1296.01794    0.9751800      43.38
   1296.01990    0.9748400      43.36
   1296.02185    0.9740900      43.33
   1296.02380    0.9731200      43.29
   1296.02576    0.9723600      43.25
   1296.02759    0.9720000      43.24
   1296.02954    0.9719900      43.24
   1296.03149    0.9722400      43.25
   1296.03345    0.9726600      43.27
   1296.03540    0.9729400      43.28
   1296.03735    0.9727100      43.27
   1296.03931    0.9719800      43.24
   1296.04126    0.9711900      43.20
   1296.04309    0.9706000      43.17
   1296.04504    0.9699900      43.15
   1296.04700    0.9690800      43.11
   1296.04895    0.9679600      43.06
   1296.05090    0.9670100      43.01
   1296.05286    0.9663300      42.98
   1296.05481    0.9655900      42.95
   1296.05676    0.9643200      42.89
   1296.05872    0.9623700      42.81
   1296.06055    0.9599300      42.70
   1296.06250    0.9572100      42.58
   1296.06445    0.9540000      42.43
   1296.06641    0.9497000      42.24
   1296.06836    0.9436800      41.97
   1296.07031    0.9357500      41.62
   1296.07227    0.9259500      41.19
   1296.07422    0.9142500      40.67
   1296.07617    0.9009300      40.07
   1296.07800    0.8875000      39.48
   1296.07996    0.8769400      39.01
   1296.08191    0.8723700      38.80
   1296.08386    0.8752600      38.93
   1296.08582    0.8846400      39.35
   1296.08777    0.8978700      39.94
   1296.08972    0.9119500      40.56
   1296.09167    0.9245500      41.12
   1296.09363    0.9345700      41.57
   1296.09546    0.9421500      41.90
   1296.09741    0.9479200      42.16
   1296.09937    0.9523500      42.36
