   1236.00171    0.9886000      48.62
   1236.00342    0.9884000      48.61
   1236.00525    0.9886000      48.62
   1236.00696    0.9890400      48.64
   1236.00867    0.9895000      48.67
   1236.01050    0.9898500      48.68
   1236.01221    0.9900700      48.69
   1236.01404    0.9902900      48.70
   1236.01575    0.9905800      48.72
   1236.01758    0.9907900      48.73
   1236.01929    0.9906400      48.72
   1236.02112    0.9901200      48.69
   1236.02283    0.9895800      48.67
   1236.02466    0.9893900      48.66
   1236.02637    0.9895200      48.66
   1236.02808    0.9895700      48.67
   1236.02991    0.9894200      48.66
   1236.03162    0.9894000      48.66
   1236.03345    0.9897300      48.67
   1236.03516    0.9901700      48.70
   1236.03699    0.9902900      48.70
   1236.03870    0.9901000      48.69
   1236.04053    0.9899800      48.69
   1236.04224    0.9901100      48.69
   1236.04395    0.9902500      48.70
   1236.04578    0.9901800      48.70
   1236.04749    0.9900700      48.69
   1236.04932    0.9901700      48.69
   1236.05103    0.9903400      48.70
   1236.05286    0.9902100      48.70
   1236.05457    0.9897200      48.67
   1236.05640    0.9892800      48.65
   1236.05811    0.9892600      48.65
   1236.05994    0.9895600      48.66
   1236.06165    0.9897800      48.67
   1236.06335    0.9897600      48.67
   1236.06519    0.9897000      48.67
   1236.06689    0.9898900      48.68
   1236.06873    0.9903100      48.70
   1236.07043    0.9906500      48.72
   1236.07227    0.9906400      48.72
   1236.07397    0.9903300      48.70
   1236.07581    0.9900800      48.69
   1236.07751    0.9901000      48.69
   1236.07922    0.9902800      48.70
   1236.08105    0.9903400      48.70
   1236.08276    0.9902200      48.69
   1236.08459    0.9902000      48.69
   1236.08630    0.9904200      48.70
   1236.08813    0.9906900      48.72
   1236.08984    0.9906600      48.72
   1236.09167    0.9902700      48.70
   1236.09338    0.9898100      48.67
   1236.09521    0.9895200      48.66
   1236.09692    0.9894000      48.65
   1236.09863    0.9894700      48.66
   1236.10046    0.9898200      48.67
   1236.10217    0.9904000      48.70
   1236.10400    0.9908400      48.72
   1236.10571    0.9908500      48.72
   1236.10754    0.9906400      48.71
   1236.10925    0.9907100      48.72
   1236.11108    0.9911300      48.74
   1236.11279    0.9913300      48.75
   1236.11462    0.9908500      48.72
   1236.11633    0.9900200      48.68
   1236.11804    0.9895800      48.66
   1236.11987    0.9897300      48.67
   1236.12158    0.9898500      48.67
   1236.12341    0.9893800      48.65
   1236.12512    0.9886100      48.61
   1236.12695    0.9882500      48.59
   1236.12866    0.9884800      48.61
   1236.13049    0.9887200      48.62
   1236.13220    0.9884000      48.60
   1236.13391    0.9876800      48.57
   1236.13574    0.9871500      48.54
   1236.13745    0.9870300      48.53
   1236.13928    0.9870400      48.53
   1236.14099    0.9869000      48.53
   1236.14282    0.9867400      48.52
   1236.14453    0.9867800      48.52
   1236.14636    0.9869600      48.53
   1236.14807    0.9870900      48.54
   1236.14990    0.9871800      48.54
   1236.15161    0.9874600      48.55
   1236.15332    0.9879300      48.58
   1236.15515    0.9883100      48.59
   1236.15686    0.9883600      48.60
   1236.15869    0.9882700      48.59
   1236.16040    0.9883500      48.60
   1236.16223    0.9886400      48.61
   1236.16394    0.9888400      48.62
   1236.16577    0.9887800      48.62
   1236.16748    0.9886700      48.61
   1236.16931    0.9887600      48.62
   1236.17102    0.9890000      48.63
   1236.17273    0.9890600      48.63
   1236.17456    0.9887100      48.61
   1236.17627    0.9881100      48.58
   1236.17810    0.9876300      48.56
   1236.17981    0.9875100      48.55
   1236.18164    0.9876400      48.56
   1236.18335    0.9876400      48.56
   1236.18518    0.9873000      48.54
   1236.18689    0.9867600      48.52
   1236.18872    0.9863600      48.50
   1236.19043    0.9862200      48.49
   1236.19214    0.9862700      48.49
   1236.19397    0.9863400      48.49
   1236.19568    0.9863900      48.50
   1236.19751    0.9863500      48.49
   1236.19922    0.9861300      48.48
   1236.20105    0.9858300      48.47
   1236.20276    0.9857700      48.47
   1236.20459    0.9860600      48.48
   1236.20630    0.9864000      48.50
   1236.20813    0.9864000      48.50
   1236.20984    0.9860900      48.48
   1236.21155    0.9859200      48.47
   1236.21338    0.9860500      48.48
   1236.21509    0.9861500      48.48
   1236.21692    0.9859300      48.47
   1236.21863    0.9856200      48.46
   1236.22046    0.9855700      48.45
   1236.22217    0.9857600      48.46
   1236.22400    0.9859100      48.47
   1236.22571    0.9860500      48.48
   1236.22754    0.9864900      48.50
   1236.22925    0.9872600      48.54
   1236.23096    0.9879100      48.57
   1236.23279    0.9880600      48.58
   1236.23450    0.9878300      48.56
   1236.23633    0.9876000      48.55
   1236.23804    0.9875800      48.55
   1236.23987    0.9877800      48.56
   1236.24158    0.9882300      48.58
   1236.24341    0.9888500      48.61
   1236.24512    0.9893400      48.64
   1236.24695    0.9894700      48.64
   1236.24866    0.9894200      48.64
   1236.25037    0.9895500      48.65
   1236.25220    0.9898900      48.66
   1236.25391    0.9900900      48.67
   1236.25574    0.9899800      48.67
   1236.25745    0.9897700      48.66
   1236.25928    0.9896600      48.65
   1236.26099    0.9895600      48.65
   1236.26282    0.9893600      48.64
   1236.26453    0.9891700      48.63
   1236.26636    0.9890900      48.62
   1236.26807    0.9888600      48.61
   1236.26978    0.9882100      48.58
   1236.27161    0.9872400      48.53
   1236.27332    0.9864200      48.49
   1236.27515    0.9859100      48.47
   1236.27686    0.9855000      48.45
   1236.27869    0.9850900      48.43
   1236.28040    0.9849800      48.42
   1236.28223    0.9854100      48.44
   1236.28394    0.9860600      48.47
   1236.28577    0.9863800      48.49
   1236.28748    0.9862400      48.48
   1236.28918    0.9860000      48.47
   1236.29102    0.9860200      48.47
   1236.29272    0.9862200      48.48
   1236.29456    0.9863500      48.49
   1236.29626    0.9864500      48.49
   1236.29810    0.9867800      48.51
   1236.29980    0.9873500      48.54
   1236.30164    0.9878300      48.56
   1236.30334    0.9879900      48.57
   1236.30518    0.9879900      48.57
   1236.30688    0.9881500      48.57
   1236.30872    0.9884700      48.59
   1236.31042    0.9886100      48.60
   1236.31213    0.9883300      48.58
   1236.31396    0.9878300      48.56
   1236.31567    0.9873900      48.54
   1236.31750    0.9870900      48.52
   1236.31921    0.9868200      48.51
   1236.32104    0.9865300      48.49
   1236.32275    0.9862700      48.48
   1236.32458    0.9860000      48.47
   1236.32629    0.9856800      48.45
   1236.32812    0.9853800      48.44
   1236.32983    0.9851600      48.43
   1236.33154    0.9846000      48.40
   1236.33337    0.9827800      48.31
   1236.33508    0.9790200      48.12
   1236.33691    0.9738800      47.87
   1236.33862    0.9694500      47.65
   1236.34045    0.9678900      47.58
   1236.34216    0.9695700      47.66
   1236.34399    0.9723600      47.79
   1236.34570    0.9734900      47.85
   1236.34753    0.9721200      47.78
   1236.34924    0.9698500      47.67
   1236.35095    0.9684200      47.60
   1236.35278    0.9679000      47.58
   1236.35449    0.9673400      47.55
   1236.35632    0.9666000      47.51
   1236.35803    0.9663800      47.50
   1236.35986    0.9667600      47.52
   1236.36157    0.9671400      47.54
   1236.36340    0.9676200      47.56
   1236.36511    0.9689000      47.62
   1236.36694    0.9706000      47.71
   1236.36865    0.9711200      47.73
   1236.37048    0.9700900      47.68
   1236.37219    0.9691300      47.63
   1236.37390    0.9688400      47.62
   1236.37573    0.9667800      47.52
   1236.37744    0.9604800      47.21
   1236.37927    0.9508900      46.74
   1236.38098    0.9391400      46.16
   1236.38281    0.9210600      45.27
   1236.38452    0.8905400      43.77
   1236.38635    0.8514600      41.85
   1236.38806    0.8217900      40.39
   1236.38989    0.8199400      40.30
   1236.39160    0.8470200      41.63
   1236.39331    0.8859300      43.54
   1236.39514    0.9181700      45.13
   1236.39685    0.9379600      46.10
   1236.39868    0.9499000      46.69
   1236.40039    0.9585700      47.11
   1236.40222    0.9645900      47.41
   1236.40393    0.9682100      47.59
   1236.40576    0.9713000      47.74
   1236.40747    0.9749700      47.92
   1236.40930    0.9780600      48.07
   1236.41101    0.9794700      48.14
   1236.41284    0.9798400      48.16
   1236.41455    0.9801900      48.17
   1236.41626    0.9803800      48.18
   1236.41809    0.9800300      48.17
   1236.41980    0.9797200      48.15
   1236.42163    0.9800400      48.17
   1236.42334    0.9803400      48.18
   1236.42517    0.9797500      48.15
   1236.42688    0.9787800      48.10
   1236.42871    0.9787500      48.10
   1236.43042    0.9798100      48.15
   1236.43225    0.9809200      48.21
   1236.43396    0.9815300      48.24
   1236.43567    0.9822200      48.27
   1236.43750    0.9833500      48.33
   1236.43921    0.9842900      48.37
   1236.44104    0.9844100      48.38
   1236.44275    0.9841700      48.37
   1236.44458    0.9843900      48.38
   1236.44629    0.9849900      48.41
   1236.44812    0.9852300      48.42
   1236.44983    0.9848400      48.40
   1236.45166    0.9843200      48.37
   1236.45337    0.9840600      48.36
   1236.45520    0.9837300      48.34
   1236.45691    0.9827900      48.30
   1236.45862    0.9813200      48.23
   1236.46045    0.9798500      48.15
   1236.46216    0.9787000      48.10
   1236.46399    0.9776800      48.05
   1236.46570    0.9764600      47.99
   1236.46753    0.9750800      47.92
   1236.46924    0.9739900      47.86
   1236.47107    0.9734600      47.84
   1236.47278    0.9732400      47.83
   1236.47461    0.9728900      47.81
   1236.47632    0.9723800      47.79
   1236.47815    0.9721800      47.78
   1236.47986    0.9726500      47.80
   1236.48157    0.9735000      47.84
   1236.48340    0.9741000      47.87
   1236.48511    0.9742200      47.87
   1236.48694    0.9743000      47.88
   1236.48865    0.9748800      47.91
   1236.49048    0.9759600      47.96
   1236.49219    0.9770600      48.01
   1236.49402    0.9778700      48.05
   1236.49573    0.9786300      48.09
   1236.49756    0.9797800      48.15
   1236.49927    0.9813100      48.22
   1236.50110    0.9826700      48.29
   1236.50281    0.9833400      48.32
   1236.50452    0.9834900      48.33
   1236.50635    0.9838000      48.34
   1236.50806    0.9846400      48.38
   1236.50989    0.9856500      48.43
   1236.51160    0.9863200      48.47
   1236.51343    0.9865600      48.48
   1236.51514    0.9868100      48.49
   1236.51697    0.9873500      48.52
   1236.51868    0.9880100      48.55
   1236.52051    0.9885000      48.57
   1236.52222    0.9887900      48.59
   1236.52405    0.9890300      48.60
   1236.52576    0.9892100      48.61
   1236.52747    0.9891300      48.60
   1236.52930    0.9887300      48.58
   1236.53101    0.9882800      48.56
   1236.53284    0.9881900      48.56
   1236.53455    0.9885800      48.58
   1236.53638    0.9890900      48.60
   1236.53809    0.9892100      48.61
   1236.53992    0.9887200      48.58
   1236.54163    0.9880200      48.55
   1236.54346    0.9877000      48.53
   1236.54517    0.9879200      48.54
   1236.54700    0.9882900      48.56
   1236.54871    0.9883500      48.56
   1236.55042    0.9880700      48.55
   1236.55225    0.9878000      48.54
   1236.55396    0.9877600      48.53
   1236.55579    0.9878800      48.54
   1236.55750    0.9880400      48.55
   1236.55933    0.9881600      48.55
   1236.56104    0.9880600      48.55
   1236.56287    0.9875800      48.52
   1236.56458    0.9869200      48.49
   1236.56641    0.9865000      48.47
   1236.56812    0.9863400      48.46
   1236.56995    0.9859200      48.44
   1236.57166    0.9849600      48.40
   1236.57336    0.9840200      48.35
   1236.57520    0.9837000      48.33
   1236.57690    0.9836200      48.33
   1236.57874    0.9829000      48.29
   1236.58044    0.9815200      48.23
   1236.58228    0.9805000      48.18
   1236.58398    0.9801700      48.16
   1236.58582    0.9793700      48.12
   1236.58752    0.9770500      48.01
   1236.58936    0.9736400      47.84
   1236.59106    0.9696500      47.64
   1236.59290    0.9634600      47.34
   1236.59460    0.9526200      46.80
   1236.59631    0.9383400      46.10
   1236.59814    0.9270400      45.55
   1236.59985    0.9256200      45.48
   1236.60168    0.9349900      45.94
   1236.60339    0.9494300      46.65
   1236.60522    0.9620400      47.27
   1236.60693    0.9700800      47.66
   1236.60876    0.9748600      47.90
   1236.61047    0.9783100      48.07
   1236.61230    0.9810400      48.20
   1236.61401    0.9829400      48.29
   1236.61584    0.9841600      48.35
   1236.61755    0.9849500      48.39
   1236.61938    0.9852600      48.41
   1236.62109    0.9850200      48.39
   1236.62280    0.9844000      48.36
   1236.62463    0.9834700      48.32
   1236.62634    0.9820200      48.25
   1236.62817    0.9799800      48.15
   1236.62988    0.9777500      48.04
   1236.63171    0.9757600      47.94
   1236.63342    0.9738200      47.84
   1236.63525    0.9714900      47.73
   1236.63696    0.9689800      47.60
   1236.63879    0.9671800      47.52
   1236.64050    0.9667000      47.49
   1236.64233    0.9672100      47.52
   1236.64404    0.9680600      47.56
   1236.64575    0.9692100      47.62
   1236.64758    0.9711800      47.71
   1236.64929    0.9739900      47.85
   1236.65112    0.9768700      47.99
   1236.65283    0.9791100      48.10
   1236.65466    0.9808100      48.18
   1236.65637    0.9825700      48.27
   1236.65820    0.9844100      48.36
   1236.65991    0.9857300      48.43
   1236.66174    0.9861500      48.45
   1236.66345    0.9861900      48.45
   1236.66528    0.9866100      48.47
   1236.66699    0.9875100      48.51
   1236.66882    0.9883800      48.56
   1236.67053    0.9888200      48.58
   1236.67224    0.9889500      48.58
   1236.67407    0.9890400      48.59
   1236.67578    0.9889900      48.58
   1236.67761    0.9886000      48.57
   1236.67932    0.9879600      48.53
   1236.68115    0.9875100      48.51
   1236.68286    0.9876300      48.52
   1236.68469    0.9882900      48.55
   1236.68640    0.9890400      48.59
   1236.68823    0.9893400      48.60
   1236.68994    0.9890700      48.59
   1236.69177    0.9886300      48.57
   1236.69348    0.9885900      48.56
   1236.69531    0.9890600      48.59
   1236.69702    0.9896300      48.61
   1236.69873    0.9898900      48.63
   1236.70056    0.9899200      48.63
   1236.70227    0.9900100      48.63
   1236.70410    0.9901400      48.64
   1236.70581    0.9900500      48.63
   1236.70764    0.9897700      48.62
   1236.70935    0.9896600      48.61
   1236.71118    0.9897800      48.62
   1236.71289    0.9897400      48.62
   1236.71472    0.9892600      48.59
   1236.71643    0.9887400      48.57
   1236.71826    0.9887500      48.57
   1236.71997    0.9891900      48.59
   1236.72180    0.9894000      48.60
   1236.72351    0.9890800      48.59
   1236.72522    0.9885800      48.56
   1236.72705    0.9883100      48.55
   1236.72876    0.9880200      48.53
   1236.73059    0.9872000      48.49
   1236.73230    0.9858900      48.43
   1236.73413    0.9846700      48.37
   1236.73584    0.9839200      48.33
   1236.73767    0.9833900      48.30
   1236.73938    0.9826600      48.27
   1236.74121    0.9818100      48.23
   1236.74292    0.9813600      48.20
   1236.74475    0.9816400      48.22
   1236.74646    0.9823600      48.25
   1236.74829    0.9830700      48.29
   1236.75000    0.9835900      48.31
   1236.75171    0.9841900      48.34
   1236.75354    0.9850300      48.38
   1236.75525    0.9858700      48.42
   1236.75708    0.9862800      48.44
   1236.75879    0.9862100      48.44
   1236.76062    0.9861000      48.44
   1236.76233    0.9863400      48.45
   1236.76416    0.9868300      48.47
   1236.76587    0.9871200      48.49
   1236.76770    0.9869800      48.48
   1236.76941    0.9866100      48.46
   1236.77124    0.9862000      48.44
   1236.77295    0.9857500      48.42
   1236.77478    0.9852200      48.39
   1236.77649    0.9848300      48.37
   1236.77820    0.9848900      48.37
   1236.78003    0.9853500      48.40
   1236.78174    0.9858300      48.42
   1236.78357    0.9861100      48.43
   1236.78528    0.9863300      48.45
   1236.78711    0.9867600      48.47
   1236.78882    0.9873500      48.49
   1236.79065    0.9878100      48.52
   1236.79236    0.9880400      48.53
   1236.79419    0.9881900      48.54
   1236.79590    0.9883900      48.55
   1236.79773    0.9884900      48.55
   1236.79944    0.9882900      48.54
   1236.80127    0.9879400      48.52
   1236.80298    0.9878000      48.52
   1236.80469    0.9880100      48.53
   1236.80652    0.9882800      48.54
   1236.80823    0.9883400      48.54
   1236.81006    0.9883200      48.54
   1236.81177    0.9884600      48.55
   1236.81360    0.9886700      48.56
   1236.81531    0.9886100      48.55
   1236.81714    0.9882700      48.54
   1236.81885    0.9881200      48.53
   1236.82068    0.9883900      48.54
   1236.82239    0.9886800      48.56
   1236.82422    0.9885400      48.55
   1236.82593    0.9881200      48.53
   1236.82776    0.9878400      48.52
   1236.82947    0.9875600      48.50
   1236.83118    0.9867100      48.46
   1236.83301    0.9851800      48.38
   1236.83472    0.9836700      48.31
   1236.83655    0.9826800      48.26
   1236.83826    0.9816500      48.21
   1236.84009    0.9797500      48.12
   1236.84180    0.9770100      47.98
   1236.84363    0.9742000      47.84
   1236.84534    0.9715700      47.72
   1236.84717    0.9687000      47.57
   1236.84888    0.9655800      47.42
   1236.85071    0.9633400      47.31
   1236.85242    0.9632600      47.31
   1236.85425    0.9654700      47.41
   1236.85596    0.9688800      47.58
   1236.85779    0.9723600      47.75
   1236.85950    0.9753700      47.90
   1236.86121    0.9778400      48.02
   1236.86304    0.9797900      48.12
   1236.86475    0.9813700      48.19
   1236.86658    0.9827700      48.26
   1236.86829    0.9839700      48.32
   1236.87012    0.9847900      48.36
   1236.87183    0.9853000      48.39
   1236.87366    0.9859200      48.42
   1236.87537    0.9868700      48.46
   1236.87720    0.9878000      48.51
   1236.87891    0.9883300      48.54
   1236.88074    0.9885600      48.55
   1236.88245    0.9888800      48.56
   1236.88428    0.9893300      48.58
   1236.88599    0.9896200      48.60
   1236.88782    0.9896700      48.60
   1236.88953    0.9897300      48.60
   1236.89124    0.9899000      48.61
   1236.89307    0.9898400      48.61
   1236.89478    0.9893600      48.58
   1236.89661    0.9887800      48.56
   1236.89832    0.9885900      48.55
   1236.90015    0.9887700      48.56
   1236.90186    0.9888600      48.56
   1236.90369    0.9886600      48.55
   1236.90540    0.9884800      48.54
   1236.90723    0.9887500      48.55
   1236.90894    0.9894400      48.59
   1236.91077    0.9901300      48.62
   1236.91248    0.9904300      48.64
   1236.91431    0.9902800      48.63
   1236.91602    0.9899700      48.61
   1236.91785    0.9898500      48.61
   1236.91956    0.9901500      48.62
   1236.92126    0.9906700      48.65
   1236.92310    0.9909600      48.66
   1236.92480    0.9907600      48.65
   1236.92664    0.9903000      48.63
   1236.92834    0.9900300      48.61
   1236.93018    0.9902000      48.62
   1236.93188    0.9906000      48.64
   1236.93372    0.9908200      48.65
   1236.93542    0.9905500      48.64
   1236.93726    0.9898400      48.60
   1236.93896    0.9891100      48.57
   1236.94080    0.9888300      48.55
   1236.94250    0.9890900      48.57
   1236.94434    0.9895700      48.59
   1236.94604    0.9899500      48.61
   1236.94788    0.9902700      48.63
   1236.94958    0.9906600      48.64
   1236.95129    0.9909400      48.66
   1236.95312    0.9908000      48.65
   1236.95483    0.9902900      48.63
   1236.95667    0.9899400      48.61
   1236.95837    0.9900200      48.61
   1236.96021    0.9902900      48.62
   1236.96191    0.9904400      48.63
   1236.96375    0.9905700      48.64
   1236.96545    0.9908600      48.65
   1236.96729    0.9910700      48.66
   1236.96899    0.9908000      48.65
   1236.97083    0.9901700      48.62
   1236.97253    0.9897400      48.60
   1236.97437    0.9896800      48.59
   1236.97607    0.9896200      48.59
   1236.97791    0.9893900      48.58
   1236.97961    0.9893900      48.58
   1236.98132    0.9899100      48.60
   1236.98315    0.9905300      48.63
   1236.98486    0.9905900      48.64
   1236.98669    0.9901500      48.62
   1236.98840    0.9898200      48.60
   1236.99023    0.9899100      48.60
   1236.99194    0.9901500      48.62
   1236.99377    0.9901700      48.62
   1236.99548    0.9899100      48.60
   1236.99731    0.9892800      48.57
   1236.99902    0.9881700      48.52
   1237.00085    0.9868000      48.45
   1237.00256    0.9858400      48.40
   1237.00439    0.9856100      48.39
   1237.00610    0.9857600      48.40
   1237.00793    0.9858700      48.40
   1237.00964    0.9861100      48.42
   1237.01147    0.9868000      48.45
   1237.01318    0.9875900      48.49
   1237.01489    0.9877300      48.49
   1237.01672    0.9872100      48.47
   1237.01843    0.9868500      48.45
   1237.02026    0.9870900      48.46
   1237.02197    0.9873800      48.48
   1237.02380    0.9870700      48.46
   1237.02551    0.9865300      48.43
   1237.02734    0.9865400      48.44
   1237.02905    0.9870400      48.46
   1237.03088    0.9871100      48.46
   1237.03259    0.9863900      48.43
   1237.03442    0.9855400      48.39
   1237.03613    0.9853400      48.38
   1237.03796    0.9856500      48.39
   1237.03967    0.9857900      48.40
   1237.04150    0.9856300      48.39
   1237.04321    0.9856500      48.39
   1237.04504    0.9861000      48.41
   1237.04675    0.9865900      48.44
   1237.04846    0.9866600      48.44
   1237.05029    0.9863700      48.43
   1237.05200    0.9861700      48.42
   1237.05383    0.9863200      48.42
   1237.05554    0.9867400      48.44
   1237.05737    0.9872600      48.47
   1237.05908    0.9877500      48.49
   1237.06091    0.9881700      48.51
   1237.06262    0.9884100      48.52
   1237.06445    0.9884500      48.53
   1237.06616    0.9884400      48.53
   1237.06799    0.9885700      48.53
   1237.06970    0.9889500      48.55
   1237.07153    0.9894500      48.57
   1237.07324    0.9898500      48.59
   1237.07507    0.9900500      48.60
   1237.07678    0.9901500      48.61
   1237.07861    0.9902000      48.61
   1237.08032    0.9900200      48.60
   1237.08203    0.9894300      48.57
   1237.08386    0.9885700      48.53
   1237.08557    0.9879900      48.50
   1237.08740    0.9880100      48.50
   1237.08911    0.9884100      48.52
   1237.09094    0.9886600      48.53
   1237.09265    0.9886200      48.53
   1237.09448    0.9886200      48.53
   1237.09619    0.9889900      48.55
   1237.09802    0.9896000      48.58
   1237.09973    0.9900700      48.60
   1237.10156    0.9901900      48.61
   1237.10327    0.9900400      48.60
   1237.10510    0.9897200      48.58
   1237.10681    0.9893400      48.57
   1237.10864    0.9891000      48.55
   1237.11035    0.9891900      48.56
   1237.11218    0.9895400      48.58
   1237.11389    0.9898100      48.59
   1237.11572    0.9898100      48.59
   1237.11743    0.9896800      48.58
   1237.11914    0.9896200      48.58
   1237.12097    0.9895500      48.58
   1237.12268    0.9892900      48.56
   1237.12451    0.9889200      48.54
   1237.12622    0.9888100      48.54
   1237.12805    0.9891300      48.55
   1237.12976    0.9895500      48.57
   1237.13159    0.9895300      48.57
   1237.13330    0.9889900      48.55
   1237.13513    0.9884500      48.52
   1237.13684    0.9885400      48.52
   1237.13867    0.9892900      48.56
   1237.14038    0.9901000      48.60
   1237.14221    0.9902900      48.61
   1237.14392    0.9898600      48.59
   1237.14575    0.9894200      48.57
   1237.14746    0.9895600      48.57
   1237.14929    0.9902100      48.61
   1237.15100    0.9907300      48.63
   1237.15283    0.9906900      48.63
   1237.15454    0.9902500      48.61
   1237.15625    0.9898900      48.59
   1237.15808    0.9898200      48.59
   1237.15979    0.9899100      48.59
   1237.16162    0.9899200      48.59
   1237.16333    0.9898100      48.58
   1237.16516    0.9896100      48.57
   1237.16687    0.9893500      48.56
   1237.16870    0.9891300      48.55
   1237.17041    0.9891000      48.55
   1237.17224    0.9893100      48.56
   1237.17395    0.9896500      48.58
   1237.17578    0.9899600      48.59
   1237.17749    0.9901700      48.60
   1237.17932    0.9902700      48.61
   1237.18103    0.9902200      48.60
   1237.18286    0.9900500      48.59
   1237.18457    0.9899100      48.59
   1237.18640    0.9899500      48.59
   1237.18811    0.9900900      48.60
   1237.18994    0.9899300      48.59
   1237.19165    0.9892900      48.56
   1237.19336    0.9885000      48.52
   1237.19519    0.9881100      48.50
   1237.19690    0.9882500      48.51
   1237.19873    0.9885300      48.52
   1237.20044    0.9885800      48.52
   1237.20227    0.9885600      48.52
   1237.20398    0.9888300      48.53
   1237.20581    0.9894300      48.56
   1237.20752    0.9899500      48.59
   1237.20935    0.9900600      48.59
   1237.21106    0.9898000      48.58
   1237.21289    0.9895000      48.57
   1237.21460    0.9893200      48.56
   1237.21643    0.9891900      48.55
   1237.21814    0.9889600      48.54
   1237.21997    0.9885200      48.52
   1237.22168    0.9878100      48.48
   1237.22351    0.9869300      48.44
   1237.22522    0.9861100      48.40
   1237.22705    0.9856100      48.37
   1237.22876    0.9855100      48.37
   1237.23059    0.9857400      48.38
   1237.23230    0.9861800      48.40
   1237.23401    0.9867100      48.43
   1237.23584    0.9870400      48.44
   1237.23755    0.9870500      48.44
   1237.23938    0.9870300      48.44
   1237.24109    0.9874300      48.46
   1237.24292    0.9881300      48.50
   1237.24463    0.9883100      48.50
   1237.24646    0.9874500      48.46
   1237.24817    0.9861200      48.40
   1237.25000    0.9853900      48.36
   1237.25171    0.9853600      48.36
   1237.25354    0.9850600      48.34
   1237.25525    0.9838400      48.28
   1237.25708    0.9824100      48.21
   1237.25879    0.9818600      48.19
   1237.26062    0.9822600      48.21
   1237.26233    0.9826700      48.23
   1237.26416    0.9826800      48.23
   1237.26587    0.9828500      48.23
   1237.26770    0.9837100      48.28
   1237.26941    0.9847800      48.33
   1237.27124    0.9854000      48.36
   1237.27295    0.9858100      48.38
   1237.27466    0.9867000      48.42
   1237.27649    0.9879800      48.49
   1237.27820    0.9886600      48.52
   1237.28003    0.9883600      48.50
   1237.28174    0.9879700      48.48
   1237.28357    0.9884500      48.51
   1237.28528    0.9894700      48.56
   1237.28711    0.9898800      48.58
   1237.28882    0.9893900      48.55
   1237.29065    0.9889400      48.53
   1237.29236    0.9893300      48.55
   1237.29419    0.9901600      48.59
   1237.29590    0.9905200      48.61
   1237.29773    0.9903100      48.60
   1237.29944    0.9901500      48.59
   1237.30127    0.9903300      48.60
   1237.30298    0.9904300      48.60
   1237.30481    0.9901800      48.59
   1237.30652    0.9899400      48.58
   1237.30835    0.9900400      48.58
   1237.31006    0.9901800      48.59
   1237.31189    0.9899600      48.58
   1237.31360    0.9897400      48.57
   1237.31543    0.9901700      48.59
   1237.31714    0.9911000      48.64
   1237.31885    0.9915200      48.66
   1237.32068    0.9909000      48.62
   1237.32239    0.9899800      48.58
   1237.32422    0.9897500      48.57
   1237.32593    0.9901600      48.59
   1237.32776    0.9903900      48.60
   1237.32947    0.9901300      48.59
   1237.33130    0.9898600      48.57
   1237.33301    0.9898400      48.57
   1237.33484    0.9896200      48.56
   1237.33655    0.9888000      48.52
   1237.33838    0.9877200      48.47
   1237.34009    0.9867800      48.42
   1237.34192    0.9855300      48.36
   1237.34363    0.9832100      48.25
   1237.34546    0.9798800      48.08
   1237.34717    0.9764700      47.91
   1237.34900    0.9734900      47.77
   1237.35071    0.9705900      47.63
   1237.35254    0.9674400      47.47
   1237.35425    0.9646700      47.34
   1237.35608    0.9632000      47.26
   1237.35779    0.9631500      47.26
   1237.35962    0.9639300      47.30
   1237.36133    0.9652600      47.36
   1237.36304    0.9673600      47.47
   1237.36487    0.9703100      47.61
   1237.36658    0.9735800      47.77
   1237.36841    0.9766100      47.92
   1237.37012    0.9792500      48.05
   1237.37195    0.9815400      48.16
   1237.37366    0.9833900      48.25
   1237.37549    0.9848100      48.32
   1237.37720    0.9861600      48.39
   1237.37903    0.9876700      48.46
   1237.38074    0.9889700      48.53
   1237.38257    0.9894900      48.55
   1237.38428    0.9892900      48.54
   1237.38611    0.9890800      48.53
   1237.38782    0.9894000      48.55
   1237.38965    0.9900100      48.58
   1237.39136    0.9903500      48.59
   1237.39319    0.9902600      48.59
   1237.39490    0.9900200      48.58
   1237.39673    0.9898800      48.57
   1237.39844    0.9898000      48.56
   1237.40027    0.9897300      48.56
   1237.40198    0.9896500      48.56
   1237.40381    0.9895700      48.55
   1237.40552    0.9894000      48.54
   1237.40735    0.9890600      48.53
   1237.40906    0.9885600      48.50
   1237.41089    0.9879500      48.47
   1237.41260    0.9873400      48.44
   1237.41431    0.9869200      48.42
   1237.41614    0.9868800      48.42
   1237.41785    0.9872400      48.44
   1237.41968    0.9878500      48.47
   1237.42139    0.9884000      48.49
   1237.42322    0.9886900      48.51
   1237.42493    0.9887300      48.51
   1237.42676    0.9887700      48.51
   1237.42847    0.9890100      48.52
   1237.43030    0.9893100      48.54
   1237.43201    0.9893700      48.54
   1237.43384    0.9891300      48.53
   1237.43555    0.9889200      48.52
   1237.43738    0.9890200      48.52
   1237.43909    0.9891700      48.53
   1237.44092    0.9890000      48.52
   1237.44263    0.9886900      48.51
   1237.44446    0.9888500      48.51
   1237.44617    0.9896100      48.55
   1237.44800    0.9902300      48.58
   1237.44971    0.9900200      48.57
   1237.45154    0.9892300      48.53
   1237.45325    0.9887000      48.51
   1237.45508    0.9886800      48.50
   1237.45679    0.9886400      48.50
   1237.45862    0.9881900      48.48
   1237.46033    0.9877300      48.46
   1237.46216    0.9878100      48.46
   1237.46387    0.9883100      48.49
   1237.46558    0.9886200      48.50
   1237.46741    0.9884300      48.49
   1237.46912    0.9880200      48.47
   1237.47095    0.9876800      48.45
   1237.47266    0.9873000      48.44
   1237.47449    0.9866900      48.41
   1237.47620    0.9860600      48.37
   1237.47803    0.9858400      48.36
   1237.47974    0.9862600      48.38
   1237.48157    0.9871300      48.43
   1237.48328    0.9880500      48.47
   1237.48511    0.9886700      48.50
   1237.48682    0.9888700      48.51
   1237.48865    0.9888200      48.51
   1237.49036    0.9888500      48.51
   1237.49219    0.9891400      48.52
   1237.49390    0.9895000      48.54
   1237.49573    0.9895700      48.55
   1237.49744    0.9893400      48.53
   1237.49927    0.9891500      48.52
   1237.50098    0.9891900      48.53
   1237.50281    0.9891900      48.53
   1237.50452    0.9887600      48.50
   1237.50635    0.9880200      48.47
   1237.50806    0.9875300      48.44
   1237.50989    0.9876000      48.45
   1237.51160    0.9878600      48.46
   1237.51343    0.9876700      48.45
   1237.51514    0.9869000      48.41
   1237.51697    0.9861500      48.38
   1237.51868    0.9860000      48.37
   1237.52051    0.9863500      48.39
   1237.52222    0.9866000      48.40
   1237.52393    0.9863900      48.39
   1237.52576    0.9860000      48.37
   1237.52747    0.9858900      48.36
   1237.52930    0.9861300      48.37
   1237.53101    0.9864400      48.39
   1237.53284    0.9866900      48.40
   1237.53455    0.9870600      48.42
   1237.53638    0.9877500      48.45
   1237.53809    0.9885600      48.49
   1237.53992    0.9890500      48.52
   1237.54163    0.9890400      48.52
   1237.54346    0.9887500      48.50
   1237.54517    0.9884600      48.49
   1237.54700    0.9883000      48.48
   1237.54871    0.9882700      48.48
   1237.55054    0.9884700      48.49
   1237.55225    0.9889300      48.51
   1237.55408    0.9894400      48.53
   1237.55579    0.9896500      48.54
   1237.55762    0.9894600      48.53
   1237.55933    0.9891700      48.52
   1237.56116    0.9890900      48.52
   1237.56287    0.9892200      48.52
   1237.56470    0.9893200      48.53
   1237.56641    0.9893300      48.53
   1237.56824    0.9893900      48.53
   1237.56995    0.9895600      48.54
   1237.57178    0.9897200      48.55
   1237.57349    0.9897700      48.55
   1237.57532    0.9898200      48.55
   1237.57703    0.9899100      48.56
   1237.57886    0.9898600      48.55
   1237.58057    0.9895600      48.54
   1237.58240    0.9892700      48.52
   1237.58411    0.9893600      48.53
   1237.58582    0.9897100      48.54
   1237.58765    0.9897200      48.54
   1237.58936    0.9892000      48.52
   1237.59119    0.9887600      48.50
   1237.59290    0.9891200      48.52
   1237.59473    0.9900700      48.56
   1237.59644    0.9906800      48.59
   1237.59827    0.9903900      48.58
   1237.59998    0.9896500      48.54
   1237.60181    0.9892700      48.52
   1237.60352    0.9893900      48.53
   1237.60535    0.9895400      48.53
   1237.60706    0.9893500      48.53
   1237.60889    0.9890400      48.51
   1237.61060    0.9890000      48.51
   1237.61243    0.9892500      48.52
   1237.61414    0.9895200      48.53
   1237.61597    0.9896300      48.54
   1237.61768    0.9896900      48.54
   1237.61951    0.9898500      48.55
   1237.62122    0.9900200      48.56
   1237.62305    0.9900100      48.56
   1237.62476    0.9897900      48.55
   1237.62659    0.9895900      48.54
   1237.62830    0.9895200      48.53
   1237.63013    0.9894500      48.53
   1237.63184    0.9891200      48.51
   1237.63367    0.9885800      48.49
   1237.63538    0.9882200      48.47
   1237.63721    0.9883500      48.47
   1237.63892    0.9888200      48.50
   1237.64075    0.9892400      48.52
   1237.64246    0.9893600      48.52
   1237.64429    0.9892100      48.52
   1237.64600    0.9889300      48.50
   1237.64783    0.9886100      48.49
   1237.64954    0.9882700      48.47
   1237.65137    0.9878700      48.45
   1237.65308    0.9873000      48.42
   1237.65479    0.9865000      48.38
   1237.65662    0.9855800      48.34
   1237.65833    0.9847700      48.30
   1237.66016    0.9842400      48.27
   1237.66187    0.9840600      48.26
   1237.66370    0.9843500      48.28
   1237.66541    0.9851600      48.31
   1237.66724    0.9861700      48.36
   1237.66895    0.9867900      48.39
   1237.67078    0.9866700      48.39
   1237.67249    0.9861200      48.36
   1237.67432    0.9857500      48.34
   1237.67603    0.9858400      48.35
   1237.67786    0.9862000      48.36
   1237.67957    0.9865600      48.38
   1237.68140    0.9867900      48.39
   1237.68311    0.9869000      48.40
   1237.68494    0.9869900      48.40
   1237.68665    0.9872100      48.41
   1237.68848    0.9876700      48.44
   1237.69019    0.9881400      48.46
   1237.69202    0.9882600      48.46
   1237.69373    0.9879500      48.45
   1237.69556    0.9874100      48.42
   1237.69727    0.9866200      48.38
   1237.69910    0.9853300      48.32
   1237.70081    0.9834400      48.23
   1237.70264    0.9814000      48.13
   1237.70435    0.9796100      48.04
   1237.70618    0.9780500      47.96
   1237.70789    0.9766400      47.89
   1237.70972    0.9758800      47.86
   1237.71143    0.9764500      47.88
   1237.71326    0.9782100      47.97
   1237.71497    0.9801100      48.06
   1237.71680    0.9813200      48.12
   1237.71851    0.9820200      48.16
   1237.72034    0.9828300      48.20
   1237.72205    0.9838100      48.24
   1237.72388    0.9844700      48.28
   1237.72559    0.9845900      48.28
   1237.72742    0.9845000      48.28
   1237.72913    0.9846200      48.28
   1237.73096    0.9849100      48.30
   1237.73267    0.9851100      48.31
   1237.73438    0.9852000      48.31
   1237.73621    0.9854000      48.32
   1237.73792    0.9859100      48.35
   1237.73975    0.9865900      48.38
   1237.74146    0.9870800      48.40
   1237.74329    0.9872200      48.41
   1237.74500    0.9871800      48.41
   1237.74683    0.9873300      48.41
   1237.74854    0.9877100      48.43
   1237.75037    0.9879200      48.44
   1237.75208    0.9876300      48.43
   1237.75391    0.9871200      48.40
   1237.75562    0.9870100      48.40
   1237.75745    0.9874500      48.42
   1237.75916    0.9879600      48.44
   1237.76099    0.9880700      48.45
   1237.76270    0.9879300      48.44
   1237.76453    0.9879100      48.44
   1237.76624    0.9879600      48.44
   1237.76807    0.9876900      48.43
   1237.76978    0.9870300      48.40
   1237.77161    0.9864500      48.37
   1237.77332    0.9863500      48.36
   1237.77515    0.9865100      48.37
   1237.77686    0.9862800      48.36
   1237.77869    0.9854200      48.32
   1237.78040    0.9843300      48.26
   1237.78223    0.9836300      48.23
   1237.78394    0.9835500      48.23
   1237.78577    0.9837900      48.24
   1237.78748    0.9839700      48.25
   1237.78931    0.9840100      48.25
   1237.79102    0.9841800      48.26
   1237.79285    0.9847200      48.28
   1237.79456    0.9856300      48.33
   1237.79639    0.9866600      48.38
   1237.79810    0.9875900      48.42
   1237.79993    0.9883000      48.46
   1237.80164    0.9887000      48.48
   1237.80347    0.9887900      48.48
   1237.80518    0.9886800      48.48
   1237.80701    0.9886400      48.47
   1237.80872    0.9888400      48.48
   1237.81055    0.9892100      48.50
   1237.81226    0.9895400      48.52
   1237.81409    0.9897500      48.53
   1237.81580    0.9899400      48.54
   1237.81763    0.9902100      48.55
   1237.81934    0.9904000      48.56
   1237.82117    0.9903700      48.56
   1237.82288    0.9901500      48.55
   1237.82471    0.9900300      48.54
   1237.82642    0.9901300      48.55
   1237.82825    0.9902300      48.55
   1237.82996    0.9900300      48.54
   1237.83179    0.9895800      48.52
   1237.83350    0.9892800      48.50
   1237.83521    0.9892600      48.50
   1237.83704    0.9890900      48.49
   1237.83875    0.9883100      48.45
   1237.84058    0.9871800      48.40
   1237.84229    0.9866100      48.37
   1237.84412    0.9871500      48.40
   1237.84583    0.9883800      48.46
   1237.84766    0.9893500      48.51
   1237.84937    0.9896000      48.52
   1237.85120    0.9893700      48.51
   1237.85291    0.9891800      48.50
   1237.85474    0.9891800      48.50
   1237.85645    0.9892000      48.50
   1237.85828    0.9890000      48.49
   1237.85999    0.9885900      48.47
   1237.86182    0.9881400      48.44
   1237.86353    0.9878500      48.43
   1237.86536    0.9877300      48.42
   1237.86707    0.9876200      48.42
   1237.86890    0.9874200      48.41
   1237.87061    0.9873300      48.40
   1237.87244    0.9876200      48.42
   1237.87415    0.9883100      48.45
   1237.87598    0.9891000      48.49
   1237.87769    0.9896800      48.52
   1237.87952    0.9898700      48.53
   1237.88123    0.9896900      48.52
   1237.88306    0.9892300      48.50
   1237.88477    0.9887000      48.47
   1237.88660    0.9883000      48.45
   1237.88831    0.9879700      48.43
   1237.89014    0.9874000      48.41
   1237.89185    0.9865400      48.36
   1237.89368    0.9857800      48.33
   1237.89539    0.9855500      48.31
   1237.89722    0.9857900      48.33
   1237.89893    0.9860900      48.34
   1237.90076    0.9862300      48.35
   1237.90247    0.9863300      48.35
   1237.90430    0.9864700      48.36
   1237.90601    0.9866100      48.37
   1237.90784    0.9867100      48.37
   1237.90955    0.9868700      48.38
   1237.91138    0.9871200      48.39
   1237.91309    0.9873700      48.40
   1237.91492    0.9875700      48.41
   1237.91663    0.9878200      48.42
   1237.91846    0.9881200      48.44
   1237.92017    0.9882700      48.45
   1237.92200    0.9882200      48.44
   1237.92371    0.9883200      48.45
   1237.92554    0.9888200      48.47
   1237.92725    0.9894900      48.51
   1237.92908    0.9898000      48.52
   1237.93079    0.9896300      48.51
   1237.93262    0.9892800      48.49
   1237.93433    0.9890400      48.48
   1237.93616    0.9888700      48.47
   1237.93787    0.9888000      48.47
   1237.93970    0.9890200      48.48
   1237.94141    0.9894400      48.50
   1237.94324    0.9895600      48.51
   1237.94495    0.9890900      48.48
   1237.94678    0.9885300      48.46
   1237.94849    0.9885900      48.46
   1237.95032    0.9892100      48.49
   1237.95203    0.9896100      48.51
   1237.95386    0.9893300      48.50
   1237.95557    0.9887400      48.47
   1237.95740    0.9884200      48.45
   1237.95911    0.9883700      48.45
   1237.96094    0.9881900      48.44
   1237.96265    0.9878100      48.42
   1237.96448    0.9875500      48.41
   1237.96619    0.9875800      48.41
   1237.96802    0.9876900      48.41
   1237.96973    0.9877000      48.41
   1237.97156    0.9876700      48.41
   1237.97327    0.9876700      48.41
   1237.97510    0.9875200      48.40
   1237.97681    0.9869400      48.38
   1237.97864    0.9859400      48.33
   1237.98035    0.9848200      48.27
   1237.98218    0.9838500      48.22
   1237.98389    0.9831700      48.19
   1237.98560    0.9828400      48.17
   1237.98743    0.9829400      48.18
   1237.98914    0.9834600      48.20
   1237.99097    0.9842700      48.24
   1237.99268    0.9851800      48.29
   1237.99451    0.9860600      48.33
   1237.99622    0.9867700      48.37
   1237.99805    0.9872200      48.39
   1237.99976    0.9874300      48.40
   1238.00159    0.9875900      48.41
   1238.00330    0.9878400      48.42
   1238.00513    0.9881500      48.43
   1238.00684    0.9883300      48.44
   1238.00867    0.9883300      48.44
   1238.01038    0.9883400      48.44
   1238.01221    0.9885700      48.45
   1238.01392    0.9890100      48.47
   1238.01575    0.9894100      48.49
   1238.01746    0.9895000      48.50
   1238.01929    0.9893000      48.49
   1238.02100    0.9890300      48.48
   1238.02283    0.9888700      48.47
   1238.02454    0.9887800      48.46
   1238.02637    0.9886700      48.46
   1238.02808    0.9884800      48.45
   1238.02991    0.9883000      48.44
   1238.03162    0.9881400      48.43
   1238.03345    0.9879400      48.42
   1238.03516    0.9876800      48.41
   1238.03699    0.9874800      48.40
   1238.03870    0.9874600      48.40
   1238.04053    0.9876400      48.41
   1238.04224    0.9879500      48.42
   1238.04407    0.9882700      48.44
   1238.04578    0.9883600      48.44
   1238.04761    0.9880800      48.43
   1238.04932    0.9875600      48.40
   1238.05115    0.9873200      48.39
   1238.05286    0.9876100      48.40
   1238.05469    0.9880300      48.42
   1238.05640    0.9878700      48.42
   1238.05823    0.9871400      48.38
   1238.05994    0.9867400      48.36
   1238.06177    0.9874300      48.39
   1238.06348    0.9888300      48.46
   1238.06531    0.9898300      48.51
   1238.06702    0.9899100      48.51
   1238.06885    0.9896300      48.50
   1238.07056    0.9896400      48.50
   1238.07239    0.9898500      48.51
   1238.07410    0.9896500      48.50
   1238.07593    0.9889500      48.47
   1238.07764    0.9882600      48.43
   1238.07947    0.9880800      48.42
   1238.08118    0.9882800      48.43
   1238.08301    0.9885700      48.45
   1238.08472    0.9889000      48.46
   1238.08655    0.9893800      48.49
   1238.08826    0.9898400      48.51
   1238.09009    0.9899100      48.51
   1238.09180    0.9895200      48.49
   1238.09363    0.9891300      48.47
   1238.09534    0.9890900      48.47
   1238.09717    0.9892300      48.48
   1238.09888    0.9890200      48.47
   1238.10071    0.9883400      48.43
   1238.10242    0.9876300      48.40
   1238.10425    0.9873000      48.38
   1238.10596    0.9872300      48.38
   1238.10779    0.9870000      48.37
   1238.10950    0.9864800      48.34
   1238.11133    0.9859900      48.32
   1238.11304    0.9859300      48.32
   1238.11487    0.9863300      48.34
   1238.11658    0.9868700      48.36
   1238.11841    0.9871600      48.38
   1238.12012    0.9870000      48.37
   1238.12195    0.9865200      48.34
   1238.12366    0.9861400      48.33
   1238.12549    0.9861100      48.32
   1238.12720    0.9862300      48.33
   1238.12903    0.9861800      48.33
   1238.13074    0.9860000      48.32
   1238.13257    0.9860600      48.32
   1238.13428    0.9864000      48.34
   1238.13611    0.9864800      48.34
   1238.13782    0.9859200      48.31
   1238.13965    0.9851500      48.28
   1238.14136    0.9848500      48.26
   1238.14319    0.9849400      48.26
   1238.14490    0.9847300      48.25
   1238.14673    0.9840000      48.22
   1238.14844    0.9833900      48.19
   1238.15027    0.9833500      48.19
   1238.15198    0.9834000      48.19
   1238.15381    0.9829000      48.16
   1238.15552    0.9820500      48.12
   1238.15735    0.9815700      48.10
   1238.15906    0.9815400      48.10
   1238.16089    0.9813800      48.09
   1238.16260    0.9810000      48.07
   1238.16443    0.9810900      48.07
   1238.16614    0.9821300      48.13
   1238.16797    0.9835300      48.19
   1238.16968    0.9844600      48.24
   1238.17151    0.9849500      48.26
   1238.17322    0.9855600      48.29
   1238.17505    0.9862600      48.33
   1238.17676    0.9865300      48.34
   1238.17859    0.9863800      48.33
   1238.18030    0.9866000      48.34
   1238.18213    0.9875600      48.39
   1238.18384    0.9885100      48.44
   1238.18567    0.9884400      48.43
   1238.18738    0.9874300      48.38
   1238.18921    0.9865200      48.34
   1238.19092    0.9863000      48.33
   1238.19275    0.9864300      48.33
   1238.19446    0.9863700      48.33
   1238.19629    0.9862100      48.32
   1238.19800    0.9862800      48.33
   1238.19983    0.9865200      48.34
   1238.20154    0.9865200      48.34
   1238.20337    0.9861900      48.32
   1238.20508    0.9858900      48.31
   1238.20691    0.9859100      48.31
   1238.20862    0.9861800      48.32
   1238.21045    0.9864200      48.33
   1238.21216    0.9865800      48.34
   1238.21399    0.9867200      48.35
   1238.21570    0.9868500      48.35
   1238.21753    0.9869100      48.36
   1238.21924    0.9869600      48.36
   1238.22107    0.9871100      48.36
   1238.22278    0.9873500      48.38
   1238.22461    0.9874600      48.38
   1238.22632    0.9873900      48.38
   1238.22815    0.9873400      48.38
   1238.22986    0.9875600      48.39
   1238.23169    0.9880100      48.41
   1238.23340    0.9883700      48.43
   1238.23523    0.9884400      48.43
   1238.23694    0.9883000      48.42
   1238.23877    0.9881400      48.41
   1238.24048    0.9880200      48.41
   1238.24231    0.9878200      48.40
   1238.24402    0.9875400      48.38
   1238.24585    0.9873600      48.37
   1238.24756    0.9874000      48.38
   1238.24939    0.9875400      48.38
   1238.25110    0.9874700      48.38
   1238.25293    0.9870900      48.36
   1238.25464    0.9866100      48.34
   1238.25647    0.9862900      48.32
   1238.25818    0.9860000      48.31
   1238.26001    0.9853900      48.28
   1238.26172    0.9843300      48.22
   1238.26355    0.9830800      48.16
   1238.26526    0.9818700      48.10
   1238.26709    0.9806000      48.04
   1238.26880    0.9790300      47.96
   1238.27063    0.9771800      47.87
   1238.27234    0.9753000      47.78
   1238.27417    0.9736500      47.70
   1238.27588    0.9723000      47.63
   1238.27771    0.9713700      47.59
   1238.27942    0.9710000      47.57
   1238.28125    0.9711600      47.58
   1238.28296    0.9715700      47.60
   1238.28479    0.9719300      47.62
   1238.28650    0.9720900      47.62
   1238.28833    0.9720900      47.62
   1238.29004    0.9722100      47.63
   1238.29187    0.9728500      47.66
   1238.29358    0.9743500      47.73
   1238.29541    0.9765200      47.84
   1238.29712    0.9786900      47.95
   1238.29895    0.9803300      48.03
   1238.30066    0.9815300      48.08
   1238.30249    0.9826400      48.14
   1238.30420    0.9837000      48.19
   1238.30603    0.9844700      48.23
   1238.30774    0.9849100      48.25
   1238.30957    0.9853500      48.27
   1238.31128    0.9859900      48.30
   1238.31311    0.9865800      48.33
   1238.31482    0.9868600      48.34
   1238.31665    0.9869400      48.35
   1238.31836    0.9870200      48.35
   1238.32019    0.9870500      48.35
   1238.32190    0.9868800      48.34
   1238.32373    0.9867400      48.34
   1238.32544    0.9869300      48.35
   1238.32727    0.9873400      48.37
   1238.32898    0.9874400      48.37
   1238.33081    0.9870400      48.35
   1238.33252    0.9866200      48.33
   1238.33435    0.9867300      48.34
   1238.33606    0.9872400      48.36
   1238.33789    0.9875900      48.38
   1238.33972    0.9874800      48.37
   1238.34143    0.9871200      48.36
   1238.34326    0.9868800      48.34
   1238.34497    0.9869600      48.35
   1238.34680    0.9873200      48.36
   1238.34851    0.9877100      48.38
   1238.35034    0.9878700      48.39
   1238.35205    0.9877400      48.38
   1238.35388    0.9876400      48.38
   1238.35559    0.9879000      48.39
   1238.35742    0.9884400      48.42
   1238.35913    0.9888300      48.44
   1238.36096    0.9887900      48.44
   1238.36267    0.9884000      48.42
   1238.36450    0.9877700      48.38
   1238.36621    0.9868500      48.34
   1238.36804    0.9856800      48.28
   1238.36975    0.9844100      48.22
   1238.37158    0.9830800      48.15
   1238.37329    0.9814200      48.07
   1238.37512    0.9791800      47.96
   1238.37683    0.9765100      47.83
   1238.37866    0.9736900      47.69
   1238.38037    0.9707200      47.55
   1238.38220    0.9675700      47.39
   1238.38391    0.9646500      47.25
   1238.38574    0.9627400      47.16
   1238.38745    0.9621900      47.13
   1238.38928    0.9626600      47.15
   1238.39099    0.9638000      47.21
   1238.39282    0.9657200      47.30
   1238.39453    0.9685600      47.44
   1238.39636    0.9718000      47.60
   1238.39807    0.9746900      47.74
   1238.39990    0.9769800      47.85
   1238.40161    0.9789800      47.95
   1238.40344    0.9807600      48.04
   1238.40515    0.9820600      48.10
   1238.40698    0.9828600      48.14
   1238.40869    0.9836600      48.18
   1238.41052    0.9848100      48.24
   1238.41223    0.9859900      48.29
   1238.41406    0.9868000      48.33
   1238.41577    0.9873200      48.36
   1238.41760    0.9879000      48.39
   1238.41931    0.9884500      48.41
   1238.42114    0.9886000      48.42
   1238.42285    0.9883700      48.41
   1238.42468    0.9882800      48.41
   1238.42639    0.9885300      48.42
   1238.42822    0.9887600      48.43
   1238.42993    0.9886500      48.42
   1238.43176    0.9884200      48.41
   1238.43347    0.9884400      48.41
   1238.43530    0.9886500      48.42
   1238.43701    0.9888200      48.43
   1238.43884    0.9890300      48.44
   1238.44055    0.9894400      48.46
   1238.44238    0.9897600      48.48
   1238.44409    0.9895100      48.46
   1238.44592    0.9888300      48.43
   1238.44763    0.9884700      48.41
   1238.44946    0.9888100      48.43
   1238.45117    0.9893400      48.45
   1238.45300    0.9894600      48.46
   1238.45471    0.9892500      48.45
   1238.45654    0.9891000      48.44
   1238.45825    0.9889400      48.43
   1238.46008    0.9884700      48.41
   1238.46179    0.9879200      48.38
   1238.46362    0.9878900      48.38
   1238.46533    0.9884700      48.41
   1238.46716    0.9889500      48.43
   1238.46887    0.9888100      48.43
   1238.47070    0.9883700      48.41
   1238.47241    0.9881900      48.40
   1238.47424    0.9882200      48.40
   1238.47595    0.9879100      48.38
   1238.47778    0.9871000      48.34
   1238.47949    0.9862000      48.30
   1238.48132    0.9855200      48.27
   1238.48303    0.9849300      48.24
   1238.48486    0.9842100      48.20
   1238.48657    0.9834000      48.16
   1238.48840    0.9826200      48.12
   1238.49023    0.9818500      48.08
   1238.49194    0.9809600      48.04
   1238.49377    0.9799300      47.99
   1238.49548    0.9787500      47.93
   1238.49731    0.9775300      47.87
   1238.49902    0.9766700      47.83
   1238.50085    0.9767200      47.83
   1238.50256    0.9777800      47.88
   1238.50439    0.9791600      47.95
   1238.50610    0.9800700      48.00
   1238.50793    0.9804700      48.02
   1238.50964    0.9809400      48.04
   1238.51147    0.9817700      48.08
   1238.51318    0.9826200      48.12
   1238.51501    0.9831300      48.15
   1238.51672    0.9834400      48.16
   1238.51855    0.9838400      48.18
   1238.52026    0.9843300      48.20
   1238.52209    0.9847700      48.23
   1238.52380    0.9852700      48.25
   1238.52563    0.9860400      48.29
   1238.52734    0.9869100      48.33
   1238.52917    0.9873800      48.35
   1238.53088    0.9872900      48.35
   1238.53271    0.9870200      48.33
   1238.53442    0.9871500      48.34
   1238.53625    0.9878300      48.37
   1238.53796    0.9888200      48.42
   1238.53979    0.9897200      48.47
   1238.54150    0.9902000      48.49
   1238.54333    0.9901400      48.49
   1238.54504    0.9897500      48.47
   1238.54688    0.9894400      48.45
   1238.54858    0.9894700      48.45
   1238.55042    0.9897500      48.47
   1238.55212    0.9900600      48.48
   1238.55396    0.9902700      48.49
   1238.55566    0.9902900      48.49
   1238.55750    0.9900400      48.48
   1238.55920    0.9895900      48.46
   1238.56104    0.9892000      48.44
   1238.56274    0.9890500      48.43
   1238.56458    0.9889800      48.43
   1238.56628    0.9887600      48.42
   1238.56812    0.9884900      48.40
   1238.56982    0.9884800      48.40
   1238.57166    0.9887400      48.42
   1238.57336    0.9888900      48.42
   1238.57520    0.9887900      48.42
   1238.57690    0.9886400      48.41
   1238.57874    0.9886300      48.41
   1238.58044    0.9885700      48.41
   1238.58228    0.9883000      48.39
   1238.58398    0.9880400      48.38
   1238.58582    0.9880500      48.38
   1238.58752    0.9881000      48.38
   1238.58936    0.9877500      48.37
   1238.59119    0.9870300      48.33
   1238.59290    0.9864400      48.30
   1238.59473    0.9862500      48.29
   1238.59644    0.9861700      48.29
   1238.59827    0.9859400      48.28
   1238.59998    0.9858500      48.27
   1238.60181    0.9863500      48.30
   1238.60352    0.9873200      48.34
   1238.60535    0.9881600      48.38
   1238.60706    0.9884600      48.40
   1238.60889    0.9884000      48.40
   1238.61060    0.9884600      48.40
   1238.61243    0.9889500      48.42
   1238.61414    0.9897100      48.46
   1238.61597    0.9903100      48.49
   1238.61768    0.9903100      48.49
   1238.61951    0.9897500      48.46
   1238.62122    0.9891800      48.43
   1238.62305    0.9891600      48.43
   1238.62476    0.9897000      48.46
   1238.62659    0.9902000      48.48
   1238.62830    0.9900900      48.48
   1238.63013    0.9894800      48.45
   1238.63184    0.9889500      48.42
   1238.63367    0.9889600      48.42
   1238.63538    0.9894400      48.44
   1238.63721    0.9899600      48.47
   1238.63892    0.9902200      48.48
   1238.64075    0.9902500      48.48
   1238.64246    0.9902400      48.48
   1238.64429    0.9902600      48.48
   1238.64600    0.9902100      48.48
   1238.64783    0.9899500      48.47
   1238.64954    0.9895400      48.45
   1238.65137    0.9890600      48.42
   1238.65308    0.9885700      48.40
   1238.65491    0.9881900      48.38
   1238.65662    0.9881300      48.38
   1238.65845    0.9884700      48.39
   1238.66016    0.9889600      48.42
   1238.66199    0.9892400      48.43
   1238.66370    0.9893200      48.44
   1238.66553    0.9894600      48.44
   1238.66724    0.9896200      48.45
   1238.66907    0.9895000      48.44
   1238.67090    0.9890300      48.42
   1238.67261    0.9886600      48.40
   1238.67444    0.9887500      48.41
   1238.67615    0.9890400      48.42
   1238.67798    0.9890400      48.42
   1238.67969    0.9888000      48.41
   1238.68152    0.9887400      48.41
   1238.68323    0.9888600      48.41
   1238.68506    0.9886800      48.40
   1238.68677    0.9880600      48.37
   1238.68860    0.9875400      48.35
   1238.69031    0.9876300      48.35
   1238.69214    0.9880300      48.37
   1238.69385    0.9881000      48.37
   1238.69568    0.9877000      48.35
   1238.69739    0.9872400      48.33
   1238.69922    0.9869300      48.32
   1238.70093    0.9866200      48.30
   1238.70276    0.9863100      48.29
   1238.70447    0.9863000      48.28
   1238.70630    0.9867000      48.30
   1238.70801    0.9870800      48.32
   1238.70984    0.9870500      48.32
   1238.71155    0.9868000      48.31
   1238.71338    0.9867700      48.31
   1238.71509    0.9869600      48.32
   1238.71692    0.9869600      48.32
   1238.71863    0.9865600      48.30
   1238.72046    0.9861100      48.27
   1238.72217    0.9860800      48.27
   1238.72400    0.9863700      48.29
   1238.72571    0.9864600      48.29
   1238.72754    0.9860600      48.27
   1238.72925    0.9855000      48.24
   1238.73108    0.9853700      48.24
   1238.73279    0.9858400      48.26
   1238.73462    0.9865100      48.29
   1238.73633    0.9869200      48.31
   1238.73816    0.9869600      48.31
   1238.73999    0.9868600      48.31
   1238.74170    0.9868100      48.31
   1238.74353    0.9868600      48.31
   1238.74524    0.9870200      48.32
   1238.74707    0.9873900      48.33
   1238.74878    0.9879000      48.36
   1238.75061    0.9883300      48.38
   1238.75232    0.9885300      48.39
   1238.75415    0.9885500      48.39
   1238.75586    0.9885500      48.39
   1238.75769    0.9885300      48.39
   1238.75940    0.9885000      48.39
   1238.76123    0.9886000      48.39
   1238.76294    0.9889100      48.41
   1238.76477    0.9892200      48.42
   1238.76648    0.9892000      48.42
   1238.76831    0.9888400      48.40
   1238.77002    0.9885000      48.39
   1238.77185    0.9884200      48.38
   1238.77356    0.9883900      48.38
   1238.77539    0.9882400      48.37
   1238.77710    0.9882000      48.37
   1238.77893    0.9886200      48.39
   1238.78064    0.9893800      48.43
   1238.78247    0.9898400      48.45
   1238.78418    0.9895700      48.44
   1238.78601    0.9888300      48.40
   1238.78772    0.9882700      48.37
   1238.78955    0.9881600      48.37
   1238.79126    0.9883100      48.38
   1238.79309    0.9883800      48.38
   1238.79480    0.9882700      48.37
   1238.79663    0.9881300      48.37
   1238.79834    0.9880900      48.36
   1238.80017    0.9880900      48.36
   1238.80200    0.9879800      48.36
   1238.80371    0.9876900      48.34
   1238.80554    0.9873100      48.33
   1238.80725    0.9869300      48.31
   1238.80908    0.9865200      48.29
   1238.81079    0.9858700      48.26
   1238.81262    0.9848600      48.21
   1238.81433    0.9837100      48.15
   1238.81616    0.9827800      48.10
   1238.81787    0.9822600      48.08
   1238.81970    0.9820900      48.07
   1238.82141    0.9820200      48.07
   1238.82324    0.9818000      48.05
   1238.82495    0.9812000      48.03
   1238.82678    0.9801800      47.98
   1238.82849    0.9789400      47.91
   1238.83032    0.9778800      47.86
   1238.83203    0.9772400      47.83
   1238.83386    0.9768500      47.81
   1238.83557    0.9763600      47.79
   1238.83740    0.9756900      47.75
   1238.83911    0.9750800      47.72
   1238.84094    0.9747800      47.71
   1238.84265    0.9747200      47.71
   1238.84448    0.9746100      47.70
   1238.84619    0.9744300      47.69
   1238.84802    0.9745800      47.70
   1238.84973    0.9754700      47.74
   1238.85156    0.9769900      47.82
   1238.85327    0.9784700      47.89
   1238.85510    0.9793000      47.93
   1238.85681    0.9794800      47.94
   1238.85864    0.9795100      47.94
   1238.86047    0.9797600      47.95
   1238.86218    0.9801600      47.97
   1238.86401    0.9805900      47.99
   1238.86572    0.9811600      48.02
   1238.86755    0.9820600      48.06
   1238.86926    0.9831700      48.12
   1238.87109    0.9840900      48.16
   1238.87280    0.9846600      48.19
   1238.87463    0.9851600      48.22
   1238.87634    0.9858900      48.25
   1238.87817    0.9867500      48.29
   1238.87988    0.9874000      48.32
   1238.88171    0.9876900      48.34
   1238.88342    0.9877800      48.34
   1238.88525    0.9878300      48.34
   1238.88696    0.9877700      48.34
   1238.88879    0.9874800      48.33
   1238.89050    0.9870800      48.31
   1238.89233    0.9868100      48.29
   1238.89404    0.9868200      48.29
   1238.89587    0.9870700      48.31
   1238.89758    0.9874100      48.32
   1238.89941    0.9877200      48.34
   1238.90112    0.9879500      48.35
   1238.90295    0.9880500      48.35
   1238.90466    0.9879400      48.35
   1238.90649    0.9875500      48.33
   1238.90820    0.9870100      48.30
   1238.91003    0.9866400      48.28
   1238.91187    0.9866100      48.28
   1238.91357    0.9867700      48.29
   1238.91541    0.9867400      48.29
   1238.91711    0.9864100      48.27
   1238.91895    0.9860200      48.25
   1238.92065    0.9858900      48.25
   1238.92249    0.9859900      48.25
   1238.92419    0.9860800      48.26
   1238.92603    0.9860400      48.25
   1238.92773    0.9859200      48.25
   1238.92957    0.9858200      48.24
   1238.93127    0.9857600      48.24
   1238.93311    0.9856900      48.24
   1238.93481    0.9855100      48.23
   1238.93665    0.9851400      48.21
   1238.93835    0.9846300      48.18
   1238.94019    0.9842300      48.16
   1238.94189    0.9841500      48.16
   1238.94373    0.9842700      48.17
   1238.94543    0.9842900      48.17
   1238.94727    0.9840800      48.16
   1238.94897    0.9837900      48.14
   1238.95081    0.9835200      48.13
   1238.95251    0.9831700      48.11
   1238.95435    0.9827700      48.09
   1238.95605    0.9825600      48.08
   1238.95789    0.9827000      48.09
   1238.95972    0.9829200      48.10
   1238.96143    0.9827900      48.09
   1238.96326    0.9822500      48.07
   1238.96497    0.9815400      48.03
   1238.96680    0.9808400      48.00
   1238.96851    0.9801200      47.96
   1238.97034    0.9794200      47.93
   1238.97205    0.9788600      47.90
   1238.97388    0.9783600      47.87
   1238.97559    0.9776500      47.84
   1238.97742    0.9766300      47.79
   1238.97913    0.9755300      47.74
   1238.98096    0.9744200      47.68
   1238.98267    0.9729900      47.61
   1238.98450    0.9708700      47.51
   1238.98621    0.9680500      47.37
   1238.98804    0.9647400      47.21
   1238.98975    0.9606900      47.01
   1238.99158    0.9552800      46.74
   1238.99329    0.9480300      46.39
   1238.99512    0.9389500      45.94
   1238.99683    0.9282100      45.42
   1238.99866    0.9156800      44.81
   1239.00037    0.9008700      44.08
   1239.00220    0.8833400      43.22
   1239.00391    0.8631800      42.24
   1239.00574    0.8411300      41.16
   1239.00757    0.8183700      40.04
   1239.00928    0.7959300      38.94
   1239.01111    0.7745800      37.90
   1239.01282    0.7552100      36.95
   1239.01465    0.7392300      36.17
   1239.01636    0.7282300      35.63
   1239.01819    0.7231200      35.38
   1239.01990    0.7238900      35.42
   1239.02173    0.7302600      35.73
   1239.02344    0.7421800      36.31
   1239.02527    0.7593200      37.15
   1239.02698    0.7803800      38.18
   1239.02881    0.8033400      39.31
   1239.03052    0.8264400      40.44
   1239.03235    0.8486700      41.52
   1239.03406    0.8694600      42.54
   1239.03589    0.8883900      43.47
   1239.03760    0.9052100      44.29
   1239.03943    0.9199600      45.01
   1239.04114    0.9326200      45.63
   1239.04297    0.9430200      46.14
   1239.04468    0.9511100      46.54
   1239.04651    0.9573300      46.84
   1239.04834    0.9624500      47.09
   1239.05005    0.9670300      47.31
   1239.05188    0.9711800      47.52
   1239.05359    0.9746500      47.69
   1239.05542    0.9771900      47.81
   1239.05713    0.9788500      47.89
   1239.05896    0.9800600      47.95
   1239.06067    0.9813000      48.01
   1239.06250    0.9825500      48.07
   1239.06421    0.9832700      48.11
   1239.06604    0.9832000      48.10
   1239.06775    0.9828800      48.09
   1239.06958    0.9830900      48.10
   1239.07129    0.9838200      48.13
   1239.07312    0.9843400      48.16
   1239.07483    0.9843800      48.16
   1239.07666    0.9844700      48.16
   1239.07837    0.9850900      48.19
   1239.08020    0.9858100      48.23
   1239.08191    0.9859400      48.24
   1239.08374    0.9855800      48.22
   1239.08545    0.9854500      48.21
   1239.08728    0.9858500      48.23
   1239.08899    0.9862600      48.25
   1239.09082    0.9862500      48.25
   1239.09265    0.9859700      48.24
   1239.09436    0.9857900      48.23
   1239.09619    0.9857100      48.22
   1239.09790    0.9855700      48.22
   1239.09973    0.9854200      48.21
   1239.10144    0.9853700      48.21
   1239.10327    0.9853500      48.21
   1239.10498    0.9852300      48.20
   1239.10681    0.9852200      48.20
   1239.10852    0.9855400      48.21
   1239.11035    0.9859900      48.24
   1239.11206    0.9861200      48.24
   1239.11389    0.9858700      48.23
   1239.11560    0.9856600      48.22
   1239.11743    0.9858100      48.23
   1239.11914    0.9861400      48.24
   1239.12097    0.9864200      48.26
   1239.12268    0.9866800      48.27
   1239.12451    0.9869600      48.28
   1239.12622    0.9870800      48.29
   1239.12805    0.9868800      48.28
   1239.12988    0.9866100      48.27
   1239.13159    0.9866300      48.27
   1239.13342    0.9868400      48.28
   1239.13513    0.9867800      48.27
   1239.13696    0.9862800      48.25
   1239.13867    0.9857400      48.22
   1239.14050    0.9856200      48.22
   1239.14221    0.9859000      48.23
   1239.14404    0.9862000      48.24
   1239.14575    0.9861400      48.24
   1239.14758    0.9856100      48.21
   1239.14929    0.9848700      48.18
   1239.15112    0.9843800      48.15
   1239.15283    0.9844800      48.16
   1239.15466    0.9850400      48.19
   1239.15637    0.9855200      48.21
   1239.15820    0.9855700      48.21
   1239.15991    0.9853500      48.20
   1239.16174    0.9852600      48.20
   1239.16345    0.9854600      48.21
   1239.16528    0.9858700      48.23
   1239.16699    0.9863500      48.25
   1239.16882    0.9867200      48.27
   1239.17065    0.9867900      48.27
   1239.17236    0.9866300      48.26
   1239.17419    0.9866500      48.26
   1239.17590    0.9870700      48.28
   1239.17773    0.9875600      48.31
   1239.17944    0.9875500      48.31
   1239.18127    0.9870600      48.28
   1239.18298    0.9866300      48.26
   1239.18481    0.9866000      48.26
   1239.18652    0.9866700      48.26
   1239.18835    0.9865500      48.26
   1239.19006    0.9865100      48.26
   1239.19189    0.9869200      48.28
   1239.19360    0.9875700      48.31
   1239.19543    0.9877900      48.32
   1239.19714    0.9873900      48.30
   1239.19897    0.9868000      48.27
   1239.20068    0.9864600      48.25
   1239.20251    0.9863200      48.24
   1239.20422    0.9861400      48.24
   1239.20605    0.9860100      48.23
   1239.20789    0.9861900      48.24
   1239.20959    0.9866300      48.26
   1239.21143    0.9869300      48.27
   1239.21313    0.9869000      48.27
   1239.21497    0.9867400      48.26
   1239.21667    0.9868400      48.27
   1239.21851    0.9872200      48.29
   1239.22021    0.9875400      48.30
   1239.22205    0.9874900      48.30
   1239.22375    0.9871900      48.29
   1239.22559    0.9870700      48.28
   1239.22729    0.9872400      48.29
   1239.22913    0.9873300      48.29
   1239.23083    0.9870300      48.28
   1239.23267    0.9865500      48.25
   1239.23438    0.9863300      48.24
   1239.23621    0.9864400      48.25
   1239.23792    0.9864600      48.25
   1239.23975    0.9862500      48.24
   1239.24158    0.9862000      48.24
   1239.24329    0.9865300      48.25
   1239.24512    0.9868300      48.27
   1239.24683    0.9865800      48.25
   1239.24866    0.9859200      48.22
   1239.25037    0.9853300      48.19
   1239.25220    0.9848100      48.17
   1239.25391    0.9837700      48.12
   1239.25574    0.9819500      48.03
   1239.25745    0.9798500      47.92
   1239.25928    0.9778600      47.83
   1239.26099    0.9755600      47.71
   1239.26282    0.9722500      47.55
   1239.26453    0.9679800      47.34
   1239.26636    0.9634700      47.12
   1239.26807    0.9592100      46.91
   1239.26990    0.9550300      46.71
   1239.27161    0.9507200      46.50
   1239.27344    0.9467100      46.30
   1239.27527    0.9438700      46.16
   1239.27698    0.9428400      46.11
   1239.27881    0.9437400      46.16
   1239.28052    0.9463200      46.28
   1239.28235    0.9500900      46.47
   1239.28406    0.9544000      46.68
   1239.28589    0.9586600      46.89
   1239.28760    0.9625900      47.08
   1239.28943    0.9661900      47.25
   1239.29114    0.9695100      47.42
   1239.29297    0.9723100      47.55
   1239.29468    0.9741600      47.64
   1239.29651    0.9747800      47.67
   1239.29822    0.9743300      47.65
   1239.30005    0.9733700      47.60
   1239.30176    0.9724800      47.56
   1239.30359    0.9718500      47.53
   1239.30530    0.9713000      47.50
   1239.30713    0.9707100      47.47
   1239.30896    0.9702300      47.45
   1239.31067    0.9701300      47.44
   1239.31250    0.9704500      47.46
   1239.31421    0.9711000      47.49
   1239.31604    0.9720400      47.54
   1239.31775    0.9732900      47.60
   1239.31958    0.9747600      47.67
   1239.32129    0.9762900      47.74
   1239.32312    0.9778100      47.82
   1239.32483    0.9794400      47.90
   1239.32666    0.9812400      47.99
   1239.32837    0.9830300      48.07
   1239.33020    0.9845400      48.15
   1239.33191    0.9856200      48.20
   1239.33374    0.9862600      48.23
   1239.33545    0.9865700      48.25
   1239.33728    0.9866800      48.25
   1239.33899    0.9867000      48.25
   1239.34082    0.9866400      48.25
   1239.34265    0.9864400      48.24
   1239.34436    0.9861900      48.23
   1239.34619    0.9861700      48.23
   1239.34790    0.9866000      48.25
   1239.34973    0.9872600      48.28
   1239.35144    0.9877500      48.30
   1239.35327    0.9878900      48.31
   1239.35498    0.9878800      48.31
   1239.35681    0.9879100      48.31
   1239.35852    0.9879400      48.31
   1239.36035    0.9879200      48.31
   1239.36206    0.9880100      48.31
   1239.36389    0.9883500      48.33
   1239.36560    0.9887200      48.35
   1239.36743    0.9887500      48.35
   1239.36914    0.9884900      48.34
   1239.37097    0.9883800      48.33
   1239.37280    0.9886800      48.35
   1239.37451    0.9890100      48.36
   1239.37634    0.9888700      48.36
   1239.37805    0.9883100      48.33
   1239.37988    0.9878900      48.31
   1239.38159    0.9879800      48.31
   1239.38342    0.9883400      48.33
   1239.38513    0.9885200      48.34
   1239.38696    0.9883900      48.33
   1239.38867    0.9881600      48.32
   1239.39050    0.9880400      48.31
   1239.39221    0.9881000      48.32
   1239.39404    0.9883100      48.33
   1239.39575    0.9885600      48.34
   1239.39758    0.9886300      48.34
   1239.39929    0.9883500      48.33
   1239.40112    0.9878500      48.30
   1239.40283    0.9874400      48.28
   1239.40466    0.9872600      48.27
   1239.40649    0.9871200      48.27
   1239.40820    0.9868200      48.25
   1239.41003    0.9864900      48.24
   1239.41174    0.9864600      48.23
   1239.41357    0.9868000      48.25
   1239.41528    0.9871400      48.27
   1239.41711    0.9871000      48.27
   1239.41882    0.9866500      48.24
   1239.42065    0.9861600      48.22
   1239.42236    0.9860200      48.21
   1239.42419    0.9862500      48.22
   1239.42590    0.9865600      48.24
   1239.42773    0.9865700      48.24
   1239.42944    0.9862400      48.22
   1239.43127    0.9858900      48.21
   1239.43298    0.9858600      48.20
   1239.43481    0.9861700      48.22
   1239.43665    0.9865300      48.24
   1239.43835    0.9866800      48.24
   1239.44019    0.9867700      48.25
   1239.44189    0.9871200      48.26
   1239.44373    0.9877800      48.30
   1239.44543    0.9884200      48.33
   1239.44727    0.9887000      48.34
   1239.44897    0.9886300      48.34
   1239.45081    0.9884600      48.33
   1239.45251    0.9883200      48.32
   1239.45435    0.9882100      48.32
   1239.45605    0.9881500      48.31
   1239.45789    0.9882700      48.32
   1239.45959    0.9885400      48.33
   1239.46143    0.9887200      48.34
   1239.46326    0.9885800      48.33
   1239.46497    0.9882400      48.32
   1239.46680    0.9879600      48.30
   1239.46851    0.9878900      48.30
   1239.47034    0.9879100      48.30
   1239.47205    0.9879300      48.30
   1239.47388    0.9880500      48.31
   1239.47559    0.9883300      48.32
   1239.47742    0.9885700      48.33
   1239.47913    0.9884600      48.33
   1239.48096    0.9879300      48.30
   1239.48267    0.9872800      48.27
   1239.48450    0.9870200      48.26
   1239.48621    0.9873900      48.27
   1239.48804    0.9880400      48.31
   1239.48975    0.9883300      48.32
   1239.49158    0.9879100      48.30
   1239.49341    0.9871500      48.26
   1239.49512    0.9866400      48.24
   1239.49695    0.9865700      48.23
   1239.49866    0.9865700      48.23
   1239.50049    0.9862900      48.22
   1239.50220    0.9858500      48.20
   1239.50403    0.9855800      48.18
   1239.50574    0.9854600      48.18
   1239.50757    0.9853400      48.17
   1239.50928    0.9852300      48.17
   1239.51111    0.9852600      48.17
   1239.51282    0.9853200      48.17
   1239.51465    0.9851400      48.16
   1239.51636    0.9847500      48.14
   1239.51819    0.9845100      48.13
   1239.52002    0.9845400      48.13
   1239.52173    0.9844700      48.13
   1239.52356    0.9840400      48.11
   1239.52527    0.9835500      48.08
   1239.52710    0.9833600      48.07
   1239.52881    0.9833600      48.07
   1239.53064    0.9831600      48.06
   1239.53235    0.9827200      48.04
   1239.53418    0.9823200      48.02
   1239.53589    0.9819200      48.00
   1239.53772    0.9811400      47.96
   1239.53943    0.9798700      47.90
   1239.54126    0.9785300      47.84
   1239.54297    0.9774200      47.78
   1239.54480    0.9762800      47.73
   1239.54651    0.9746200      47.64
   1239.54834    0.9723500      47.53
   1239.55017    0.9695900      47.40
   1239.55188    0.9662500      47.24
   1239.55371    0.9621300      47.03
   1239.55542    0.9571100      46.79
   1239.55725    0.9510100      46.49
   1239.55896    0.9433100      46.11
   1239.56079    0.9333700      45.63
   1239.56250    0.9209600      45.02
   1239.56433    0.9061700      44.30
   1239.56604    0.8889400      43.45
   1239.56787    0.8690100      42.48
   1239.56958    0.8465000      41.38
   1239.57141    0.8220500      40.18
   1239.57312    0.7964600      38.93
   1239.57495    0.7704000      37.66
   1239.57678    0.7448900      36.41
   1239.57849    0.7215700      35.27
   1239.58032    0.7021100      34.32
   1239.58203    0.6875900      33.61
   1239.58386    0.6786000      33.17
   1239.58557    0.6757900      33.03
   1239.58740    0.6796900      33.22
   1239.58911    0.6901700      33.74
   1239.59094    0.7063200      34.53
   1239.59265    0.7269400      35.53
   1239.59448    0.7509200      36.71
   1239.59619    0.7769700      37.98
   1239.59802    0.8036000      39.28
   1239.59973    0.8293500      40.54
   1239.60156    0.8531000      41.70
   1239.60339    0.8741500      42.73
   1239.60510    0.8923000      43.62
   1239.60693    0.9079100      44.38
   1239.60864    0.9214300      45.04
   1239.61047    0.9328400      45.60
   1239.61218    0.9417400      46.03
   1239.61401    0.9481700      46.35
   1239.61572    0.9529100      46.58
   1239.61755    0.9567300      46.76
   1239.61926    0.9595700      46.90
   1239.62109    0.9610300      46.97
   1239.62280    0.9612500      46.98
   1239.62463    0.9608400      46.96
   1239.62634    0.9601200      46.93
   1239.62817    0.9589900      46.87
   1239.63000    0.9576200      46.81
   1239.63171    0.9567000      46.76
   1239.63354    0.9567100      46.76
   1239.63525    0.9575400      46.80
   1239.63708    0.9589200      46.87
   1239.63879    0.9609900      46.97
   1239.64062    0.9637500      47.11
   1239.64233    0.9666800      47.25
   1239.64417    0.9691600      47.37
   1239.64587    0.9713300      47.48
   1239.64771    0.9737300      47.59
   1239.64941    0.9763200      47.72
   1239.65125    0.9784300      47.82
   1239.65308    0.9797100      47.88
   1239.65479    0.9805700      47.93
   1239.65662    0.9814400      47.97
   1239.65833    0.9820900      48.00
   1239.66016    0.9820600      48.00
   1239.66187    0.9814500      47.97
   1239.66370    0.9807500      47.93
   1239.66541    0.9802000      47.91
   1239.66724    0.9796100      47.88
   1239.66895    0.9788700      47.84
   1239.67078    0.9781500      47.81
   1239.67249    0.9775900      47.78
   1239.67432    0.9771200      47.76
   1239.67603    0.9767400      47.74
   1239.67786    0.9766300      47.73
   1239.67969    0.9769400      47.75
   1239.68140    0.9775400      47.78
   1239.68323    0.9782100      47.81
   1239.68494    0.9788900      47.84
   1239.68677    0.9795600      47.87
   1239.68848    0.9801700      47.90
   1239.69031    0.9806800      47.93
   1239.69202    0.9812300      47.96
   1239.69385    0.9818300      47.99
   1239.69556    0.9822700      48.01
   1239.69739    0.9823600      48.01
   1239.69910    0.9822800      48.01
   1239.70093    0.9823700      48.01
   1239.70276    0.9826400      48.02
   1239.70447    0.9826700      48.03
   1239.70630    0.9822300      48.00
   1239.70801    0.9816800      47.98
   1239.70984    0.9815500      47.97
   1239.71155    0.9818900      47.99
   1239.71338    0.9822600      48.00
   1239.71509    0.9823200      48.01
   1239.71692    0.9822900      48.01
   1239.71863    0.9825200      48.02
   1239.72046    0.9830000      48.04
   1239.72217    0.9833500      48.06
   1239.72400    0.9834200      48.06
   1239.72571    0.9835200      48.06
   1239.72754    0.9840300      48.09
   1239.72937    0.9847900      48.13
   1239.73108    0.9853100      48.15
   1239.73291    0.9853600      48.15
   1239.73462    0.9852100      48.15
   1239.73645    0.9851300      48.14
   1239.73816    0.9850500      48.14
   1239.73999    0.9847900      48.13
   1239.74170    0.9844900      48.11
   1239.74353    0.9844400      48.11
   1239.74524    0.9845700      48.11
   1239.74707    0.9844200      48.11
   1239.74878    0.9838700      48.08
   1239.75061    0.9834700      48.06
   1239.75244    0.9838100      48.08
   1239.75415    0.9847300      48.12
   1239.75598    0.9853900      48.15
   1239.75769    0.9852500      48.15
   1239.75952    0.9845500      48.11
   1239.76123    0.9840400      48.09
   1239.76306    0.9841200      48.09
   1239.76477    0.9846200      48.12
   1239.76660    0.9851200      48.14
   1239.76831    0.9854000      48.15
   1239.77014    0.9855800      48.16
   1239.77185    0.9858300      48.17
   1239.77368    0.9861000      48.19
   1239.77551    0.9861500      48.19
   1239.77722    0.9859700      48.18
   1239.77905    0.9858600      48.17
   1239.78076    0.9860300      48.18
   1239.78259    0.9863000      48.20
   1239.78430    0.9863200      48.20
   1239.78613    0.9861200      48.19
   1239.78784    0.9860600      48.18
   1239.78967    0.9862100      48.19
   1239.79138    0.9861800      48.19
   1239.79321    0.9857200      48.17
   1239.79492    0.9851500      48.14
   1239.79675    0.9849300      48.13
   1239.79858    0.9848900      48.13
   1239.80029    0.9844000      48.10
   1239.80212    0.9833800      48.05
   1239.80383    0.9824800      48.01
   1239.80566    0.9822700      48.00
   1239.80737    0.9824900      48.01
   1239.80920    0.9825500      48.01
   1239.81091    0.9823500      48.00
   1239.81274    0.9823300      48.00
   1239.81445    0.9827800      48.02
   1239.81628    0.9834700      48.06
   1239.81799    0.9840300      48.08
   1239.81982    0.9843000      48.10
   1239.82166    0.9843600      48.10
   1239.82336    0.9843800      48.10
   1239.82520    0.9846100      48.11
   1239.82690    0.9851500      48.14
   1239.82874    0.9857700      48.17
   1239.83044    0.9860500      48.18
   1239.83228    0.9858800      48.17
   1239.83398    0.9855200      48.15
   1239.83582    0.9851800      48.14
   1239.83752    0.9847400      48.12
   1239.83936    0.9841400      48.09
   1239.84106    0.9836000      48.06
   1239.84290    0.9833300      48.05
   1239.84473    0.9831100      48.04
   1239.84644    0.9825000      48.01
   1239.84827    0.9814500      47.95
   1239.84998    0.9802100      47.89
   1239.85181    0.9788800      47.83
   1239.85352    0.9772900      47.75
   1239.85535    0.9754100      47.66
   1239.85706    0.9735300      47.57
   1239.85889    0.9718900      47.49
   1239.86060    0.9704400      47.41
   1239.86243    0.9692400      47.36
   1239.86414    0.9687000      47.33
   1239.86597    0.9691700      47.35
   1239.86780    0.9703400      47.41
   1239.86951    0.9715900      47.47
   1239.87134    0.9726800      47.52
   1239.87305    0.9738800      47.58
   1239.87488    0.9753400      47.65
   1239.87659    0.9767200      47.72
   1239.87842    0.9777400      47.77
   1239.88013    0.9785400      47.81
   1239.88196    0.9794400      47.85
   1239.88367    0.9804300      47.90
   1239.88550    0.9812900      47.94
   1239.88721    0.9819200      47.97
   1239.88904    0.9824400      48.00
   1239.89087    0.9828600      48.02
   1239.89258    0.9830800      48.03
   1239.89441    0.9832000      48.04
   1239.89612    0.9834700      48.05
   1239.89795    0.9839600      48.07
   1239.89966    0.9843800      48.09
   1239.90149    0.9843400      48.09
   1239.90320    0.9839300      48.07
   1239.90503    0.9835500      48.05
   1239.90674    0.9834800      48.05
   1239.90857    0.9835700      48.05
   1239.91040    0.9835800      48.05
   1239.91211    0.9835900      48.05
   1239.91394    0.9839100      48.07
   1239.91565    0.9845400      48.10
   1239.91748    0.9849900      48.12
   1239.91919    0.9848300      48.11
   1239.92102    0.9842600      48.09
   1239.92273    0.9839300      48.07
   1239.92456    0.9840300      48.07
   1239.92627    0.9841400      48.08
   1239.92810    0.9838900      48.07
   1239.92981    0.9834700      48.05
   1239.93164    0.9833100      48.04
   1239.93347    0.9832600      48.04
   1239.93518    0.9828600      48.02
   1239.93701    0.9820900      47.98
   1239.93872    0.9814600      47.95
   1239.94055    0.9812300      47.94
   1239.94226    0.9810100      47.92
   1239.94409    0.9804400      47.90
   1239.94580    0.9797800      47.86
   1239.94763    0.9795700      47.85
   1239.94934    0.9798400      47.87
   1239.95117    0.9801500      47.88
   1239.95300    0.9803100      47.89
   1239.95471    0.9804400      47.90
   1239.95654    0.9806500      47.91
   1239.95825    0.9808300      47.91
   1239.96008    0.9810200      47.92
   1239.96179    0.9814000      47.94
   1239.96362    0.9819300      47.97
   1239.96533    0.9822300      47.98
   1239.96716    0.9821400      47.98
   1239.96887    0.9820000      47.97
   1239.97070    0.9820600      47.97
   1239.97241    0.9820000      47.97
   1239.97424    0.9813100      47.94
   1239.97607    0.9799800      47.87
   1239.97778    0.9784600      47.80
   1239.97961    0.9769700      47.72
   1239.98132    0.9752400      47.64
   1239.98315    0.9729400      47.53
   1239.98486    0.9699800      47.38
   1239.98669    0.9664600      47.21
   1239.98840    0.9626300      47.02
   1239.99023    0.9588700      46.84
   1239.99194    0.9555700      46.68
   1239.99377    0.9529000      46.55
   1239.99561    0.9508400      46.45
   1239.99731    0.9495900      46.39
   1239.99915    0.9494600      46.38
   1240.00085    0.9504600      46.43
   1240.00269    0.9522100      46.51
   1240.00439    0.9543800      46.62
   1240.00623    0.9568700      46.74
   1240.00793    0.9594400      46.87
   1240.00977    0.9615700      46.97
   1240.01147    0.9632100      47.05
   1240.01331    0.9651100      47.14
   1240.01514    0.9679900      47.28
   1240.01685    0.9714900      47.45
   1240.01868    0.9745000      47.60
   1240.02039    0.9764700      47.70
   1240.02222    0.9779000      47.77
   1240.02393    0.9793000      47.83
   1240.02576    0.9805400      47.89
   1240.02747    0.9812800      47.93
   1240.02930    0.9817800      47.96
   1240.03101    0.9825600      47.99
   1240.03284    0.9836700      48.05
   1240.03455    0.9846900      48.10
   1240.03638    0.9853000      48.13
   1240.03821    0.9856100      48.14
   1240.03992    0.9858500      48.15
   1240.04175    0.9861500      48.17
   1240.04346    0.9865100      48.18
   1240.04529    0.9868400      48.20
   1240.04700    0.9869200      48.20
   1240.04883    0.9866100      48.19
   1240.05054    0.9860700      48.16
   1240.05237    0.9856100      48.14
   1240.05408    0.9853300      48.13
   1240.05591    0.9851200      48.12
   1240.05774    0.9849900      48.11
   1240.05945    0.9850500      48.11
   1240.06128    0.9851500      48.12
   1240.06299    0.9850000      48.11
   1240.06482    0.9846100      48.09
   1240.06653    0.9843700      48.08
   1240.06836    0.9844800      48.08
   1240.07007    0.9847200      48.10
   1240.07190    0.9849300      48.11
   1240.07361    0.9853400      48.13
   1240.07544    0.9860600      48.16
   1240.07727    0.9866500      48.19
   1240.07898    0.9866600      48.19
   1240.08081    0.9863100      48.17
   1240.08252    0.9862300      48.17
   1240.08435    0.9865100      48.18
   1240.08606    0.9866300      48.19
   1240.08789    0.9863400      48.17
   1240.08960    0.9859700      48.15
   1240.09143    0.9858500      48.15
   1240.09314    0.9857800      48.15
   1240.09497    0.9855800      48.14
   1240.09680    0.9854800      48.13
   1240.09851    0.9856900      48.14
