   1248.00012    0.9791600      47.18
   1248.00195    0.9793800      47.19
   1248.00366    0.9793600      47.19
   1248.00549    0.9789000      47.17
   1248.00732    0.9784500      47.15
   1248.00903    0.9784400      47.15
   1248.01086    0.9787500      47.16
   1248.01270    0.9790000      47.17
   1248.01453    0.9791600      47.18
   1248.01624    0.9794200      47.19
   1248.01807    0.9797900      47.21
   1248.01990    0.9801100      47.23
   1248.02173    0.9804200      47.24
   1248.02344    0.9808900      47.26
   1248.02527    0.9814200      47.29
   1248.02710    0.9817100      47.30
   1248.02893    0.9816700      47.30
   1248.03064    0.9815600      47.30
   1248.03247    0.9816000      47.30
   1248.03430    0.9816800      47.30
   1248.03601    0.9815800      47.30
   1248.03784    0.9813800      47.29
   1248.03967    0.9813600      47.29
   1248.04150    0.9815700      47.30
   1248.04321    0.9817900      47.31
   1248.04504    0.9817600      47.30
   1248.04688    0.9814900      47.29
   1248.04871    0.9811800      47.28
   1248.05042    0.9809700      47.27
   1248.05225    0.9808400      47.26
   1248.05408    0.9807400      47.25
   1248.05591    0.9807300      47.25
   1248.05762    0.9809000      47.26
   1248.05945    0.9812000      47.28
   1248.06128    0.9814200      47.29
   1248.06299    0.9814900      47.29
   1248.06482    0.9815900      47.30
   1248.06665    0.9819100      47.31
   1248.06848    0.9823300      47.33
   1248.07019    0.9825200      47.34
   1248.07202    0.9823200      47.33
   1248.07385    0.9818600      47.31
   1248.07568    0.9813400      47.28
   1248.07739    0.9808500      47.26
   1248.07922    0.9805300      47.24
   1248.08105    0.9805900      47.25
   1248.08289    0.9810100      47.27
   1248.08459    0.9813800      47.28
   1248.08643    0.9813800      47.28
   1248.08826    0.9811300      47.27
   1248.08997    0.9809200      47.26
   1248.09180    0.9807800      47.25
   1248.09363    0.9805400      47.24
   1248.09546    0.9802600      47.23
   1248.09717    0.9801400      47.22
   1248.09900    0.9801900      47.22
   1248.10083    0.9800700      47.22
   1248.10266    0.9797100      47.20
   1248.10437    0.9794900      47.19
   1248.10620    0.9797100      47.20
   1248.10803    0.9801700      47.22
   1248.10986    0.9805100      47.24
   1248.11157    0.9807800      47.25
   1248.11340    0.9811900      47.27
   1248.11523    0.9816300      47.29
   1248.11694    0.9817500      47.30
   1248.11877    0.9815800      47.29
   1248.12061    0.9815600      47.29
   1248.12244    0.9818600      47.30
   1248.12415    0.9820400      47.31
   1248.12598    0.9817200      47.30
   1248.12781    0.9811700      47.27
   1248.12964    0.9808800      47.26
   1248.13135    0.9808400      47.25
   1248.13318    0.9806300      47.24
   1248.13501    0.9801900      47.22
   1248.13684    0.9799500      47.21
   1248.13855    0.9802600      47.23
   1248.14038    0.9808400      47.25
   1248.14221    0.9811900      47.27
   1248.14392    0.9811600      47.27
   1248.14575    0.9808900      47.25
   1248.14758    0.9805000      47.24
   1248.14941    0.9800100      47.21
   1248.15112    0.9796400      47.19
   1248.15295    0.9797100      47.20
   1248.15479    0.9802600      47.22
   1248.15662    0.9808700      47.25
   1248.15833    0.9810500      47.26
   1248.16016    0.9805900      47.24
   1248.16199    0.9796700      47.19
   1248.16382    0.9786500      47.15
   1248.16553    0.9777900      47.10
   1248.16736    0.9770600      47.07
   1248.16919    0.9762800      47.03
   1248.17102    0.9754300      46.99
   1248.17273    0.9748800      46.96
   1248.17456    0.9750900      46.97
   1248.17639    0.9759600      47.01
   1248.17810    0.9768500      47.06
   1248.17993    0.9772900      47.08
   1248.18176    0.9775300      47.09
   1248.18359    0.9781900      47.12
   1248.18530    0.9793700      47.18
   1248.18713    0.9803900      47.23
   1248.18896    0.9805600      47.24
   1248.19080    0.9799200      47.20
   1248.19250    0.9792200      47.17
   1248.19434    0.9790900      47.16
   1248.19617    0.9795300      47.19
   1248.19800    0.9800900      47.21
   1248.19971    0.9804800      47.23
   1248.20154    0.9808000      47.25
   1248.20337    0.9812100      47.27
   1248.20508    0.9816700      47.29
   1248.20691    0.9819300      47.30
   1248.20874    0.9818300      47.30
   1248.21057    0.9814700      47.28
   1248.21228    0.9810900      47.26
   1248.21411    0.9808000      47.24
   1248.21594    0.9806400      47.24
   1248.21777    0.9805600      47.23
   1248.21948    0.9805900      47.23
   1248.22131    0.9806900      47.24
   1248.22314    0.9808400      47.25
   1248.22498    0.9809300      47.25
   1248.22668    0.9808300      47.25
   1248.22852    0.9805300      47.23
   1248.23035    0.9802200      47.22
   1248.23218    0.9801500      47.21
   1248.23389    0.9802300      47.22
   1248.23572    0.9800600      47.21
   1248.23755    0.9794400      47.18
   1248.23926    0.9787800      47.15
   1248.24109    0.9784900      47.13
   1248.24292    0.9783500      47.12
   1248.24475    0.9777900      47.10
   1248.24646    0.9767800      47.05
   1248.24829    0.9758800      47.01
   1248.25012    0.9753100      46.98
   1248.25195    0.9746600      46.95
   1248.25366    0.9738400      46.91
   1248.25549    0.9735600      46.89
   1248.25732    0.9742500      46.93
   1248.25916    0.9750800      46.97
   1248.26086    0.9749700      46.96
   1248.26270    0.9741800      46.92
   1248.26453    0.9736400      46.90
   1248.26636    0.9727100      46.85
   1248.26807    0.9692800      46.69
   1248.26990    0.9631100      46.39
   1248.27173    0.9576900      46.13
   1248.27344    0.9572400      46.11
   1248.27527    0.9618500      46.33
   1248.27710    0.9674300      46.60
   1248.27893    0.9702600      46.73
   1248.28064    0.9705000      46.74
   1248.28247    0.9704600      46.74
   1248.28430    0.9711300      46.77
   1248.28613    0.9716700      46.80
   1248.28784    0.9716200      46.80
   1248.28967    0.9716500      46.80
   1248.29150    0.9721700      46.82
   1248.29333    0.9723700      46.83
   1248.29504    0.9714300      46.79
   1248.29688    0.9697000      46.70
   1248.29871    0.9681100      46.63
   1248.30054    0.9667500      46.56
   1248.30225    0.9649600      46.48
   1248.30408    0.9626400      46.36
   1248.30591    0.9606200      46.27
   1248.30774    0.9597600      46.22
   1248.30945    0.9601700      46.24
   1248.31128    0.9614200      46.30
   1248.31311    0.9631400      46.39
   1248.31482    0.9651800      46.48
   1248.31665    0.9674200      46.59
   1248.31848    0.9696600      46.70
   1248.32031    0.9717300      46.80
   1248.32202    0.9734400      46.88
   1248.32385    0.9745900      46.94
   1248.32568    0.9752200      46.97
   1248.32751    0.9757300      46.99
   1248.32922    0.9765300      47.03
   1248.33105    0.9775800      47.08
   1248.33289    0.9784200      47.12
   1248.33472    0.9787000      47.13
   1248.33643    0.9785100      47.12
   1248.33826    0.9782600      47.11
   1248.34009    0.9782000      47.11
   1248.34192    0.9783200      47.12
   1248.34363    0.9784900      47.12
   1248.34546    0.9786600      47.13
   1248.34729    0.9789200      47.14
   1248.34912    0.9793400      47.16
   1248.35083    0.9797400      47.18
   1248.35266    0.9798000      47.19
   1248.35449    0.9793800      47.17
   1248.35620    0.9787400      47.13
   1248.35803    0.9782300      47.11
   1248.35986    0.9777300      47.09
   1248.36169    0.9768200      47.04
   1248.36340    0.9754800      46.98
   1248.36523    0.9744800      46.93
   1248.36707    0.9745400      46.93
   1248.36890    0.9754700      46.98
   1248.37061    0.9763500      47.02
   1248.37244    0.9766800      47.03
   1248.37427    0.9768700      47.04
   1248.37610    0.9774200      47.07
   1248.37781    0.9781700      47.11
   1248.37964    0.9785700      47.12
   1248.38147    0.9785700      47.12
   1248.38330    0.9785800      47.12
   1248.38501    0.9788700      47.14
   1248.38684    0.9792400      47.16
   1248.38867    0.9794800      47.17
   1248.39050    0.9797000      47.18
   1248.39221    0.9800000      47.19
   1248.39404    0.9802400      47.20
   1248.39587    0.9802600      47.20
   1248.39771    0.9801400      47.20
   1248.39941    0.9800200      47.19
   1248.40125    0.9798100      47.18
   1248.40308    0.9794900      47.17
   1248.40479    0.9793300      47.16
   1248.40662    0.9796100      47.17
   1248.40845    0.9800800      47.19
   1248.41028    0.9802300      47.20
   1248.41199    0.9800700      47.19
   1248.41382    0.9801100      47.20
   1248.41565    0.9805000      47.21
   1248.41748    0.9806700      47.22
   1248.41919    0.9801700      47.20
   1248.42102    0.9793900      47.16
   1248.42285    0.9790100      47.14
   1248.42468    0.9789900      47.14
   1248.42639    0.9787300      47.13
   1248.42822    0.9781100      47.10
   1248.43005    0.9776500      47.08
   1248.43188    0.9776400      47.08
   1248.43359    0.9776100      47.07
   1248.43542    0.9771500      47.05
   1248.43726    0.9766100      47.03
   1248.43909    0.9765200      47.02
   1248.44080    0.9766400      47.03
   1248.44263    0.9761800      47.00
   1248.44446    0.9748500      46.94
   1248.44629    0.9731500      46.86
   1248.44800    0.9715300      46.78
   1248.44983    0.9698400      46.70
   1248.45166    0.9677700      46.60
   1248.45337    0.9652900      46.48
   1248.45520    0.9624800      46.34
   1248.45703    0.9593500      46.19
   1248.45886    0.9560000      46.03
   1248.46057    0.9528900      45.88
   1248.46240    0.9504400      45.76
   1248.46423    0.9486700      45.68
   1248.46606    0.9474200      45.62
   1248.46777    0.9468700      45.59
   1248.46960    0.9472200      45.61
   1248.47144    0.9481800      45.65
   1248.47327    0.9491400      45.70
   1248.47498    0.9500400      45.74
   1248.47681    0.9513600      45.81
   1248.47864    0.9532800      45.90
   1248.48047    0.9552800      45.99
   1248.48218    0.9568500      46.07
   1248.48401    0.9582300      46.14
   1248.48584    0.9600100      46.22
   1248.48767    0.9621700      46.33
   1248.48938    0.9641100      46.42
   1248.49121    0.9655500      46.49
   1248.49304    0.9667300      46.55
   1248.49487    0.9678500      46.60
   1248.49658    0.9686800      46.64
   1248.49841    0.9689900      46.65
   1248.50024    0.9689900      46.65
   1248.50208    0.9690700      46.66
   1248.50378    0.9692900      46.67
   1248.50562    0.9695000      46.68
   1248.50745    0.9697100      46.69
   1248.50928    0.9700600      46.70
   1248.51099    0.9705100      46.73
   1248.51282    0.9708000      46.74
   1248.51465    0.9708700      46.74
   1248.51636    0.9710300      46.75
   1248.51819    0.9715300      46.77
   1248.52002    0.9722400      46.81
   1248.52185    0.9728200      46.84
   1248.52356    0.9731200      46.85
   1248.52539    0.9732000      46.85
   1248.52722    0.9731800      46.85
   1248.52905    0.9730500      46.85
   1248.53076    0.9728600      46.84
   1248.53259    0.9727600      46.83
   1248.53442    0.9728600      46.84
   1248.53625    0.9730800      46.85
   1248.53796    0.9731600      46.85
   1248.53979    0.9728800      46.84
   1248.54163    0.9722800      46.81
   1248.54346    0.9716500      46.78
   1248.54517    0.9713100      46.76
   1248.54700    0.9713300      46.76
   1248.54883    0.9715300      46.77
   1248.55066    0.9717400      46.78
   1248.55237    0.9719700      46.79
   1248.55420    0.9723200      46.81
   1248.55603    0.9727600      46.83
   1248.55786    0.9732700      46.85
   1248.55957    0.9739900      46.89
   1248.56140    0.9751200      46.94
   1248.56323    0.9765300      47.01
   1248.56506    0.9776900      47.07
   1248.56677    0.9781800      47.09
   1248.56860    0.9781600      47.09
   1248.57043    0.9781800      47.09
   1248.57227    0.9785800      47.11
   1248.57397    0.9792000      47.14
   1248.57581    0.9796400      47.16
   1248.57764    0.9796900      47.16
   1248.57947    0.9795200      47.15
   1248.58118    0.9793800      47.15
   1248.58301    0.9794600      47.15
   1248.58484    0.9797300      47.16
   1248.58667    0.9799300      47.17
   1248.58838    0.9798600      47.17
   1248.59021    0.9796000      47.16
   1248.59204    0.9794400      47.15
   1248.59375    0.9795500      47.15
   1248.59558    0.9798300      47.17
   1248.59741    0.9801200      47.18
   1248.59924    0.9804600      47.20
   1248.60095    0.9809000      47.22
   1248.60278    0.9811900      47.23
   1248.60461    0.9810000      47.22
   1248.60645    0.9804600      47.20
   1248.60815    0.9801400      47.18
   1248.60999    0.9802700      47.19
   1248.61182    0.9804600      47.20
   1248.61365    0.9802000      47.18
   1248.61536    0.9796000      47.16
   1248.61719    0.9792400      47.14
   1248.61902    0.9793200      47.14
   1248.62085    0.9794700      47.15
   1248.62256    0.9793400      47.14
   1248.62439    0.9791900      47.13
   1248.62622    0.9794400      47.15
   1248.62805    0.9800000      47.17
   1248.62976    0.9803100      47.19
   1248.63159    0.9799800      47.17
   1248.63342    0.9792300      47.14
   1248.63525    0.9786300      47.11
   1248.63696    0.9785300      47.10
   1248.63879    0.9788500      47.12
   1248.64062    0.9792300      47.14
   1248.64246    0.9793600      47.14
   1248.64417    0.9792200      47.13
   1248.64600    0.9791200      47.13
   1248.64783    0.9794100      47.14
   1248.64966    0.9800600      47.17
   1248.65137    0.9806200      47.20
   1248.65320    0.9807100      47.21
   1248.65503    0.9803700      47.19
   1248.65686    0.9799900      47.17
   1248.65857    0.9798800      47.17
   1248.66040    0.9800000      47.17
   1248.66223    0.9801300      47.18
   1248.66406    0.9801100      47.18
   1248.66577    0.9799500      47.17
   1248.66760    0.9797600      47.16
   1248.66943    0.9796400      47.15
   1248.67126    0.9796800      47.15
   1248.67297    0.9799000      47.16
   1248.67480    0.9802200      47.18
   1248.67664    0.9805200      47.19
   1248.67847    0.9806800      47.20
   1248.68018    0.9806200      47.20
   1248.68201    0.9803000      47.18
   1248.68384    0.9798700      47.16
   1248.68567    0.9796000      47.15
   1248.68738    0.9796800      47.15
   1248.68921    0.9799700      47.17
   1248.69104    0.9801500      47.18
   1248.69287    0.9800100      47.17
   1248.69458    0.9796200      47.15
   1248.69641    0.9792100      47.13
   1248.69824    0.9789500      47.12
   1248.70007    0.9789000      47.11
   1248.70178    0.9790200      47.12
   1248.70361    0.9791500      47.13
   1248.70544    0.9791300      47.13
   1248.70728    0.9789800      47.12
   1248.70898    0.9788900      47.11
   1248.71082    0.9789900      47.12
   1248.71265    0.9791700      47.13
   1248.71448    0.9793100      47.13
   1248.71619    0.9794700      47.14
   1248.71802    0.9797400      47.15
   1248.71985    0.9799100      47.16
   1248.72168    0.9797900      47.16
   1248.72339    0.9796100      47.15
   1248.72522    0.9797800      47.15
   1248.72705    0.9803300      47.18
   1248.72888    0.9807900      47.20
   1248.73059    0.9809800      47.21
   1248.73242    0.9812300      47.22
   1248.73425    0.9817500      47.25
   1248.73608    0.9820100      47.26
   1248.73779    0.9814100      47.23
   1248.73962    0.9802400      47.18
   1248.74146    0.9794800      47.14
   1248.74329    0.9796100      47.15
   1248.74500    0.9801100      47.17
   1248.74683    0.9803000      47.18
   1248.74866    0.9801500      47.17
   1248.75049    0.9800900      47.17
   1248.75220    0.9802700      47.18
   1248.75403    0.9804700      47.19
   1248.75586    0.9805100      47.19
   1248.75769    0.9804000      47.18
   1248.75940    0.9802800      47.18
   1248.76123    0.9803400      47.18
   1248.76306    0.9807100      47.20
   1248.76489    0.9812500      47.22
   1248.76660    0.9815100      47.23
   1248.76843    0.9812300      47.22
   1248.77026    0.9807300      47.20
   1248.77209    0.9804700      47.18
   1248.77380    0.9804600      47.18
   1248.77563    0.9803700      47.18
   1248.77747    0.9801700      47.17
   1248.77930    0.9802100      47.17
   1248.78101    0.9805700      47.19
   1248.78284    0.9808300      47.20
   1248.78467    0.9806400      47.19
   1248.78650    0.9802300      47.17
   1248.78821    0.9800500      47.16
   1248.79004    0.9801500      47.17
   1248.79187    0.9802900      47.17
   1248.79358    0.9803700      47.18
   1248.79541    0.9805000      47.18
   1248.79724    0.9806400      47.19
   1248.79907    0.9806200      47.19
   1248.80090    0.9804000      47.18
   1248.80261    0.9802200      47.17
   1248.80444    0.9802800      47.17
   1248.80627    0.9805300      47.18
   1248.80811    0.9808000      47.20
   1248.80981    0.9808600      47.20
   1248.81165    0.9805700      47.19
   1248.81348    0.9799800      47.16
   1248.81531    0.9794400      47.13
   1248.81702    0.9793100      47.13
   1248.81885    0.9794500      47.13
   1248.82068    0.9794600      47.13
   1248.82251    0.9791700      47.12
   1248.82422    0.9788800      47.10
   1248.82605    0.9788000      47.10
   1248.82788    0.9787400      47.10
   1248.82971    0.9784500      47.08
   1248.83142    0.9780800      47.06
   1248.83325    0.9779400      47.06
   1248.83508    0.9780300      47.06
   1248.83691    0.9781500      47.07
   1248.83862    0.9783200      47.08
   1248.84045    0.9787400      47.10
   1248.84229    0.9793300      47.12
   1248.84412    0.9797500      47.14
   1248.84583    0.9798100      47.15
   1248.84766    0.9796900      47.14
   1248.84949    0.9796400      47.14
   1248.85132    0.9796500      47.14
   1248.85303    0.9796300      47.14
   1248.85486    0.9796500      47.14
   1248.85669    0.9798200      47.15
   1248.85852    0.9800500      47.16
   1248.86023    0.9801000      47.16
   1248.86206    0.9799100      47.15
   1248.86389    0.9797100      47.14
   1248.86572    0.9797000      47.14
   1248.86743    0.9799300      47.15
   1248.86926    0.9802300      47.17
   1248.87109    0.9804100      47.17
   1248.87292    0.9803200      47.17
   1248.87463    0.9800300      47.16
   1248.87646    0.9797700      47.14
   1248.87830    0.9796900      47.14
   1248.88013    0.9796900      47.14
   1248.88184    0.9795500      47.13
   1248.88367    0.9792200      47.12
   1248.88550    0.9788600      47.10
   1248.88733    0.9786000      47.09
   1248.88904    0.9784900      47.08
   1248.89087    0.9785600      47.08
   1248.89270    0.9787000      47.09
   1248.89453    0.9787000      47.09
   1248.89624    0.9783900      47.07
   1248.89807    0.9780400      47.06
   1248.89990    0.9780800      47.06
   1248.90173    0.9785800      47.08
   1248.90344    0.9789600      47.10
   1248.90527    0.9786900      47.09
   1248.90710    0.9778800      47.05
   1248.90894    0.9771000      47.01
   1248.91064    0.9766800      46.99
   1248.91248    0.9763600      46.98
   1248.91431    0.9757800      46.95
   1248.91614    0.9749600      46.91
   1248.91785    0.9741200      46.87
   1248.91968    0.9733200      46.83
   1248.92151    0.9723900      46.78
   1248.92334    0.9712000      46.73
   1248.92505    0.9698000      46.66
   1248.92688    0.9682000      46.58
   1248.92871    0.9663300      46.49
   1248.93054    0.9640900      46.38
   1248.93225    0.9615300      46.26
   1248.93408    0.9588600      46.13
   1248.93591    0.9563800      46.01
   1248.93774    0.9544200      45.92
   1248.93945    0.9531900      45.86
   1248.94128    0.9528300      45.84
   1248.94312    0.9533300      45.87
   1248.94495    0.9545300      45.92
   1248.94666    0.9561500      46.00
   1248.94849    0.9579200      46.09
   1248.95032    0.9597200      46.17
   1248.95215    0.9616900      46.27
   1248.95386    0.9639500      46.38
   1248.95569    0.9663000      46.49
   1248.95752    0.9683100      46.58
   1248.95935    0.9697600      46.65
   1248.96106    0.9709400      46.71
   1248.96289    0.9723000      46.78
   1248.96472    0.9738700      46.85
   1248.96655    0.9752400      46.92
   1248.96826    0.9760300      46.96
   1248.97009    0.9763900      46.97
   1248.97192    0.9767400      46.99
   1248.97375    0.9771500      47.01
   1248.97546    0.9772100      47.01
   1248.97729    0.9766700      46.99
   1248.97913    0.9759900      46.95
   1248.98096    0.9758800      46.95
   1248.98267    0.9764500      46.97
   1248.98450    0.9770400      47.00
   1248.98633    0.9770900      47.00
   1248.98816    0.9768600      46.99
   1248.98999    0.9769900      47.00
   1248.99170    0.9775600      47.03
   1248.99353    0.9779900      47.05
   1248.99536    0.9778200      47.04
   1248.99719    0.9773000      47.01
   1248.99890    0.9770400      47.00
   1249.00073    0.9772600      47.01
   1249.00256    0.9776600      47.03
   1249.00439    0.9778300      47.04
   1249.00610    0.9776000      47.03
   1249.00793    0.9770400      47.00
   1249.00977    0.9763700      46.97
   1249.01160    0.9759400      46.95
   1249.01331    0.9759100      46.95
   1249.01514    0.9760700      46.95
   1249.01697    0.9760900      46.95
   1249.01880    0.9759600      46.95
   1249.02051    0.9759000      46.94
   1249.02234    0.9758400      46.94
   1249.02417    0.9753500      46.92
   1249.02600    0.9741400      46.86
   1249.02771    0.9724100      46.78
   1249.02954    0.9705000      46.68
   1249.03137    0.9684500      46.59
   1249.03320    0.9662200      46.48
   1249.03491    0.9640900      46.38
   1249.03674    0.9622900      46.29
   1249.03857    0.9605300      46.20
   1249.04041    0.9583600      46.10
   1249.04211    0.9560400      45.99
   1249.04395    0.9545400      45.92
   1249.04578    0.9543100      45.90
   1249.04761    0.9547800      45.93
   1249.04932    0.9552700      45.95
   1249.05115    0.9559600      45.98
   1249.05298    0.9575500      46.06
   1249.05481    0.9601000      46.18
   1249.05652    0.9628000      46.31
   1249.05835    0.9649100      46.41
   1249.06018    0.9664000      46.48
   1249.06201    0.9676900      46.55
   1249.06384    0.9690600      46.61
   1249.06555    0.9705600      46.68
   1249.06738    0.9721200      46.76
   1249.06921    0.9735300      46.83
   1249.07104    0.9745300      46.87
   1249.07275    0.9752100      46.91
   1249.07458    0.9759100      46.94
   1249.07642    0.9767500      46.98
   1249.07825    0.9773400      47.01
   1249.07996    0.9773800      47.01
   1249.08179    0.9771700      47.00
   1249.08362    0.9772600      47.01
   1249.08545    0.9777100      47.03
   1249.08716    0.9780800      47.04
   1249.08899    0.9781400      47.05
   1249.09082    0.9780300      47.04
   1249.09265    0.9779000      47.04
   1249.09436    0.9776400      47.02
   1249.09619    0.9772400      47.00
   1249.09802    0.9769500      46.99
   1249.09985    0.9769600      46.99
   1249.10156    0.9771100      47.00
   1249.10339    0.9771800      47.00
   1249.10522    0.9772500      47.00
   1249.10706    0.9775200      47.02
   1249.10876    0.9778200      47.03
   1249.11060    0.9778500      47.03
   1249.11243    0.9776600      47.02
   1249.11426    0.9776700      47.02
   1249.11597    0.9780600      47.04
   1249.11780    0.9785600      47.06
   1249.11963    0.9789500      47.08
   1249.12146    0.9793600      47.10
   1249.12317    0.9799500      47.13
   1249.12500    0.9804100      47.15
   1249.12683    0.9803400      47.15
   1249.12866    0.9799500      47.13
   1249.13049    0.9798800      47.13
   1249.13220    0.9803300      47.15
   1249.13403    0.9807600      47.17
   1249.13586    0.9806400      47.16
   1249.13770    0.9801800      47.14
   1249.13940    0.9800400      47.13
   1249.14124    0.9804400      47.15
   1249.14307    0.9809400      47.18
   1249.14490    0.9810400      47.18
   1249.14661    0.9807100      47.17
   1249.14844    0.9803200      47.15
   1249.15027    0.9801300      47.14
   1249.15210    0.9801200      47.14
   1249.15381    0.9801200      47.14
   1249.15564    0.9800000      47.13
   1249.15747    0.9797800      47.12
   1249.15930    0.9796200      47.11
   1249.16101    0.9796600      47.11
   1249.16284    0.9799100      47.13
   1249.16467    0.9802300      47.14
   1249.16650    0.9804700      47.15
   1249.16821    0.9804300      47.15
   1249.17004    0.9800200      47.13
   1249.17188    0.9795100      47.11
   1249.17371    0.9793500      47.10
   1249.17542    0.9796900      47.11
   1249.17725    0.9800000      47.13
   1249.17908    0.9798400      47.12
   1249.18091    0.9795100      47.11
   1249.18274    0.9795500      47.11
   1249.18445    0.9797600      47.12
   1249.18628    0.9794400      47.10
   1249.18811    0.9785600      47.06
   1249.18994    0.9779500      47.03
   1249.19165    0.9779600      47.03
   1249.19348    0.9779600      47.03
   1249.19531    0.9775600      47.01
   1249.19714    0.9773800      47.00
   1249.19885    0.9778800      47.03
   1249.20068    0.9783600      47.05
   1249.20251    0.9781000      47.04
   1249.20435    0.9776600      47.01
   1249.20605    0.9779400      47.03
   1249.20789    0.9784300      47.05
   1249.20972    0.9782200      47.04
   1249.21155    0.9778300      47.02
   1249.21326    0.9784900      47.05
   1249.21509    0.9797200      47.11
   1249.21692    0.9798300      47.12
   1249.21875    0.9788700      47.07
   1249.22046    0.9786500      47.06
   1249.22229    0.9795300      47.10
   1249.22412    0.9796600      47.11
   1249.22595    0.9783200      47.04
   1249.22778    0.9774800      47.00
   1249.22949    0.9782900      47.04
   1249.23132    0.9788900      47.07
   1249.23315    0.9778000      47.02
   1249.23499    0.9768800      46.97
   1249.23669    0.9777900      47.02
   1249.23853    0.9784500      47.05
   1249.24036    0.9765300      46.96
   1249.24219    0.9744800      46.86
   1249.24390    0.9756800      46.92
   1249.24573    0.9777500      47.02
   1249.24756    0.9757700      46.92
   1249.24939    0.9714500      46.71
   1249.25110    0.9710900      46.70
   1249.25293    0.9735500      46.81
   1249.25476    0.9698700      46.64
   1249.25659    0.9584900      46.09
   1249.25830    0.9496400      45.66
   1249.26013    0.9455700      45.47
   1249.26196    0.9270000      44.57
   1249.26379    0.8764800      42.14
   1249.26550    0.8129500      39.09
   1249.26733    0.7836100      37.68
   1249.26917    0.8136400      39.12
   1249.27100    0.8769500      42.17
   1249.27283    0.9269100      44.57
   1249.27454    0.9456600      45.47
   1249.27637    0.9504200      45.70
   1249.27820    0.9593400      46.13
   1249.28003    0.9699700      46.64
   1249.28174    0.9731800      46.79
   1249.28357    0.9711700      46.70
   1249.28540    0.9721500      46.74
   1249.28723    0.9764600      46.95
   1249.28894    0.9781200      47.03
   1249.29077    0.9761900      46.94
   1249.29260    0.9754400      46.90
   1249.29443    0.9774700      47.00
   1249.29614    0.9787300      47.06
   1249.29797    0.9774600      47.00
   1249.29980    0.9764900      46.95
   1249.30164    0.9777200      47.01
   1249.30334    0.9790000      47.07
   1249.30518    0.9784300      47.04
   1249.30701    0.9776300      47.01
   1249.30884    0.9784500      47.04
   1249.31067    0.9796500      47.10
   1249.31238    0.9793700      47.09
   1249.31421    0.9785000      47.05
   1249.31604    0.9789400      47.07
   1249.31787    0.9801600      47.13
   1249.31958    0.9801700      47.13
   1249.32141    0.9790000      47.07
   1249.32324    0.9785200      47.05
   1249.32507    0.9793200      47.08
   1249.32678    0.9799700      47.12
   1249.32861    0.9796300      47.10
   1249.33044    0.9792600      47.08
   1249.33228    0.9797400      47.10
   1249.33398    0.9804100      47.14
   1249.33582    0.9801900      47.13
   1249.33765    0.9792500      47.08
   1249.33948    0.9786000      47.05
   1249.34131    0.9786600      47.05
   1249.34302    0.9790000      47.07
   1249.34485    0.9791500      47.08
   1249.34668    0.9790400      47.07
   1249.34851    0.9788200      47.06
   1249.35022    0.9787200      47.05
   1249.35205    0.9789400      47.06
   1249.35388    0.9793600      47.08
   1249.35571    0.9796100      47.10
   1249.35742    0.9794900      47.09
   1249.35925    0.9792500      47.08
   1249.36108    0.9792200      47.08
   1249.36292    0.9793100      47.08
   1249.36462    0.9791000      47.07
   1249.36646    0.9784300      47.04
   1249.36829    0.9775100      46.99
   1249.37012    0.9766200      46.95
   1249.37183    0.9758500      46.91
   1249.37366    0.9751400      46.88
   1249.37549    0.9744500      46.85
   1249.37732    0.9738800      46.82
   1249.37915    0.9735600      46.80
   1249.38086    0.9735000      46.80
   1249.38269    0.9736300      46.81
   1249.38452    0.9738200      46.82
   1249.38635    0.9739900      46.82
   1249.38806    0.9740900      46.83
   1249.38989    0.9740500      46.83
   1249.39172    0.9739100      46.82
   1249.39355    0.9738300      46.82
   1249.39526    0.9739100      46.82
   1249.39709    0.9740700      46.83
   1249.39893    0.9742400      46.83
   1249.40076    0.9744800      46.85
   1249.40247    0.9748000      46.86
   1249.40430    0.9750500      46.87
   1249.40613    0.9751400      46.88
   1249.40796    0.9752700      46.88
   1249.40979    0.9756400      46.90
   1249.41150    0.9760500      46.92
   1249.41333    0.9760300      46.92
   1249.41516    0.9756100      46.90
   1249.41699    0.9753900      46.89
   1249.41870    0.9756800      46.90
   1249.42053    0.9760100      46.92
   1249.42236    0.9757200      46.90
   1249.42419    0.9749900      46.87
   1249.42590    0.9746900      46.85
   1249.42773    0.9752500      46.88
   1249.42957    0.9761100      46.92
   1249.43140    0.9764400      46.94
   1249.43311    0.9761000      46.92
   1249.43494    0.9757600      46.91
   1249.43677    0.9759500      46.91
   1249.43860    0.9764100      46.94
   1249.44043    0.9765200      46.94
   1249.44214    0.9761400      46.92
   1249.44397    0.9758500      46.91
   1249.44580    0.9762100      46.93
   1249.44763    0.9770700      46.97
   1249.44934    0.9777300      47.00
   1249.45117    0.9778800      47.01
   1249.45300    0.9778200      47.00
   1249.45483    0.9777800      47.00
   1249.45654    0.9775900      46.99
   1249.45837    0.9771500      46.97
   1249.46021    0.9768000      46.95
   1249.46204    0.9769200      46.96
   1249.46375    0.9772300      46.97
   1249.46558    0.9770400      46.96
   1249.46741    0.9762500      46.93
   1249.46924    0.9755100      46.89
   1249.47107    0.9752900      46.88
   1249.47278    0.9753500      46.88
   1249.47461    0.9751700      46.87
   1249.47644    0.9745900      46.85
   1249.47827    0.9738100      46.81
   1249.47998    0.9730000      46.77
   1249.48181    0.9723200      46.74
   1249.48364    0.9720000      46.72
   1249.48547    0.9721200      46.73
   1249.48718    0.9725000      46.74
   1249.48901    0.9729500      46.77
   1249.49084    0.9735200      46.79
   1249.49268    0.9742300      46.83
   1249.49451    0.9747000      46.85
   1249.49622    0.9745700      46.84
   1249.49805    0.9739900      46.81
   1249.49988    0.9733000      46.78
   1249.50171    0.9723100      46.73
   1249.50342    0.9704500      46.64
   1249.50525    0.9676300      46.51
   1249.50708    0.9644500      46.36
   1249.50891    0.9613600      46.21
   1249.51062    0.9582200      46.06
   1249.51245    0.9549200      45.90
   1249.51428    0.9520800      45.76
   1249.51611    0.9503600      45.68
   1249.51782    0.9496300      45.64
   1249.51965    0.9493000      45.63
   1249.52148    0.9494400      45.63
   1249.52332    0.9506800      45.69
   1249.52515    0.9531800      45.81
   1249.52686    0.9561800      45.96
   1249.52869    0.9589200      46.09
   1249.53052    0.9614000      46.21
   1249.53235    0.9639100      46.33
   1249.53406    0.9662700      46.44
   1249.53589    0.9680600      46.53
   1249.53772    0.9693300      46.59
   1249.53955    0.9706300      46.65
   1249.54126    0.9723400      46.73
   1249.54309    0.9742600      46.82
   1249.54492    0.9759500      46.91
   1249.54675    0.9770500      46.96
   1249.54858    0.9774800      46.98
   1249.55029    0.9774500      46.98
   1249.55212    0.9774600      46.98
   1249.55396    0.9778300      47.00
   1249.55579    0.9783000      47.02
   1249.55750    0.9783600      47.02
   1249.55933    0.9779800      47.00
   1249.56116    0.9776300      46.98
   1249.56299    0.9776400      46.99
   1249.56470    0.9777400      46.99
   1249.56653    0.9775000      46.98
   1249.56836    0.9769100      46.95
   1249.57019    0.9762500      46.92
   1249.57202    0.9756000      46.89
   1249.57373    0.9747100      46.84
   1249.57556    0.9734500      46.78
   1249.57739    0.9719600      46.71
   1249.57922    0.9705900      46.65
   1249.58093    0.9696400      46.60
   1249.58276    0.9691800      46.58
   1249.58459    0.9690300      46.57
   1249.58643    0.9689000      46.56
   1249.58813    0.9688300      46.56
   1249.58997    0.9692400      46.58
   1249.59180    0.9703900      46.63
   1249.59363    0.9719300      46.71
   1249.59546    0.9732600      46.77
   1249.59717    0.9741800      46.82
   1249.59900    0.9749800      46.85
   1249.60083    0.9758000      46.89
   1249.60266    0.9764700      46.93
   1249.60437    0.9768900      46.95
   1249.60620    0.9771900      46.96
   1249.60803    0.9775000      46.97
   1249.60986    0.9777700      46.99
   1249.61157    0.9780300      47.00
   1249.61340    0.9785100      47.02
   1249.61523    0.9792400      47.06
   1249.61707    0.9797800      47.08
   1249.61890    0.9797600      47.08
   1249.62061    0.9794900      47.07
   1249.62244    0.9795400      47.07
   1249.62427    0.9799600      47.09
   1249.62610    0.9803400      47.11
   1249.62781    0.9804000      47.11
   1249.62964    0.9803000      47.11
   1249.63147    0.9802200      47.10
   1249.63330    0.9800600      47.10
   1249.63501    0.9797700      47.08
   1249.63684    0.9795700      47.07
   1249.63867    0.9795500      47.07
   1249.64050    0.9795100      47.07
   1249.64233    0.9792600      47.06
   1249.64404    0.9789800      47.04
   1249.64587    0.9789600      47.04
   1249.64771    0.9791600      47.05
   1249.64954    0.9792300      47.05
   1249.65125    0.9790000      47.04
   1249.65308    0.9786200      47.03
   1249.65491    0.9783000      47.01
   1249.65674    0.9781800      47.00
   1249.65845    0.9782800      47.01
   1249.66028    0.9785100      47.02
   1249.66211    0.9786800      47.03
   1249.66394    0.9787200      47.03
   1249.66577    0.9787700      47.03
   1249.66748    0.9790000      47.04
   1249.66931    0.9792600      47.05
   1249.67114    0.9792300      47.05
   1249.67297    0.9788900      47.04
   1249.67468    0.9785400      47.02
   1249.67651    0.9783700      47.01
   1249.67834    0.9783000      47.01
   1249.68018    0.9782500      47.01
   1249.68188    0.9783200      47.01
   1249.68372    0.9785300      47.02
   1249.68555    0.9786500      47.02
   1249.68738    0.9785700      47.02
   1249.68921    0.9785700      47.02
   1249.69092    0.9788300      47.03
   1249.69275    0.9790900      47.04
   1249.69458    0.9789500      47.04
   1249.69641    0.9785100      47.02
   1249.69812    0.9782600      47.00
   1249.69995    0.9783400      47.01
   1249.70178    0.9782600      47.00
   1249.70361    0.9775800      46.97
   1249.70544    0.9765400      46.92
   1249.70715    0.9757100      46.88
   1249.70898    0.9753000      46.86
   1249.71082    0.9750300      46.85
   1249.71265    0.9745300      46.82
   1249.71436    0.9736900      46.78
   1249.71619    0.9726700      46.73
   1249.71802    0.9717600      46.69
   1249.71985    0.9713400      46.67
   1249.72156    0.9715200      46.68
   1249.72339    0.9719500      46.70
   1249.72522    0.9721400      46.71
   1249.72705    0.9719700      46.70
   1249.72888    0.9718400      46.69
   1249.73059    0.9720300      46.70
   1249.73242    0.9723700      46.72
   1249.73425    0.9725200      46.73
   1249.73608    0.9724800      46.72
   1249.73779    0.9725500      46.73
   1249.73962    0.9728800      46.74
   1249.74146    0.9733700      46.77
   1249.74329    0.9740000      46.80
   1249.74500    0.9748300      46.84
   1249.74683    0.9757400      46.88
   1249.74866    0.9763500      46.91
   1249.75049    0.9764900      46.92
   1249.75232    0.9764600      46.91
   1249.75403    0.9766300      46.92
   1249.75586    0.9770000      46.94
   1249.75769    0.9773000      46.95
   1249.75952    0.9774600      46.96
   1249.76123    0.9776200      46.97
   1249.76306    0.9777400      46.97
   1249.76489    0.9775800      46.97
   1249.76672    0.9770300      46.94
   1249.76855    0.9764300      46.91
   1249.77026    0.9760500      46.89
   1249.77209    0.9757300      46.88
   1249.77393    0.9752200      46.85
   1249.77576    0.9747700      46.83
   1249.77747    0.9749600      46.84
   1249.77930    0.9758500      46.88
   1249.78113    0.9767300      46.92
   1249.78296    0.9768900      46.93
   1249.78479    0.9764700      46.91
   1249.78650    0.9761400      46.90
   1249.78833    0.9762400      46.90
   1249.79016    0.9764000      46.91
   1249.79199    0.9760900      46.89
   1249.79370    0.9753200      46.86
   1249.79553    0.9745800      46.82
   1249.79736    0.9742200      46.80
   1249.79919    0.9740100      46.79
   1249.80090    0.9734600      46.77
   1249.80273    0.9723600      46.71
   1249.80457    0.9710100      46.65
   1249.80640    0.9699600      46.60
   1249.80823    0.9694500      46.57
   1249.80994    0.9693000      46.56
   1249.81177    0.9693200      46.57
   1249.81360    0.9697000      46.58
   1249.81543    0.9708100      46.64
   1249.81714    0.9724800      46.72
   1249.81897    0.9740100      46.79
   1249.82080    0.9748200      46.83
   1249.82263    0.9751300      46.84
   1249.82446    0.9755700      46.87
   1249.82617    0.9763200      46.90
   1249.82800    0.9769700      46.93
   1249.82983    0.9771600      46.94
   1249.83167    0.9770900      46.94
   1249.83337    0.9771500      46.94
   1249.83521    0.9773200      46.95
   1249.83704    0.9772900      46.95
   1249.83887    0.9771000      46.94
   1249.84070    0.9772500      46.94
   1249.84241    0.9779200      46.98
   1249.84424    0.9786100      47.01
   1249.84607    0.9786200      47.01
   1249.84790    0.9780400      46.98
   1249.84961    0.9776500      46.96
   1249.85144    0.9779500      46.98
   1249.85327    0.9785100      47.00
   1249.85510    0.9785600      47.01
   1249.85681    0.9780300      46.98
   1249.85864    0.9776100      46.96
   1249.86047    0.9778400      46.97
   1249.86230    0.9784000      47.00
   1249.86414    0.9786300      47.01
   1249.86584    0.9783400      46.99
   1249.86768    0.9779600      46.98
   1249.86951    0.9778900      46.97
   1249.87134    0.9781100      46.98
   1249.87305    0.9784500      47.00
   1249.87488    0.9788900      47.02
   1249.87671    0.9793700      47.04
   1249.87854    0.9795500      47.05
   1249.88037    0.9791000      47.03
   1249.88208    0.9782200      46.99
   1249.88391    0.9775100      46.95
   1249.88574    0.9773600      46.95
   1249.88757    0.9775800      46.96
   1249.88928    0.9777800      46.97
   1249.89111    0.9778100      46.97
   1249.89294    0.9776800      46.96
   1249.89478    0.9773600      46.95
   1249.89661    0.9769600      46.93
   1249.89832    0.9768200      46.92
   1249.90015    0.9770700      46.93
   1249.90198    0.9774300      46.95
   1249.90381    0.9774700      46.95
   1249.90552    0.9772600      46.94
   1249.90735    0.9772500      46.94
   1249.90918    0.9775300      46.95
   1249.91101    0.9776700      46.96
   1249.91284    0.9774300      46.95
   1249.91455    0.9771700      46.93
   1249.91638    0.9773900      46.95
   1249.91821    0.9778900      46.97
   1249.92004    0.9780700      46.98
   1249.92175    0.9777100      46.96
   1249.92358    0.9772200      46.94
   1249.92542    0.9769200      46.92
   1249.92725    0.9767000      46.91
   1249.92908    0.9763700      46.90
   1249.93079    0.9760000      46.88
   1249.93262    0.9757500      46.87
   1249.93445    0.9755200      46.85
   1249.93628    0.9751200      46.83
   1249.93799    0.9747100      46.81
   1249.93982    0.9747100      46.81
   1249.94165    0.9752800      46.84
   1249.94348    0.9761000      46.88
   1249.94531    0.9766200      46.91
   1249.94702    0.9765100      46.90
   1249.94885    0.9757700      46.86
   1249.95068    0.9747000      46.81
   1249.95251    0.9736400      46.76
   1249.95422    0.9728500      46.72
   1249.95605    0.9723200      46.70
   1249.95789    0.9718900      46.68
   1249.95972    0.9714200      46.65
   1249.96155    0.9707700      46.62
   1249.96326    0.9698200      46.58
   1249.96509    0.9685600      46.52
   1249.96692    0.9671400      46.45
   1249.96875    0.9657000      46.38
   1249.97046    0.9639900      46.30
   1249.97229    0.9615600      46.18
   1249.97412    0.9582600      46.02
   1249.97595    0.9545000      45.84
   1249.97778    0.9508200      45.66
   1249.97949    0.9473900      45.50
   1249.98132    0.9440500      45.34
   1249.98315    0.9407300      45.18
   1249.98499    0.9377600      45.04
   1249.98669    0.9357200      44.94
   1249.98853    0.9350700      44.91
   1249.99036    0.9358600      44.94
   1249.99219    0.9377000      45.03
   1249.99402    0.9401400      45.15
   1249.99573    0.9429700      45.29
   1249.99756    0.9462300      45.44
   1249.99939    0.9498300      45.61
   1250.00122    0.9534600      45.79
   1250.00293    0.9567700      45.95
   1250.00476    0.9596900      46.09
   1250.00659    0.9622500      46.21
   1250.00842    0.9643500      46.31
   1250.01025    0.9658500      46.38
   1250.01196    0.9669500      46.44
   1250.01379    0.9680700      46.49
   1250.01562    0.9693900      46.55
   1250.01746    0.9706700      46.61
   1250.01917    0.9715800      46.66
   1250.02100    0.9720600      46.68
   1250.02283    0.9722900      46.69
   1250.02466    0.9725200      46.70
   1250.02649    0.9728800      46.72
   1250.02820    0.9732800      46.74
   1250.03003    0.9734500      46.75
   1250.03186    0.9732700      46.74
   1250.03369    0.9730100      46.73
   1250.03540    0.9730900      46.73
   1250.03723    0.9734700      46.75
   1250.03906    0.9736400      46.76
   1250.04089    0.9733700      46.74
   1250.04272    0.9731600      46.73
   1250.04443    0.9736000      46.75
   1250.04626    0.9745100      46.80
   1250.04810    0.9751600      46.83
   1250.04993    0.9753200      46.84
   1250.05164    0.9753800      46.84
   1250.05347    0.9756400      46.85
   1250.05530    0.9758100      46.86
   1250.05713    0.9755700      46.85
   1250.05896    0.9751600      46.83
   1250.06067    0.9750600      46.82
   1250.06250    0.9752900      46.83
   1250.06433    0.9754900      46.84
   1250.06616    0.9754900      46.84
   1250.06787    0.9755300      46.84
   1250.06970    0.9759200      46.86
   1250.07153    0.9766400      46.90
   1250.07336    0.9773300      46.93
   1250.07520    0.9776400      46.94
   1250.07690    0.9774300      46.93
   1250.07874    0.9770000      46.91
   1250.08057    0.9769800      46.91
   1250.08240    0.9776800      46.95
   1250.08423    0.9785700      46.99
   1250.08594    0.9787900      47.00
   1250.08777    0.9782700      46.97
   1250.08960    0.9778100      46.95
   1250.09143    0.9779600      46.96
   1250.09314    0.9782300      46.97
   1250.09497    0.9778300      46.95
   1250.09680    0.9768800      46.91
   1250.09863    0.9762800      46.88
   1250.10046    0.9764500      46.89
   1250.10217    0.9767900      46.90
   1250.10400    0.9765900      46.89
   1250.10583    0.9759800      46.86
   1250.10767    0.9756200      46.84
   1250.10938    0.9757000      46.85
   1250.11121    0.9758800      46.86
   1250.11304    0.9759100      46.86
   1250.11487    0.9760700      46.87
   1250.11670    0.9765900      46.89
   1250.11841    0.9773200      46.93
   1250.12024    0.9779800      46.96
   1250.12207    0.9785400      46.98
   1250.12390    0.9791100      47.01
   1250.12561    0.9795800      47.03
   1250.12744    0.9797000      47.04
   1250.12927    0.9795000      47.03
   1250.13110    0.9793400      47.02
   1250.13293    0.9794500      47.03
   1250.13464    0.9797000      47.04
   1250.13647    0.9798100      47.04
   1250.13831    0.9797500      47.04
   1250.14014    0.9796800      47.04
   1250.14197    0.9796400      47.04
   1250.14368    0.9795200      47.03
   1250.14551    0.9793200      47.02
   1250.14734    0.9792800      47.02
   1250.14917    0.9794700      47.03
   1250.15088    0.9796200      47.03
   1250.15271    0.9793700      47.02
   1250.15454    0.9787600      46.99
   1250.15637    0.9783400      46.97
   1250.15820    0.9785700      46.98
   1250.15991    0.9793000      47.02
   1250.16174    0.9799600      47.05
   1250.16357    0.9801700      47.06
   1250.16541    0.9800100      47.05
   1250.16711    0.9797800      47.04
   1250.16895    0.9796200      47.03
   1250.17078    0.9795500      47.03
   1250.17261    0.9795500      47.03
   1250.17444    0.9795900      47.03
   1250.17615    0.9795900      47.03
   1250.17798    0.9795100      47.03
   1250.17981    0.9795300      47.03
   1250.18164    0.9798300      47.04
   1250.18347    0.9802600      47.06
   1250.18518    0.9804400      47.07
   1250.18701    0.9801900      47.06
   1250.18884    0.9797900      47.04
   1250.19067    0.9795900      47.03
   1250.19238    0.9794800      47.02
   1250.19421    0.9791300      47.01
   1250.19604    0.9785500      46.98
   1250.19788    0.9781400      46.96
   1250.19971    0.9781100      46.96
   1250.20142    0.9781500      46.96
   1250.20325    0.9779800      46.95
   1250.20508    0.9777800      46.94
   1250.20691    0.9779900      46.95
   1250.20862    0.9786200      46.98
   1250.21045    0.9792100      47.01
   1250.21228    0.9794100      47.02
   1250.21411    0.9793500      47.02
   1250.21594    0.9793000      47.01
   1250.21765    0.9792700      47.01
   1250.21948    0.9791100      47.00
   1250.22131    0.9788800      46.99
   1250.22314    0.9787300      46.99
   1250.22498    0.9786400      46.98
   1250.22668    0.9785000      46.97
   1250.22852    0.9784100      46.97
   1250.23035    0.9784800      46.97
   1250.23218    0.9785500      46.98
   1250.23389    0.9782900      46.96
   1250.23572    0.9777500      46.94
   1250.23755    0.9774400      46.92
   1250.23938    0.9776400      46.93
   1250.24121    0.9779200      46.94
   1250.24292    0.9777300      46.94
   1250.24475    0.9771700      46.91
   1250.24658    0.9767600      46.89
   1250.24841    0.9765500      46.88
   1250.25012    0.9760000      46.85
   1250.25195    0.9749400      46.80
   1250.25378    0.9740300      46.76
   1250.25562    0.9739500      46.75
   1250.25745    0.9745200      46.78
   1250.25916    0.9750000      46.80
   1250.26099    0.9751400      46.81
   1250.26282    0.9752800      46.82
   1250.26465    0.9755900      46.83
   1250.26648    0.9758000      46.84
   1250.26819    0.9757100      46.84
   1250.27002    0.9756300      46.83
   1250.27185    0.9758700      46.84
   1250.27368    0.9762500      46.86
   1250.27539    0.9764200      46.87
   1250.27722    0.9764600      46.87
   1250.27905    0.9766300      46.88
   1250.28088    0.9767900      46.89
   1250.28271    0.9765300      46.87
   1250.28442    0.9759200      46.85
   1250.28625    0.9755100      46.83
   1250.28809    0.9754600      46.82
   1250.28992    0.9751800      46.81
   1250.29175    0.9740300      46.75
   1250.29346    0.9721700      46.66
   1250.29529    0.9702900      46.57
   1250.29712    0.9686800      46.50
   1250.29895    0.9669700      46.41
   1250.30066    0.9647900      46.31
   1250.30249    0.9622000      46.19
   1250.30432    0.9596100      46.06
   1250.30615    0.9573900      45.95
   1250.30798    0.9558800      45.88
   1250.30969    0.9553200      45.85
   1250.31152    0.9557800      45.88
   1250.31335    0.9570900      45.94
   1250.31519    0.9590100      46.03
   1250.31702    0.9613200      46.14
   1250.31873    0.9638700      46.26
   1250.32056    0.9664100      46.39
   1250.32239    0.9687300      46.50
   1250.32422    0.9706500      46.59
   1250.32593    0.9720600      46.66
   1250.32776    0.9729400      46.70
   1250.32959    0.9734700      46.72
   1250.33142    0.9739600      46.75
   1250.33325    0.9745000      46.77
   1250.33496    0.9748600      46.79
   1250.33679    0.9748700      46.79
   1250.33862    0.9747600      46.79
   1250.34045    0.9748700      46.79
   1250.34229    0.9751600      46.80
   1250.34399    0.9752200      46.81
   1250.34583    0.9747600      46.78
   1250.34766    0.9739500      46.75
   1250.34949    0.9730800      46.70
   1250.35132    0.9721800      46.66
   1250.35303    0.9710900      46.61
   1250.35486    0.9697300      46.54
   1250.35669    0.9682300      46.47
   1250.35852    0.9668500      46.40
   1250.36023    0.9658200      46.35
   1250.36206    0.9651500      46.32
   1250.36389    0.9646500      46.30
   1250.36572    0.9641100      46.27
   1250.36755    0.9636700      46.25
   1250.36926    0.9637300      46.25
   1250.37109    0.9644600      46.29
   1250.37292    0.9656600      46.35
   1250.37476    0.9669300      46.41
   1250.37659    0.9681400      46.46
   1250.37830    0.9693000      46.52
   1250.38013    0.9703700      46.57
   1250.38196    0.9713200      46.62
   1250.38379    0.9722200      46.66
   1250.38550    0.9731700      46.71
   1250.38733    0.9740800      46.75
   1250.38916    0.9747400      46.78
   1250.39099    0.9751000      46.80
   1250.39282    0.9753200      46.81
   1250.39453    0.9755100      46.82
   1250.39636    0.9757100      46.83
   1250.39819    0.9759600      46.84
   1250.40002    0.9763100      46.85
   1250.40186    0.9766500      46.87
   1250.40356    0.9768200      46.88
   1250.40540    0.9768300      46.88
   1250.40723    0.9768600      46.88
   1250.40906    0.9769500      46.88
   1250.41077    0.9769500      46.88
   1250.41260    0.9767900      46.88
   1250.41443    0.9766600      46.87
   1250.41626    0.9766700      46.87
   1250.41809    0.9767600      46.88
   1250.41980    0.9768500      46.88
   1250.42163    0.9770900      46.89
   1250.42346    0.9775600      46.91
   1250.42529    0.9780600      46.94
   1250.42712    0.9783200      46.95
   1250.42883    0.9784000      46.95
   1250.43066    0.9785100      46.96
   1250.43250    0.9786200      46.96
   1250.43433    0.9785200      46.96
   1250.43616    0.9782700      46.95
   1250.43787    0.9781400      46.94
   1250.43970    0.9781300      46.94
   1250.44153    0.9779200      46.93
   1250.44336    0.9775300      46.91
   1250.44507    0.9774700      46.91
   1250.44690    0.9780500      46.93
   1250.44873    0.9788200      46.97
   1250.45056    0.9790500      46.98
   1250.45239    0.9787000      46.97
   1250.45410    0.9783700      46.95
   1250.45593    0.9784500      46.95
   1250.45776    0.9786300      46.96
   1250.45959    0.9784600      46.95
   1250.46143    0.9780400      46.93
   1250.46313    0.9778700      46.92
   1250.46497    0.9781800      46.94
   1250.46680    0.9786300      46.96
   1250.46863    0.9788100      46.97
   1250.47046    0.9787100      46.96
   1250.47217    0.9785800      46.96
   1250.47400    0.9785400      46.96
   1250.47583    0.9784500      46.95
   1250.47766    0.9782200      46.94
   1250.47937    0.9780200      46.93
   1250.48120    0.9780700      46.93
   1250.48303    0.9782700      46.94
   1250.48486    0.9783100      46.94
   1250.48669    0.9781200      46.93
   1250.48840    0.9780800      46.93
   1250.49023    0.9784200      46.95
   1250.49207    0.9788000      46.97
   1250.49390    0.9787200      46.96
   1250.49573    0.9781800      46.94
   1250.49744    0.9777100      46.91
   1250.49927    0.9776200      46.91
   1250.50110    0.9776900      46.91
   1250.50293    0.9776100      46.91
   1250.50476    0.9774700      46.90
   1250.50647    0.9775100      46.90
   1250.50830    0.9777800      46.92
   1250.51013    0.9780800      46.93
   1250.51196    0.9783800      46.95
   1250.51379    0.9786700      46.96
   1250.51550    0.9788100      46.97
   1250.51733    0.9786900      46.96
   1250.51917    0.9786400      46.96
   1250.52100    0.9790300      46.98
   1250.52271    0.9796500      47.01
   1250.52454    0.9797300      47.01
   1250.52637    0.9789600      46.97
   1250.52820    0.9779700      46.92
   1250.53003    0.9776300      46.91
   1250.53174    0.9780300      46.93
   1250.53357    0.9785300      46.95
   1250.53540    0.9786300      46.96
   1250.53723    0.9783700      46.94
   1250.53906    0.9780100      46.93
   1250.54077    0.9777800      46.91
   1250.54260    0.9779300      46.92
   1250.54443    0.9784900      46.95
   1250.54626    0.9790200      46.97
   1250.54810    0.9789300      46.97
   1250.54980    0.9782400      46.94
   1250.55164    0.9776400      46.91
   1250.55347    0.9776900      46.91
   1250.55530    0.9781100      46.93
   1250.55701    0.9783200      46.94
   1250.55884    0.9782000      46.93
   1250.56067    0.9781300      46.93
   1250.56250    0.9782600      46.94
   1250.56433    0.9783800      46.94
   1250.56604    0.9783900      46.94
   1250.56787    0.9784900      46.95
   1250.56970    0.9786800      46.96
   1250.57153    0.9786300      46.95
   1250.57336    0.9781500      46.93
   1250.57507    0.9776500      46.91
   1250.57690    0.9776800      46.91
   1250.57874    0.9781900      46.93
   1250.58057    0.9786300      46.95
   1250.58240    0.9786800      46.95
   1250.58411    0.9785800      46.95
   1250.58594    0.9786600      46.95
   1250.58777    0.9787800      46.96
   1250.58960    0.9786000      46.95
   1250.59143    0.9782100      46.93
   1250.59314    0.9781200      46.93
   1250.59497    0.9785700      46.95
   1250.59680    0.9791800      46.98
   1250.59863    0.9794200      46.99
   1250.60046    0.9792400      46.98
   1250.60217    0.9789600      46.97
   1250.60400    0.9787400      46.96
   1250.60583    0.9783700      46.94
   1250.60767    0.9777200      46.91
   1250.60938    0.9770700      46.87
   1250.61121    0.9767700      46.86
   1250.61304    0.9767600      46.86
   1250.61487    0.9767200      46.86
   1250.61670    0.9765000      46.85
   1250.61841    0.9763300      46.84
   1250.62024    0.9764500      46.84
   1250.62207    0.9767300      46.86
   1250.62390    0.9768700      46.86
   1250.62573    0.9766700      46.85
   1250.62744    0.9762600      46.83
   1250.62927    0.9759900      46.82
   1250.63110    0.9761000      46.83
   1250.63293    0.9764200      46.84
   1250.63477    0.9765500      46.85
   1250.63647    0.9763400      46.84
   1250.63831    0.9761000      46.83
   1250.64014    0.9762500      46.83
   1250.64197    0.9767800      46.86
   1250.64380    0.9774000      46.89
   1250.64551    0.9779000      46.91
   1250.64734    0.9782700      46.93
   1250.64917    0.9784900      46.94
   1250.65100    0.9785300      46.94
   1250.65283    0.9785500      46.94
   1250.65454    0.9786800      46.95
   1250.65637    0.9787800      46.95
   1250.65820    0.9786600      46.95
   1250.66003    0.9785000      46.94
   1250.66174    0.9785600      46.94
   1250.66357    0.9786300      46.95
   1250.66541    0.9782400      46.93
   1250.66724    0.9776100      46.90
   1250.66907    0.9774600      46.89
   1250.67078    0.9779400      46.91
   1250.67261    0.9783100      46.93
   1250.67444    0.9781000      46.92
   1250.67627    0.9778100      46.90
   1250.67810    0.9780300      46.92
   1250.67981    0.9784500      46.94
   1250.68164    0.9784300      46.93
   1250.68347    0.9779600      46.91
   1250.68530    0.9775200      46.89
   1250.68713    0.9773300      46.88
   1250.68884    0.9773200      46.88
   1250.69067    0.9774700      46.89
   1250.69250    0.9775300      46.89
   1250.69434    0.9770600      46.87
   1250.69617    0.9761500      46.82
   1250.69788    0.9756500      46.80
   1250.69971    0.9758900      46.81
   1250.70154    0.9760100      46.82
   1250.70337    0.9754700      46.79
   1250.70520    0.9751400      46.77
   1250.70691    0.9757300      46.80
   1250.70874    0.9761100      46.82
   1250.71057    0.9749600      46.77
   1250.71240    0.9732800      46.68
   1250.71423    0.9729600      46.67
   1250.71594    0.9734900      46.69
   1250.71777    0.9729500      46.67
   1250.71960    0.9717100      46.61
   1250.72144    0.9720200      46.62
   1250.72327    0.9736200      46.70
   1250.72498    0.9736300      46.70
   1250.72681    0.9717000      46.61
   1250.72864    0.9711000      46.58
   1250.73047    0.9728700      46.66
   1250.73218    0.9734800      46.69
   1250.73401    0.9711000      46.58
   1250.73584    0.9694900      46.50
   1250.73767    0.9714900      46.60
   1250.73950    0.9731600      46.68
   1250.74121    0.9704900      46.55
   1250.74304    0.9673500      46.40
   1250.74487    0.9692600      46.49
   1250.74670    0.9725600      46.65
   1250.74854    0.9696900      46.51
   1250.75024    0.9632800      46.20
   1250.75208    0.9627000      46.17
   1250.75391    0.9659400      46.33
   1250.75574    0.9598900      46.04
   1250.75757    0.9431200      45.23
   1250.75928    0.9303800      44.62
   1250.76111    0.9219500      44.22
   1250.76294    0.8866900      42.53
   1250.76477    0.8015400      38.44
   1250.76660    0.7018200      33.66
   1250.76831    0.6618600      31.74
   1250.77014    0.7153100      34.31
   1250.77197    0.8161700      39.14
   1250.77380    0.8923700      42.80
   1250.77563    0.9205400      44.15
   1250.77734    0.9294700      44.58
   1250.77917    0.9452300      45.33
   1250.78101    0.9617700      46.13
   1250.78284    0.9655400      46.31
   1250.78467    0.9618100      46.13
   1250.78638    0.9635600      46.21
   1250.78821    0.9702400      46.53
   1250.79004    0.9725000      46.64
   1250.79187    0.9697800      46.51
   1250.79370    0.9697100      46.51
   1250.79541    0.9739400      46.71
   1250.79724    0.9762900      46.82
   1250.79907    0.9744100      46.73
   1250.80090    0.9732100      46.67
   1250.80273    0.9755300      46.79
   1250.80444    0.9776300      46.89
   1250.80627    0.9764100      46.83
   1250.80811    0.9745600      46.74
   1250.80994    0.9752400      46.77
   1250.81177    0.9768000      46.85
   1250.81348    0.9763900      46.83
   1250.81531    0.9750300      46.76
   1250.81714    0.9753400      46.78
   1250.81897    0.9768100      46.85
   1250.82080    0.9770900      46.86
   1250.82251    0.9762800      46.82
   1250.82434    0.9764500      46.83
   1250.82617    0.9777800      46.89
   1250.82800    0.9783900      46.92
   1250.82983    0.9776700      46.89
   1250.83154    0.9771200      46.86
   1250.83337    0.9776400      46.88
   1250.83521    0.9781500      46.91
   1250.83704    0.9775600      46.88
   1250.83887    0.9764000      46.82
   1250.84058    0.9758100      46.80
   1250.84241    0.9759500      46.80
   1250.84424    0.9762400      46.82
   1250.84607    0.9763600      46.82
   1250.84790    0.9763800      46.82
   1250.84961    0.9764300      46.82
   1250.85144    0.9765400      46.83
   1250.85327    0.9764000      46.82
   1250.85510    0.9754700      46.78
   1250.85693    0.9737100      46.69
   1250.85864    0.9722000      46.62
   1250.86047    0.9723000      46.63
   1250.86230    0.9739600      46.71
   1250.86414    0.9756900      46.79
   1250.86597    0.9763200      46.82
   1250.86768    0.9762200      46.81
   1250.86951    0.9762600      46.82
   1250.87134    0.9766200      46.83
   1250.87317    0.9768300      46.84
   1250.87500    0.9768400      46.84
   1250.87671    0.9769900      46.85
   1250.87854    0.9773700      46.87
   1250.88037    0.9776800      46.88
   1250.88220    0.9776800      46.88
   1250.88403    0.9774900      46.87
   1250.88574    0.9773400      46.87
   1250.88757    0.9773700      46.87
   1250.88940    0.9775400      46.88
   1250.89124    0.9776800      46.88
   1250.89307    0.9776500      46.88
   1250.89478    0.9775700      46.88
   1250.89661    0.9777500      46.88
   1250.89844    0.9782900      46.91
   1250.90027    0.9787400      46.93
   1250.90210    0.9786400      46.93
   1250.90381    0.9781400      46.90
   1250.90564    0.9777900      46.89
   1250.90747    0.9778000      46.89
   1250.90930    0.9778100      46.89
   1250.91113    0.9775200      46.87
   1250.91284    0.9771800      46.86
   1250.91467    0.9772500      46.86
   1250.91650    0.9777900      46.88
   1250.91833    0.9783500      46.91
   1250.92017    0.9785900      46.92
   1250.92188    0.9785400      46.92
   1250.92371    0.9785300      46.92
   1250.92554    0.9787000      46.93
   1250.92737    0.9788900      46.94
   1250.92920    0.9789700      46.94
   1250.93091    0.9789700      46.94
   1250.93274    0.9790500      46.94
   1250.93457    0.9791800      46.95
   1250.93640    0.9790800      46.95
   1250.93823    0.9785600      46.92
   1250.93994    0.9777500      46.88
   1250.94177    0.9770900      46.85
   1250.94360    0.9769300      46.84
   1250.94543    0.9772400      46.86
   1250.94727    0.9776400      46.88
   1250.94897    0.9776800      46.88
   1250.95081    0.9772800      46.86
   1250.95264    0.9768000      46.83
   1250.95447    0.9766900      46.83
   1250.95630    0.9769500      46.84
   1250.95801    0.9771300      46.85
   1250.95984    0.9768800      46.84
   1250.96167    0.9762800      46.81
   1250.96350    0.9756600      46.78
   1250.96533    0.9751800      46.76
   1250.96704    0.9747600      46.74
   1250.96887    0.9742500      46.71
   1250.97070    0.9736200      46.68
   1250.97253    0.9729100      46.65
   1250.97437    0.9722300      46.61
   1250.97607    0.9717900      46.59
   1250.97791    0.9716000      46.58
   1250.97974    0.9713200      46.57
   1250.98157    0.9705200      46.53
   1250.98340    0.9690900      46.46
   1250.98511    0.9673300      46.38
   1250.98694    0.9655200      46.29
   1250.98877    0.9637800      46.21
   1250.99060    0.9622900      46.14
   1250.99243    0.9613700      46.09
   1250.99414    0.9611100      46.08
   1250.99597    0.9611900      46.08
   1250.99780    0.9613100      46.09
   1250.99963    0.9616400      46.10
   1251.00146    0.9624800      46.14
   1251.00317    0.9636600      46.20
   1251.00500    0.9646400      46.25
   1251.00684    0.9652600      46.28
   1251.00867    0.9660500      46.31
   1251.01050    0.9675000      46.38
   1251.01221    0.9693800      46.47
   1251.01404    0.9710100      46.55
   1251.01587    0.9720400      46.60
   1251.01770    0.9725700      46.63
   1251.01953    0.9727500      46.64
   1251.02124    0.9725800      46.63
   1251.02307    0.9722800      46.61
   1251.02490    0.9723000      46.61
   1251.02673    0.9726800      46.63
   1251.02856    0.9727600      46.63
   1251.03027    0.9718700      46.59
   1251.03210    0.9700900      46.51
   1251.03394    0.9680900      46.41
   1251.03577    0.9661200      46.32
   1251.03760    0.9635700      46.19
   1251.03931    0.9597900      46.01
   1251.04114    0.9550100      45.78
   1251.04297    0.9500300      45.54
   1251.04480    0.9452000      45.31
   1251.04663    0.9401600      45.07
   1251.04834    0.9347400      44.81
   1251.05017    0.9297000      44.57
   1251.05200    0.9262300      44.40
   1251.05383    0.9249200      44.34
   1251.05566    0.9253400      44.36
   1251.05737    0.9268800      44.43
   1251.05920    0.9293800      44.55
   1251.06104    0.9330200      44.73
   1251.06287    0.9375600      44.94
   1251.06470    0.9424000      45.18
   1251.06641    0.9470600      45.40
   1251.06824    0.9515700      45.62
   1251.07007    0.9560400      45.83
   1251.07190    0.9602400      46.03
   1251.07373    0.9638100      46.20
   1251.07544    0.9666700      46.34
   1251.07727    0.9690500      46.45
   1251.07910    0.9710200      46.55
   1251.08093    0.9724000      46.61
   1251.08276    0.9731500      46.65
   1251.08459    0.9735800      46.67
   1251.08630    0.9739700      46.69
   1251.08813    0.9742600      46.70
   1251.08997    0.9742700      46.70
   1251.09180    0.9741300      46.70
   1251.09363    0.9741600      46.70
   1251.09534    0.9743700      46.71
   1251.09717    0.9745100      46.71
   1251.09900    0.9744400      46.71
   1251.10083    0.9744000      46.71
   1251.10266    0.9746200      46.72
   1251.10437    0.9750400      46.74
   1251.10620    0.9754300      46.76
   1251.10803    0.9756700      46.77
   1251.10986    0.9757700      46.77
   1251.11169    0.9757500      46.77
   1251.11340    0.9756600      46.77
   1251.11523    0.9756300      46.77
   1251.11707    0.9756600      46.77
   1251.11890    0.9755700      46.76
   1251.12073    0.9752100      46.75
   1251.12244    0.9747600      46.72
   1251.12427    0.9745500      46.71
   1251.12610    0.9745200      46.71
   1251.12793    0.9743500      46.70
   1251.12976    0.9739400      46.68
   1251.13147    0.9735000      46.66
   1251.13330    0.9731100      46.64
   1251.13513    0.9724000      46.61
   1251.13696    0.9711200      46.55
   1251.13879    0.9695800      46.47
   1251.14050    0.9683000      46.41
   1251.14233    0.9673200      46.37
   1251.14417    0.9663800      46.32
   1251.14600    0.9656200      46.28
   1251.14783    0.9654900      46.28
   1251.14954    0.9659600      46.30
   1251.15137    0.9663800      46.32
   1251.15320    0.9664200      46.32
   1251.15503    0.9666500      46.33
   1251.15686    0.9676800      46.38
   1251.15869    0.9692000      46.45
   1251.16040    0.9703000      46.51
   1251.16223    0.9707300      46.53
   1251.16406    0.9711600      46.55
   1251.16589    0.9720200      46.59
   1251.16772    0.9729400      46.63
   1251.16943    0.9734900      46.66
   1251.17126    0.9739000      46.68
   1251.17310    0.9745300      46.71
   1251.17493    0.9751600      46.74
   1251.17676    0.9753400      46.75
   1251.17847    0.9752400      46.74
   1251.18030    0.9754300      46.75
   1251.18213    0.9759900      46.78
   1251.18396    0.9762900      46.79
   1251.18579    0.9760700      46.78
   1251.18750    0.9758300      46.77
   1251.18933    0.9760800      46.78
   1251.19116    0.9765500      46.80
   1251.19299    0.9766900      46.81
   1251.19482    0.9764500      46.80
   1251.19653    0.9762500      46.79
   1251.19836    0.9762400      46.79
   1251.20020    0.9760900      46.78
   1251.20203    0.9756100      46.76
   1251.20386    0.9749400      46.73
   1251.20569    0.9742200      46.69
   1251.20740    0.9733800      46.65
   1251.20923    0.9724000      46.60
   1251.21106    0.9714700      46.56
   1251.21289    0.9706100      46.52
   1251.21472    0.9695000      46.46
   1251.21643    0.9678400      46.38
   1251.21826    0.9658300      46.29
   1251.22009    0.9639800      46.20
   1251.22192    0.9625800      46.13
   1251.22375    0.9615800      46.08
   1251.22546    0.9609000      46.05
   1251.22729    0.9605400      46.03
   1251.22913    0.9605400      46.03
   1251.23096    0.9609500      46.05
   1251.23279    0.9618000      46.09
   1251.23450    0.9629600      46.15
   1251.23633    0.9640400      46.20
   1251.23816    0.9648100      46.24
   1251.23999    0.9655300      46.27
   1251.24182    0.9667500      46.33
   1251.24353    0.9684600      46.41
   1251.24536    0.9699600      46.48
   1251.24719    0.9706700      46.52
   1251.24902    0.9708300      46.53
   1251.25085    0.9712100      46.54
   1251.25256    0.9721100      46.59
   1251.25439    0.9731000      46.63
   1251.25623    0.9737000      46.66
   1251.25806    0.9739200      46.67
   1251.25989    0.9741500      46.68
   1251.26172    0.9745300      46.70
   1251.26343    0.9749000      46.72
   1251.26526    0.9751800      46.73
   1251.26709    0.9755700      46.75
   1251.26892    0.9762700      46.78
   1251.27075    0.9771600      46.83
   1251.27246    0.9777700      46.86
   1251.27429    0.9777900      46.86
   1251.27612    0.9773400      46.83
   1251.27795    0.9768100      46.81
   1251.27979    0.9764500      46.79
   1251.28149    0.9762500      46.78
   1251.28333    0.9761600      46.78
   1251.28516    0.9762400      46.78
   1251.28699    0.9765400      46.80
   1251.28882    0.9769100      46.81
   1251.29053    0.9771400      46.82
   1251.29236    0.9772200      46.83
   1251.29419    0.9773000      46.83
   1251.29602    0.9774100      46.84
   1251.29785    0.9773200      46.83
   1251.29968    0.9768500      46.81
   1251.30139    0.9761700      46.78
   1251.30322    0.9756600      46.75
   1251.30505    0.9755400      46.75
   1251.30688    0.9756900      46.75
   1251.30872    0.9757700      46.76
   1251.31042    0.9754400      46.74
   1251.31226    0.9745400      46.70
   1251.31409    0.9731300      46.63
   1251.31592    0.9713700      46.55
   1251.31775    0.9693000      46.45
   1251.31946    0.9667900      46.33
   1251.32129    0.9637900      46.18
   1251.32312    0.9606800      46.03
   1251.32495    0.9580100      45.90
   1251.32678    0.9560900      45.81
   1251.32849    0.9548000      45.75
   1251.33032    0.9540700      45.72
   1251.33215    0.9541600      45.72
   1251.33398    0.9553700      45.78
   1251.33582    0.9575800      45.88
   1251.33765    0.9602100      46.01
   1251.33936    0.9627100      46.13
   1251.34119    0.9648700      46.23
   1251.34302    0.9668300      46.33
   1251.34485    0.9688200      46.42
   1251.34668    0.9709200      46.52
   1251.34839    0.9728600      46.61
   1251.35022    0.9741500      46.68
   1251.35205    0.9746000      46.70
   1251.35388    0.9746400      46.70
   1251.35571    0.9749300      46.71
   1251.35742    0.9755500      46.74
   1251.35925    0.9760100      46.76
   1251.36108    0.9760300      46.77
   1251.36292    0.9760500      46.77
   1251.36475    0.9765200      46.79
   1251.36646    0.9771700      46.82
   1251.36829    0.9773200      46.83
   1251.37012    0.9768900      46.81
   1251.37195    0.9765000      46.79
   1251.37378    0.9765700      46.79
   1251.37561    0.9767700      46.80
   1251.37732    0.9766600      46.79
   1251.37915    0.9763800      46.78
   1251.38098    0.9764100      46.78
   1251.38281    0.9767700      46.80
   1251.38464    0.9770400      46.81
   1251.38635    0.9770100      46.81
   1251.38818    0.9769300      46.81
   1251.39001    0.9769400      46.81
   1251.39185    0.9767500      46.80
   1251.39368    0.9760600      46.76
   1251.39539    0.9751600      46.72
   1251.39722    0.9746000      46.69
   1251.39905    0.9745100      46.69
   1251.40088    0.9744400      46.69
   1251.40271    0.9739200      46.66
   1251.40454    0.9730400      46.62
   1251.40625    0.9723300      46.58
   1251.40808    0.9721400      46.58
   1251.40991    0.9723100      46.58
   1251.41174    0.9724500      46.59
   1251.41357    0.9723600      46.59
   1251.41528    0.9721700      46.58
   1251.41711    0.9721200      46.57
   1251.41895    0.9722200      46.58
   1251.42078    0.9723200      46.58
   1251.42261    0.9724000      46.59
   1251.42432    0.9726800      46.60
   1251.42615    0.9733500      46.63
   1251.42798    0.9742300      46.67
   1251.42981    0.9749100      46.71
   1251.43164    0.9752400      46.72
   1251.43347    0.9755300      46.74
   1251.43518    0.9760900      46.76
   1251.43701    0.9767800      46.80
   1251.43884    0.9770800      46.81
   1251.44067    0.9766700      46.79
   1251.44250    0.9758100      46.75
   1251.44421    0.9750500      46.71
   1251.44604    0.9747700      46.70
   1251.44788    0.9749200      46.71
   1251.44971    0.9752400      46.72
   1251.45154    0.9755200      46.73
   1251.45325    0.9757100      46.74
   1251.45508    0.9757600      46.74
   1251.45691    0.9756400      46.74
   1251.45874    0.9755000      46.73
   1251.46057    0.9756200      46.74
   1251.46240    0.9760500      46.76
   1251.46411    0.9764500      46.78
   1251.46594    0.9764300      46.78
   1251.46777    0.9760100      46.76
   1251.46960    0.9756100      46.74
   1251.47144    0.9755700      46.73
   1251.47314    0.9757900      46.74
   1251.47498    0.9759900      46.75
   1251.47681    0.9761000      46.76
   1251.47864    0.9761600      46.76
   1251.48047    0.9761000      46.76
   1251.48218    0.9758600      46.75
   1251.48401    0.9756800      46.74
   1251.48584    0.9759100      46.75
   1251.48767    0.9765000      46.78
   1251.48950    0.9768700      46.80
   1251.49133    0.9766600      46.79
   1251.49304    0.9761900      46.76
   1251.49487    0.9760900      46.76
   1251.49670    0.9763900      46.77
   1251.49854    0.9765400      46.78
   1251.50037    0.9762200      46.76
   1251.50208    0.9758500      46.75
   1251.50391    0.9759400      46.75
   1251.50574    0.9763400      46.77
   1251.50757    0.9764500      46.77
   1251.50940    0.9761600      46.76
   1251.51123    0.9759900      46.75
   1251.51294    0.9763000      46.77
   1251.51477    0.9767500      46.79
   1251.51660    0.9768400      46.79
   1251.51843    0.9766400      46.78
   1251.52026    0.9766200      46.78
   1251.52197    0.9768500      46.79
   1251.52380    0.9769200      46.80
   1251.52563    0.9767000      46.78
   1251.52747    0.9766900      46.78
   1251.52930    0.9772700      46.81
   1251.53101    0.9779900      46.85
   1251.53284    0.9781200      46.85
   1251.53467    0.9776100      46.83
   1251.53650    0.9771500      46.81
   1251.53833    0.9771400      46.80
   1251.54016    0.9771900      46.81
   1251.54187    0.9769200      46.79
   1251.54370    0.9767000      46.78
   1251.54553    0.9770700      46.80
   1251.54736    0.9778200      46.84
   1251.54919    0.9780900      46.85
   1251.55090    0.9775300      46.82
   1251.55273    0.9767100      46.78
   1251.55457    0.9763400      46.76
   1251.55640    0.9764600      46.77
   1251.55823    0.9767000      46.78
   1251.56006    0.9768600      46.79
   1251.56177    0.9769500      46.79
   1251.56360    0.9768100      46.79
   1251.56543    0.9763100      46.76
   1251.56726    0.9757000      46.73
   1251.56909    0.9754700      46.72
   1251.57080    0.9756600      46.73
   1251.57263    0.9758100      46.74
   1251.57446    0.9755800      46.73
   1251.57629    0.9751300      46.71
   1251.57812    0.9746900      46.68
   1251.57983    0.9741900      46.66
   1251.58167    0.9734700      46.63
   1251.58350    0.9727000      46.59
   1251.58533    0.9722000      46.56
   1251.58716    0.9720600      46.56
   1251.58899    0.9721900      46.56
   1251.59070    0.9725900      46.58
   1251.59253    0.9732600      46.61
   1251.59436    0.9738000      46.64
   1251.59619    0.9736800      46.63
   1251.59802    0.9728800      46.60
   1251.59973    0.9719700      46.55
   1251.60156    0.9713400      46.52
   1251.60339    0.9708200      46.50
   1251.60522    0.9702800      46.47
   1251.60706    0.9700300      46.46
   1251.60889    0.9704000      46.48
   1251.61060    0.9710500      46.51
   1251.61243    0.9714000      46.52
   1251.61426    0.9714300      46.52
   1251.61609    0.9716300      46.53
   1251.61792    0.9721100      46.56
   1251.61963    0.9723600      46.57
   1251.62146    0.9721600      46.56
   1251.62329    0.9719800      46.55
   1251.62512    0.9723300      46.57
   1251.62695    0.9729400      46.60
   1251.62878    0.9732300      46.61
   1251.63049    0.9731600      46.61
   1251.63232    0.9732300      46.61
   1251.63416    0.9735700      46.63
   1251.63599    0.9737700      46.64
   1251.63782    0.9736600      46.63
   1251.63953    0.9736700      46.63
   1251.64136    0.9741100      46.65
   1251.64319    0.9746200      46.68
   1251.64502    0.9746000      46.67
   1251.64685    0.9741500      46.65
   1251.64868    0.9739200      46.64
   1251.65039    0.9741500      46.65
   1251.65222    0.9742900      46.66
   1251.65405    0.9737800      46.63
   1251.65588    0.9728800      46.59
   1251.65771    0.9724400      46.57
   1251.65942    0.9728800      46.59
   1251.66125    0.9736600      46.63
   1251.66309    0.9739100      46.64
   1251.66492    0.9733500      46.61
   1251.66675    0.9725700      46.58
   1251.66858    0.9723000      46.56
   1251.67029    0.9725700      46.58
   1251.67212    0.9727500      46.58
   1251.67395    0.9724400      46.57
   1251.67578    0.9719900      46.55
   1251.67761    0.9719800      46.55
   1251.67932    0.9725900      46.58
   1251.68115    0.9734700      46.62
   1251.68298    0.9743500      46.66
   1251.68481    0.9751800      46.70
   1251.68665    0.9758400      46.73
   1251.68848    0.9760800      46.74
   1251.69019    0.9759400      46.74
   1251.69202    0.9758600      46.73
   1251.69385    0.9761200      46.74
   1251.69568    0.9763600      46.75
   1251.69751    0.9761700      46.75
   1251.69922    0.9757300      46.72
   1251.70105    0.9756000      46.72
   1251.70288    0.9758100      46.73
   1251.70471    0.9757800      46.73
   1251.70654    0.9752500      46.70
   1251.70837    0.9747000      46.67
   1251.71008    0.9746800      46.67
   1251.71191    0.9749400      46.69
   1251.71375    0.9748100      46.68
   1251.71558    0.9740700      46.64
   1251.71741    0.9732500      46.60
   1251.71912    0.9728200      46.58
   1251.72095    0.9727500      46.58
   1251.72278    0.9728100      46.58
   1251.72461    0.9729800      46.59
   1251.72644    0.9733000      46.61
   1251.72827    0.9736500      46.62
   1251.72998    0.9738600      46.63
   1251.73181    0.9740700      46.64
   1251.73364    0.9744900      46.66
   1251.73547    0.9749200      46.68
   1251.73730    0.9749400      46.68
   1251.73901    0.9744400      46.66
   1251.74084    0.9738800      46.63
   1251.74268    0.9737600      46.63
   1251.74451    0.9740500      46.64
   1251.74634    0.9742400      46.65
   1251.74817    0.9739400      46.63
   1251.74988    0.9732000      46.60
   1251.75171    0.9723800      46.56
   1251.75354    0.9717700      46.53
   1251.75537    0.9713800      46.51
   1251.75720    0.9711100      46.50
   1251.75891    0.9709400      46.49
   1251.76074    0.9709900      46.49
   1251.76257    0.9714300      46.51
   1251.76440    0.9722100      46.55
   1251.76624    0.9730500      46.59
   1251.76807    0.9736600      46.62
   1251.76978    0.9739900      46.64
   1251.77161    0.9741400      46.64
   1251.77344    0.9742700      46.65
   1251.77527    0.9743800      46.65
   1251.77710    0.9744500      46.66
   1251.77893    0.9744900      46.66
   1251.78064    0.9744900      46.66
   1251.78247    0.9744600      46.66
   1251.78430    0.9744600      46.66
   1251.78613    0.9746200      46.66
   1251.78796    0.9749700      46.68
   1251.78967    0.9753300      46.70
   1251.79150    0.9754600      46.70
   1251.79333    0.9752700      46.69
   1251.79517    0.9749300      46.68
   1251.79700    0.9746800      46.67
   1251.79883    0.9746300      46.66
   1251.80054    0.9746600      46.66
   1251.80237    0.9745400      46.66
   1251.80420    0.9741700      46.64
   1251.80603    0.9736700      46.62
   1251.80786    0.9731700      46.59
   1251.80957    0.9726800      46.57
   1251.81140    0.9721700      46.54
   1251.81323    0.9717900      46.53
   1251.81506    0.9718300      46.53
   1251.81689    0.9723300      46.55
   1251.81873    0.9729500      46.58
   1251.82043    0.9733300      46.60
   1251.82227    0.9734700      46.61
   1251.82410    0.9736100      46.61
   1251.82593    0.9738600      46.62
   1251.82776    0.9740600      46.63
   1251.82959    0.9740800      46.63
   1251.83130    0.9739800      46.63
   1251.83313    0.9739000      46.63
   1251.83496    0.9739100      46.63
   1251.83679    0.9740800      46.63
   1251.83862    0.9744300      46.65
   1251.84033    0.9747900      46.67
   1251.84216    0.9748500      46.67
   1251.84399    0.9744900      46.65
   1251.84583    0.9739900      46.63
   1251.84766    0.9736100      46.61
   1251.84949    0.9732400      46.59
   1251.85120    0.9725700      46.56
   1251.85303    0.9716800      46.52
   1251.85486    0.9709000      46.48
   1251.85669    0.9703600      46.45
   1251.85852    0.9698200      46.43
   1251.86023    0.9691300      46.40
   1251.86206    0.9685400      46.37
   1251.86389    0.9683400      46.36
   1251.86572    0.9685000      46.36
   1251.86755    0.9687800      46.38
   1251.86938    0.9691300      46.39
   1251.87109    0.9696300      46.42
   1251.87292    0.9702000      46.45
   1251.87476    0.9706700      46.47
   1251.87659    0.9710100      46.48
   1251.87842    0.9713900      46.50
   1251.88025    0.9718900      46.53
   1251.88196    0.9723900      46.55
   1251.88379    0.9728200      46.57
   1251.88562    0.9732200      46.59
   1251.88745    0.9736200      46.61
   1251.88928    0.9739200      46.62
   1251.89099    0.9740700      46.63
   1251.89282    0.9742000      46.64
   1251.89465    0.9743400      46.64
   1251.89648    0.9744000      46.64
   1251.89832    0.9743100      46.64
   1251.90015    0.9742600      46.64
   1251.90186    0.9744800      46.65
   1251.90369    0.9748900      46.67
   1251.90552    0.9751700      46.68
   1251.90735    0.9752000      46.68
   1251.90918    0.9751800      46.68
   1251.91101    0.9753600      46.69
   1251.91272    0.9757500      46.71
   1251.91455    0.9761000      46.72
   1251.91638    0.9761700      46.73
   1251.91821    0.9759600      46.72
   1251.92004    0.9757200      46.71
   1251.92175    0.9756900      46.70
   1251.92358    0.9758000      46.71
   1251.92542    0.9757800      46.71
   1251.92725    0.9755200      46.70
   1251.92908    0.9753300      46.69
   1251.93091    0.9755300      46.70
   1251.93262    0.9759000      46.71
   1251.93445    0.9758800      46.71
   1251.93628    0.9752500      46.68
   1251.93811    0.9744600      46.64
   1251.93994    0.9740600      46.63
   1251.94177    0.9741700      46.63
   1251.94348    0.9746200      46.65
   1251.94531    0.9752600      46.68
   1251.94714    0.9758900      46.71
   1251.94897    0.9761200      46.72
   1251.95081    0.9757700      46.71
   1251.95264    0.9753000      46.68
   1251.95435    0.9754600      46.69
   1251.95618    0.9763800      46.74
   1251.95801    0.9772600      46.78
   1251.95984    0.9773500      46.78
   1251.96167    0.9768300      46.76
   1251.96338    0.9764100      46.74
   1251.96521    0.9764000      46.74
   1251.96704    0.9764500      46.74
   1251.96887    0.9762300      46.73
   1251.97070    0.9758600      46.71
   1251.97253    0.9756600      46.70
   1251.97424    0.9755800      46.70
   1251.97607    0.9753400      46.68
   1251.97791    0.9748500      46.66
   1251.97974    0.9743900      46.64
   1251.98157    0.9742700      46.63
   1251.98340    0.9744200      46.64
   1251.98511    0.9745500      46.65
   1251.98694    0.9745300      46.64
   1251.98877    0.9745500      46.64
   1251.99060    0.9748100      46.66
   1251.99243    0.9752100      46.68
   1251.99414    0.9755300      46.69
   1251.99597    0.9757000      46.70
   1251.99780    0.9758200      46.70
   1251.99963    0.9759000      46.71
   1252.00146    0.9758400      46.71
   1252.00330    0.9756600      46.70
   1252.00500    0.9756600      46.70
   1252.00684    0.9760500      46.72
   1252.00867    0.9766800      46.75
   1252.01050    0.9771500      46.77
   1252.01233    0.9772500      46.77
   1252.01416    0.9770000      46.76
   1252.01587    0.9766300      46.74
   1252.01770    0.9764000      46.73
   1252.01953    0.9764600      46.73
   1252.02136    0.9766000      46.74
   1252.02319    0.9763800      46.73
   1252.02502    0.9756700      46.70
   1252.02673    0.9749900      46.66
   1252.02856    0.9750100      46.66
   1252.03040    0.9756300      46.69
   1252.03223    0.9761100      46.72
   1252.03406    0.9759900      46.71
   1252.03577    0.9757100      46.70
   1252.03760    0.9758200      46.70
   1252.03943    0.9761800      46.72
   1252.04126    0.9762100      46.72
   1252.04309    0.9757600      46.70
   1252.04492    0.9752500      46.67
   1252.04663    0.9750200      46.66
   1252.04846    0.9748900      46.66
   1252.05029    0.9746900      46.65
   1252.05212    0.9746000      46.64
   1252.05396    0.9747600      46.65
   1252.05579    0.9749300      46.66
   1252.05750    0.9747600      46.65
   1252.05933    0.9743900      46.63
   1252.06116    0.9742600      46.63
   1252.06299    0.9745700      46.64
   1252.06482    0.9750500      46.66
   1252.06665    0.9753700      46.68
   1252.06836    0.9754100      46.68
   1252.07019    0.9751800      46.67
   1252.07202    0.9748000      46.65
   1252.07385    0.9745200      46.64
   1252.07568    0.9745400      46.64
   1252.07751    0.9747200      46.65
   1252.07922    0.9746400      46.64
   1252.08105    0.9742400      46.62
   1252.08289    0.9739900      46.61
   1252.08472    0.9742200      46.62
   1252.08655    0.9745900      46.64
   1252.08826    0.9744700      46.63
   1252.09009    0.9738700      46.60
   1252.09192    0.9733600      46.58
   1252.09375    0.9732800      46.58
   1252.09558    0.9733800      46.58
   1252.09741    0.9733200      46.58
   1252.09912    0.9732200      46.57
