   1260.00098    0.9552000      45.11
   1260.00281    0.9554600      45.12
   1260.00464    0.9551100      45.10
   1260.00647    0.9542300      45.06
   1260.00830    0.9532000      45.01
   1260.01013    0.9523300      44.97
   1260.01196    0.9516800      44.94
   1260.01379    0.9511200      44.91
   1260.01562    0.9504800      44.88
   1260.01746    0.9495300      44.84
   1260.01929    0.9481200      44.77
   1260.02112    0.9463300      44.69
   1260.02295    0.9447200      44.61
   1260.02478    0.9438600      44.57
   1260.02661    0.9436400      44.56
   1260.02844    0.9434500      44.55
   1260.03027    0.9431400      44.53
   1260.03210    0.9433400      44.54
   1260.03394    0.9443800      44.59
   1260.03577    0.9456400      44.65
   1260.03760    0.9465200      44.69
   1260.03943    0.9473200      44.73
   1260.04126    0.9485200      44.79
   1260.04309    0.9495800      44.84
   1260.04492    0.9498300      44.85
   1260.04675    0.9498600      44.85
   1260.04858    0.9506800      44.89
   1260.05042    0.9519700      44.95
   1260.05225    0.9525400      44.98
   1260.05408    0.9525800      44.98
   1260.05591    0.9533500      45.01
   1260.05774    0.9545900      45.07
   1260.05957    0.9544900      45.07
   1260.06140    0.9528600      44.99
   1260.06323    0.9518800      44.94
   1260.06506    0.9524900      44.97
   1260.06689    0.9527700      44.99
   1260.06873    0.9515000      44.93
   1260.07056    0.9506600      44.89
   1260.07239    0.9519400      44.95
   1260.07422    0.9532500      45.01
   1260.07605    0.9521100      44.95
   1260.07788    0.9502200      44.86
   1260.07971    0.9505800      44.88
   1260.08154    0.9519100      44.94
   1260.08337    0.9507700      44.89
   1260.08521    0.9481600      44.77
   1260.08704    0.9480500      44.76
   1260.08887    0.9498000      44.84
   1260.09070    0.9485800      44.79
   1260.09253    0.9443400      44.59
   1260.09436    0.9428100      44.51
   1260.09619    0.9452000      44.63
   1260.09814    0.9450700      44.62
   1260.09998    0.9396500      44.36
   1260.10181    0.9357200      44.18
   1260.10364    0.9376200      44.27
   1260.10547    0.9380300      44.29
   1260.10730    0.9302500      43.92
   1260.10913    0.9214400      43.50
   1260.11096    0.9202100      43.45
   1260.11279    0.9177900      43.33
   1260.11462    0.8997500      42.48
   1260.11646    0.8723400      41.18
   1260.11829    0.8524000      40.24
   1260.12012    0.8266600      39.03
   1260.12195    0.7523000      35.52
   1260.12378    0.6210500      29.32
   1260.12561    0.5014700      23.67
   1260.12744    0.4820700      22.76
   1260.12927    0.5736000      27.08
   1260.13110    0.6970600      32.91
   1260.13293    0.7729800      36.49
   1260.13477    0.7950200      37.53
   1260.13660    0.8044200      37.98
   1260.13843    0.8219000      38.80
   1260.14026    0.8334400      39.35
   1260.14209    0.8288900      39.13
   1260.14392    0.8210500      38.76
   1260.14575    0.8225200      38.83
   1260.14758    0.8274900      39.07
   1260.14941    0.8263700      39.01
   1260.15125    0.8228300      38.84
   1260.15308    0.8253200      38.96
   1260.15491    0.8322600      39.29
   1260.15674    0.8368700      39.51
   1260.15857    0.8398000      39.65
   1260.16040    0.8468200      39.98
   1260.16223    0.8576800      40.49
   1260.16406    0.8667800      40.92
   1260.16589    0.8730600      41.22
   1260.16772    0.8808400      41.58
   1260.16956    0.8912200      42.07
   1260.17139    0.9000400      42.49
   1260.17322    0.9053300      42.74
   1260.17505    0.9103000      42.97
   1260.17688    0.9172300      43.30
   1260.17871    0.9236200      43.60
   1260.18054    0.9270500      43.76
   1260.18237    0.9292900      43.87
   1260.18420    0.9328500      44.04
   1260.18604    0.9367700      44.22
   1260.18787    0.9389500      44.32
   1260.18970    0.9400700      44.38
   1260.19165    0.9421300      44.47
   1260.19348    0.9448500      44.60
   1260.19531    0.9463800      44.67
   1260.19714    0.9466900      44.69
   1260.19897    0.9473300      44.72
   1260.20081    0.9485600      44.78
   1260.20264    0.9491500      44.80
   1260.20447    0.9489300      44.79
   1260.20630    0.9491900      44.81
   1260.20813    0.9503600      44.86
   1260.20996    0.9511600      44.90
   1260.21179    0.9507300      44.88
   1260.21362    0.9499400      44.84
   1260.21545    0.9498800      44.84
   1260.21729    0.9502800      44.86
   1260.21912    0.9504000      44.86
   1260.22095    0.9504100      44.86
   1260.22278    0.9509400      44.89
   1260.22461    0.9517400      44.93
   1260.22644    0.9519600      44.94
   1260.22827    0.9514600      44.91
   1260.23010    0.9511200      44.90
   1260.23193    0.9516200      44.92
   1260.23376    0.9525600      44.96
   1260.23560    0.9530500      44.99
   1260.23743    0.9528400      44.98
   1260.23926    0.9524800      44.96
   1260.24109    0.9524400      44.96
   1260.24292    0.9525600      44.96
   1260.24475    0.9524600      44.96
   1260.24658    0.9522000      44.95
   1260.24841    0.9521200      44.94
   1260.25024    0.9522500      44.95
   1260.25208    0.9522300      44.95
   1260.25391    0.9519500      44.93
   1260.25574    0.9517900      44.93
   1260.25757    0.9519700      44.93
   1260.25940    0.9522600      44.95
   1260.26123    0.9524000      44.95
   1260.26306    0.9526800      44.97
   1260.26489    0.9533600      45.00
   1260.26672    0.9540400      45.03
   1260.26855    0.9540900      45.03
   1260.27039    0.9536000      45.01
   1260.27222    0.9532300      44.99
   1260.27405    0.9533200      45.00
   1260.27600    0.9535500      45.01
   1260.27783    0.9535700      45.01
   1260.27966    0.9534500      45.00
   1260.28149    0.9532900      44.99
   1260.28333    0.9530400      44.98
   1260.28516    0.9528500      44.97
   1260.28699    0.9531300      44.99
   1260.28882    0.9538300      45.02
   1260.29065    0.9542500      45.04
   1260.29248    0.9538700      45.02
   1260.29431    0.9531500      44.99
   1260.29614    0.9529000      44.97
   1260.29797    0.9531900      44.99
   1260.29980    0.9533200      44.99
   1260.30164    0.9528200      44.97
   1260.30347    0.9519400      44.93
   1260.30530    0.9511500      44.89
   1260.30713    0.9507000      44.87
   1260.30896    0.9506500      44.87
   1260.31079    0.9510300      44.89
   1260.31262    0.9516200      44.91
   1260.31445    0.9519700      44.93
   1260.31628    0.9519300      44.93
   1260.31812    0.9517800      44.92
   1260.31995    0.9518300      44.92
   1260.32178    0.9520700      44.93
   1260.32361    0.9522600      44.94
   1260.32544    0.9523400      44.95
   1260.32727    0.9523200      44.94
   1260.32910    0.9520900      44.93
   1260.33093    0.9515700      44.91
   1260.33276    0.9508700      44.88
   1260.33459    0.9500700      44.84
   1260.33643    0.9491300      44.79
   1260.33826    0.9482000      44.75
   1260.34009    0.9478200      44.73
   1260.34192    0.9482300      44.75
   1260.34375    0.9488300      44.78
   1260.34558    0.9487200      44.77
   1260.34741    0.9480400      44.74
   1260.34924    0.9478700      44.73
   1260.35107    0.9487800      44.78
   1260.35291    0.9499900      44.83
   1260.35486    0.9504400      44.85
   1260.35669    0.9500600      44.84
   1260.35852    0.9495200      44.81
   1260.36035    0.9491100      44.79
   1260.36218    0.9485400      44.76
   1260.36401    0.9477100      44.72
   1260.36584    0.9469600      44.69
   1260.36768    0.9465100      44.67
   1260.36951    0.9462200      44.65
   1260.37134    0.9458500      44.64
   1260.37317    0.9453400      44.61
   1260.37500    0.9445200      44.57
   1260.37683    0.9430700      44.50
   1260.37866    0.9406500      44.39
   1260.38049    0.9371800      44.23
   1260.38232    0.9330600      44.03
   1260.38416    0.9293800      43.86
   1260.38599    0.9272600      43.76
   1260.38782    0.9266800      43.73
   1260.38965    0.9263500      43.71
   1260.39148    0.9255600      43.68
   1260.39331    0.9253300      43.67
   1260.39514    0.9267300      43.73
   1260.39697    0.9287300      43.83
   1260.39880    0.9294600      43.86
   1260.40063    0.9291000      43.84
   1260.40247    0.9295100      43.86
   1260.40430    0.9308500      43.93
   1260.40613    0.9312800      43.95
   1260.40796    0.9301600      43.89
   1260.40979    0.9291200      43.84
   1260.41162    0.9286500      43.82
   1260.41345    0.9266700      43.73
   1260.41528    0.9223200      43.52
   1260.41711    0.9181300      43.32
   1260.41895    0.9157400      43.21
   1260.42078    0.9125300      43.06
   1260.42261    0.9060000      42.75
   1260.42444    0.8983200      42.39
   1260.42639    0.8920100      42.09
   1260.42822    0.8839300      41.71
   1260.43005    0.8694000      41.02
   1260.43188    0.8496800      40.09
   1260.43372    0.8277400      39.06
   1260.43555    0.7983400      37.67
   1260.43738    0.7516400      35.47
   1260.43921    0.6850900      32.33
   1260.44104    0.5988500      28.26
   1260.44287    0.4807800      22.69
   1260.44470    0.3201200      15.11
   1260.44653    0.1497100       7.06
   1260.44836    0.0518700       2.45
   1260.45020    0.0900300       4.25
   1260.45203    0.2373700      11.20
   1260.45386    0.4007600      18.91
   1260.45569    0.5165700      24.37
   1260.45752    0.5921600      27.94
   1260.45935    0.6454600      30.46
   1260.46118    0.6482500      30.59
   1260.46301    0.5700800      26.90
   1260.46484    0.4571500      21.57
   1260.46667    0.4136100      19.52
   1260.46851    0.4916500      23.20
   1260.47034    0.6351100      29.97
   1260.47217    0.7501600      35.40
   1260.47400    0.8041400      37.94
   1260.47583    0.8305500      39.19
   1260.47766    0.8604600      40.60
   1260.47949    0.8875000      41.87
   1260.48132    0.8979100      42.37
   1260.48315    0.8995400      42.44
   1260.48499    0.9069400      42.79
   1260.48682    0.9181600      43.32
   1260.48865    0.9227800      43.54
   1260.49048    0.9215200      43.48
   1260.49231    0.9232800      43.56
   1260.49426    0.9291600      43.84
   1260.49609    0.9323400      43.99
   1260.49792    0.9312300      43.94
   1260.49976    0.9315000      43.95
   1260.50159    0.9354800      44.14
   1260.50342    0.9387800      44.29
   1260.50525    0.9387400      44.29
   1260.50708    0.9384700      44.28
   1260.50891    0.9405200      44.37
   1260.51074    0.9427000      44.48
   1260.51257    0.9428700      44.48
   1260.51440    0.9428500      44.48
   1260.51624    0.9445100      44.56
   1260.51807    0.9460500      44.63
   1260.51990    0.9453900      44.60
   1260.52173    0.9440600      44.54
   1260.52356    0.9445200      44.56
   1260.52539    0.9459500      44.63
   1260.52722    0.9460300      44.63
   1260.52905    0.9451300      44.59
   1260.53088    0.9454200      44.60
   1260.53271    0.9468300      44.67
   1260.53455    0.9471800      44.69
   1260.53638    0.9460300      44.63
   1260.53821    0.9454300      44.60
   1260.54004    0.9464500      44.65
   1260.54187    0.9476100      44.71
   1260.54370    0.9475100      44.70
   1260.54553    0.9468300      44.67
   1260.54736    0.9468700      44.67
   1260.54919    0.9473800      44.69
   1260.55103    0.9474300      44.70
   1260.55286    0.9470900      44.68
   1260.55469    0.9471500      44.68
   1260.55652    0.9476800      44.71
   1260.55847    0.9481100      44.73
   1260.56030    0.9482600      44.74
   1260.56213    0.9485900      44.75
   1260.56396    0.9493400      44.79
   1260.56580    0.9501600      44.82
   1260.56763    0.9505800      44.84
   1260.56946    0.9504900      44.84
   1260.57129    0.9501000      44.82
   1260.57312    0.9497900      44.81
   1260.57495    0.9498600      44.81
   1260.57678    0.9501900      44.83
   1260.57861    0.9503400      44.83
   1260.58044    0.9501500      44.82
   1260.58228    0.9500600      44.82
   1260.58411    0.9504900      44.84
   1260.58594    0.9512100      44.87
   1260.58777    0.9516300      44.89
   1260.58960    0.9516300      44.89
   1260.59143    0.9516100      44.89
   1260.59326    0.9518000      44.90
   1260.59509    0.9519500      44.91
   1260.59692    0.9518700      44.90
   1260.59875    0.9516900      44.89
   1260.60059    0.9515800      44.89
   1260.60242    0.9514800      44.88
   1260.60425    0.9513300      44.88
   1260.60608    0.9512500      44.87
   1260.60791    0.9513300      44.88
   1260.60974    0.9514200      44.88
   1260.61157    0.9513400      44.88
   1260.61340    0.9511700      44.87
   1260.61523    0.9510700      44.86
   1260.61707    0.9509100      44.86
   1260.61890    0.9504000      44.83
   1260.62085    0.9494000      44.78
   1260.62268    0.9480300      44.72
   1260.62451    0.9464600      44.65
   1260.62634    0.9447300      44.56
   1260.62817    0.9430300      44.48
   1260.63000    0.9416600      44.42
   1260.63184    0.9408700      44.38
   1260.63367    0.9406000      44.37
   1260.63550    0.9405800      44.37
   1260.63733    0.9405100      44.36
   1260.63916    0.9401800      44.35
   1260.64099    0.9394500      44.31
   1260.64282    0.9384500      44.27
   1260.64465    0.9375200      44.22
   1260.64648    0.9369800      44.20
   1260.64832    0.9367700      44.19
   1260.65015    0.9364600      44.17
   1260.65198    0.9357900      44.14
   1260.65381    0.9351500      44.11
   1260.65564    0.9353700      44.12
   1260.65747    0.9369800      44.20
   1260.65930    0.9395800      44.32
   1260.66113    0.9422400      44.44
   1260.66296    0.9443200      44.54
   1260.66479    0.9458000      44.61
   1260.66663    0.9469200      44.66
   1260.66846    0.9478500      44.71
   1260.67029    0.9486300      44.74
   1260.67212    0.9492600      44.77
   1260.67395    0.9496200      44.79
   1260.67578    0.9496000      44.79
   1260.67773    0.9494400      44.78
   1260.67957    0.9494100      44.78
   1260.68140    0.9494500      44.78
   1260.68323    0.9491600      44.77
   1260.68506    0.9486700      44.75
   1260.68689    0.9487000      44.75
   1260.68872    0.9495900      44.79
   1260.69055    0.9507100      44.84
   1260.69238    0.9512200      44.87
   1260.69421    0.9511000      44.86
   1260.69604    0.9508900      44.85
   1260.69788    0.9507500      44.84
   1260.69971    0.9505800      44.83
   1260.70154    0.9504600      44.83
   1260.70337    0.9505800      44.83
   1260.70520    0.9507700      44.84
   1260.70703    0.9509100      44.85
   1260.70886    0.9512400      44.87
   1260.71069    0.9517800      44.89
   1260.71252    0.9517600      44.89
   1260.71436    0.9507000      44.84
   1260.71619    0.9496400      44.79
   1260.71802    0.9497900      44.80
   1260.71985    0.9506200      44.83
   1260.72168    0.9507300      44.84
   1260.72351    0.9502200      44.82
   1260.72534    0.9502700      44.82
   1260.72717    0.9505900      44.83
   1260.72900    0.9498000      44.80
   1260.73083    0.9485000      44.73
   1260.73267    0.9488600      44.75
   1260.73462    0.9505800      44.83
   1260.73645    0.9505500      44.83
   1260.73828    0.9480900      44.71
   1260.74011    0.9466000      44.64
   1260.74194    0.9478200      44.70
   1260.74377    0.9485100      44.73
   1260.74561    0.9461600      44.62
   1260.74744    0.9441400      44.53
   1260.74927    0.9458600      44.61
   1260.75110    0.9478800      44.70
   1260.75293    0.9453400      44.58
   1260.75476    0.9411600      44.39
   1260.75659    0.9416300      44.41
   1260.75842    0.9445500      44.55
   1260.76025    0.9420200      44.43
   1260.76208    0.9349000      44.09
   1260.76392    0.9325100      43.98
   1260.76575    0.9355300      44.12
   1260.76758    0.9327000      43.99
   1260.76941    0.9206200      43.42
   1260.77124    0.9119200      43.01
   1260.77307    0.9124900      43.03
   1260.77490    0.9059000      42.72
   1260.77673    0.8781000      41.41
   1260.77856    0.8429500      39.75
   1260.78040    0.8151200      38.44
   1260.78223    0.7653200      36.09
   1260.78406    0.6444100      30.39
   1260.78589    0.4677600      22.06
   1260.78784    0.3396300      16.02
   1260.78967    0.3575000      16.86
   1260.79150    0.5051500      23.82
   1260.79333    0.6723400      31.71
   1260.79517    0.7740900      36.50
   1260.79700    0.8172700      38.54
   1260.79883    0.8497600      40.07
   1260.80066    0.8863200      41.80
   1260.80249    0.9089000      42.86
   1260.80432    0.9125200      43.03
   1260.80615    0.9148300      43.14
   1260.80798    0.9255100      43.64
   1260.80981    0.9344100      44.06
   1260.81165    0.9336800      44.03
   1260.81348    0.9312200      43.91
   1260.81531    0.9352200      44.10
   1260.81714    0.9408900      44.37
   1260.81897    0.9410800      44.38
   1260.82080    0.9390100      44.28
   1260.82263    0.9410200      44.37
   1260.82446    0.9450400      44.56
   1260.82629    0.9452300      44.57
   1260.82812    0.9429600      44.47
   1260.82996    0.9439100      44.51
   1260.83179    0.9477800      44.69
   1260.83362    0.9492300      44.76
   1260.83545    0.9473700      44.67
   1260.83728    0.9468300      44.65
   1260.83923    0.9492100      44.76
   1260.84106    0.9506400      44.83
   1260.84290    0.9489100      44.75
   1260.84473    0.9469700      44.65
   1260.84656    0.9473800      44.67
   1260.84839    0.9481400      44.71
   1260.85022    0.9467900      44.64
   1260.85205    0.9448000      44.55
   1260.85388    0.9447100      44.55
   1260.85571    0.9458100      44.60
   1260.85754    0.9458500      44.60
   1260.85938    0.9450500      44.56
   1260.86121    0.9452800      44.57
   1260.86304    0.9464900      44.63
   1260.86487    0.9468700      44.65
   1260.86670    0.9461300      44.61
   1260.86853    0.9459600      44.60
   1260.87036    0.9472000      44.66
   1260.87219    0.9485600      44.73
   1260.87402    0.9488500      44.74
   1260.87585    0.9485700      44.73
   1260.87769    0.9488000      44.74
   1260.87952    0.9495800      44.77
   1260.88135    0.9502900      44.81
   1260.88318    0.9507700      44.83
   1260.88501    0.9511100      44.85
   1260.88684    0.9511600      44.85
   1260.88879    0.9507400      44.83
   1260.89062    0.9501800      44.80
   1260.89246    0.9499200      44.79
   1260.89429    0.9500000      44.79
   1260.89612    0.9502200      44.80
   1260.89795    0.9505500      44.82
   1260.89978    0.9510300      44.84
   1260.90161    0.9514100      44.86
   1260.90344    0.9513700      44.86
   1260.90527    0.9510500      44.84
   1260.90710    0.9509100      44.83
   1260.90894    0.9510400      44.84
   1260.91077    0.9510200      44.84
   1260.91260    0.9505800      44.82
   1260.91443    0.9500800      44.79
   1260.91626    0.9500600      44.79
   1260.91809    0.9504500      44.81
   1260.91992    0.9505900      44.82
   1260.92175    0.9502100      44.80
   1260.92358    0.9498300      44.78
   1260.92542    0.9500000      44.79
   1260.92725    0.9504800      44.81
   1260.92908    0.9505600      44.82
   1260.93091    0.9501300      44.80
   1260.93274    0.9498500      44.78
   1260.93457    0.9501800      44.80
   1260.93640    0.9507900      44.83
   1260.93835    0.9512100      44.85
   1260.94019    0.9514800      44.86
   1260.94202    0.9518200      44.87
   1260.94385    0.9520100      44.88
   1260.94568    0.9517500      44.87
   1260.94751    0.9513600      44.85
   1260.94934    0.9514300      44.86
   1260.95117    0.9518800      44.88
   1260.95300    0.9520400      44.88
   1260.95483    0.9516400      44.87
   1260.95667    0.9512200      44.85
   1260.95850    0.9511600      44.84
   1260.96033    0.9511500      44.84
   1260.96216    0.9508800      44.83
   1260.96399    0.9507300      44.82
   1260.96582    0.9510300      44.84
   1260.96765    0.9512200      44.84
   1260.96948    0.9504400      44.81
   1260.97131    0.9488300      44.73
   1260.97314    0.9475400      44.67
   1260.97498    0.9474200      44.66
   1260.97681    0.9482300      44.70
   1260.97864    0.9493400      44.76
   1260.98047    0.9503100      44.80
   1260.98230    0.9508600      44.83
   1260.98413    0.9506800      44.82
   1260.98608    0.9498300      44.78
   1260.98792    0.9488900      44.73
   1260.98975    0.9483500      44.71
   1260.99158    0.9480100      44.69
   1260.99341    0.9474800      44.67
   1260.99524    0.9468500      44.64
   1260.99707    0.9466200      44.63
   1260.99890    0.9469300      44.64
   1261.00073    0.9472600      44.66
   1261.00256    0.9470900      44.65
   1261.00439    0.9463700      44.61
   1261.00623    0.9454200      44.57
   1261.00806    0.9445100      44.53
   1261.00989    0.9436600      44.49
   1261.01172    0.9429300      44.45
   1261.01355    0.9424100      44.43
   1261.01538    0.9421700      44.41
   1261.01721    0.9420600      44.41
   1261.01904    0.9419000      44.40
   1261.02087    0.9417900      44.40
   1261.02271    0.9419800      44.40
   1261.02454    0.9424900      44.43
   1261.02637    0.9429700      44.45
   1261.02820    0.9433000      44.47
   1261.03003    0.9438400      44.49
   1261.03198    0.9448900      44.54
   1261.03381    0.9459700      44.59
   1261.03564    0.9464100      44.61
   1261.03748    0.9463600      44.61
   1261.03931    0.9464200      44.61
   1261.04114    0.9465900      44.62
   1261.04297    0.9464000      44.61
   1261.04480    0.9461500      44.60
   1261.04663    0.9466200      44.62
   1261.04846    0.9474300      44.66
   1261.05029    0.9472300      44.65
   1261.05212    0.9460300      44.59
   1261.05396    0.9456400      44.58
   1261.05579    0.9467600      44.63
   1261.05762    0.9475200      44.66
   1261.05945    0.9464900      44.61
   1261.06128    0.9452400      44.56
   1261.06311    0.9455400      44.57
   1261.06494    0.9459000      44.59
   1261.06677    0.9439200      44.49
   1261.06860    0.9408500      44.35
   1261.07043    0.9398600      44.30
   1261.07227    0.9404700      44.33
   1261.07410    0.9392500      44.27
   1261.07605    0.9361600      44.13
   1261.07788    0.9350100      44.07
   1261.07971    0.9366000      44.15
   1261.08154    0.9367700      44.15
   1261.08337    0.9338300      44.02
   1261.08521    0.9321300      43.94
   1261.08704    0.9344400      44.04
   1261.08887    0.9363700      44.14
   1261.09070    0.9338600      44.02
   1261.09253    0.9307500      43.87
   1261.09436    0.9318100      43.92
   1261.09619    0.9331900      43.99
   1261.09802    0.9289400      43.78
   1261.09985    0.9230100      43.51
   1261.10168    0.9234200      43.52
   1261.10352    0.9265100      43.67
   1261.10535    0.9209100      43.41
   1261.10718    0.9076800      42.78
   1261.10901    0.8998000      42.41
   1261.11084    0.8974500      42.30
   1261.11267    0.8827500      41.61
   1261.11450    0.8489400      40.01
   1261.11633    0.8129000      38.31
   1261.11816    0.7773800      36.64
   1261.12012    0.7017600      33.08
   1261.12195    0.5503900      25.94
   1261.12378    0.3699100      17.43
   1261.12561    0.2762400      13.02
   1261.12744    0.3404600      16.05
   1261.12927    0.5106300      24.07
   1261.13110    0.6706500      31.61
   1261.13293    0.7586900      35.76
   1261.13477    0.7996300      37.69
   1261.13660    0.8362200      39.41
   1261.13843    0.8714600      41.07
   1261.14026    0.8881500      41.86
   1261.14209    0.8895600      41.93
   1261.14392    0.8941000      42.14
   1261.14575    0.9051600      42.66
   1261.14758    0.9106500      42.92
   1261.14941    0.9070600      42.75
   1261.15125    0.9043200      42.62
   1261.15308    0.9073900      42.76
   1261.15491    0.9092500      42.85
   1261.15674    0.9049700      42.65
   1261.15857    0.8997800      42.41
   1261.16040    0.8985800      42.35
   1261.16235    0.8976900      42.31
   1261.16418    0.8926100      42.07
   1261.16602    0.8863700      41.77
   1261.16785    0.8840100      41.66
   1261.16968    0.8845100      41.69
   1261.17151    0.8841100      41.67
   1261.17334    0.8836300      41.64
   1261.17517    0.8865300      41.78
   1261.17700    0.8922000      42.05
   1261.17883    0.8969700      42.27
   1261.18066    0.9003300      42.43
   1261.18250    0.9049100      42.65
   1261.18433    0.9110500      42.94
   1261.18616    0.9158900      43.16
   1261.18799    0.9184200      43.28
   1261.18982    0.9209700      43.40
   1261.19165    0.9250100      43.59
   1261.19348    0.9288300      43.77
   1261.19531    0.9307600      43.86
   1261.19714    0.9318800      43.92
   1261.19897    0.9337800      44.01
   1261.20081    0.9359700      44.11
   1261.20276    0.9371900      44.17
   1261.20459    0.9377000      44.19
   1261.20642    0.9385900      44.23
   1261.20825    0.9398400      44.29
   1261.21008    0.9406300      44.33
   1261.21191    0.9406500      44.33
   1261.21375    0.9399300      44.29
   1261.21558    0.9382000      44.21
   1261.21741    0.9357800      44.10
   1261.21924    0.9345000      44.04
   1261.22107    0.9360000      44.11
   1261.22290    0.9394600      44.27
   1261.22473    0.9423900      44.41
   1261.22656    0.9435200      44.46
   1261.22839    0.9438300      44.48
   1261.23022    0.9444900      44.51
   1261.23206    0.9452100      44.54
   1261.23389    0.9451600      44.54
   1261.23572    0.9444500      44.51
   1261.23755    0.9439900      44.48
   1261.23938    0.9442200      44.49
   1261.24121    0.9447800      44.52
   1261.24304    0.9451500      44.54
   1261.24500    0.9452600      44.54
   1261.24683    0.9453200      44.55
   1261.24866    0.9455700      44.56
   1261.25049    0.9460000      44.58
   1261.25232    0.9463100      44.59
   1261.25415    0.9461400      44.58
   1261.25598    0.9455000      44.55
   1261.25781    0.9449300      44.53
   1261.25964    0.9448300      44.52
   1261.26147    0.9450200      44.53
   1261.26331    0.9450400      44.53
   1261.26514    0.9447800      44.52
   1261.26697    0.9446000      44.51
   1261.26880    0.9447900      44.52
   1261.27063    0.9451600      44.54
   1261.27246    0.9453000      44.54
   1261.27429    0.9450300      44.53
   1261.27612    0.9444800      44.50
   1261.27795    0.9439400      44.48
   1261.27979    0.9435200      44.46
   1261.28162    0.9431700      44.44
   1261.28357    0.9427600      44.42
   1261.28540    0.9422800      44.40
   1261.28723    0.9418900      44.38
   1261.28906    0.9416300      44.37
   1261.29089    0.9412800      44.35
   1261.29272    0.9405100      44.32
   1261.29456    0.9393100      44.26
   1261.29639    0.9381500      44.20
   1261.29822    0.9375400      44.18
   1261.30005    0.9375700      44.18
   1261.30188    0.9378100      44.19
   1261.30371    0.9377800      44.19
   1261.30554    0.9373300      44.16
   1261.30737    0.9367100      44.14
   1261.30920    0.9362800      44.11
   1261.31104    0.9362900      44.12
   1261.31287    0.9367700      44.14
   1261.31470    0.9374500      44.17
   1261.31653    0.9378300      44.19
   1261.31836    0.9375300      44.17
   1261.32019    0.9366700      44.13
   1261.32214    0.9359000      44.10
   1261.32397    0.9357900      44.09
   1261.32581    0.9360100      44.10
   1261.32764    0.9355300      44.08
   1261.32947    0.9338300      44.00
   1261.33130    0.9315100      43.89
   1261.33313    0.9296900      43.80
   1261.33496    0.9286600      43.75
   1261.33679    0.9278100      43.71
   1261.33862    0.9266500      43.66
   1261.34045    0.9255000      43.60
   1261.34229    0.9248200      43.57
   1261.34412    0.9243000      43.55
   1261.34595    0.9231800      43.50
   1261.34778    0.9213100      43.41
   1261.34961    0.9193600      43.31
   1261.35144    0.9177900      43.24
   1261.35327    0.9161500      43.16
   1261.35510    0.9136100      43.04
   1261.35693    0.9099400      42.87
   1261.35876    0.9055000      42.66
   1261.36072    0.9004200      42.42
   1261.36255    0.8942500      42.13
   1261.36438    0.8867100      41.78
   1261.36621    0.8782200      41.38
   1261.36804    0.8693800      40.96
   1261.36987    0.8601700      40.52
   1261.37170    0.8502500      40.06
   1261.37354    0.8400300      39.58
   1261.37537    0.8307800      39.14
   1261.37720    0.8234100      38.79
   1261.37903    0.8176100      38.52
   1261.38086    0.8127800      38.29
   1261.38269    0.8090000      38.11
   1261.38452    0.8065600      38.00
   1261.38635    0.8049300      37.92
   1261.38818    0.8031500      37.84
   1261.39001    0.8010400      37.74
   1261.39185    0.7989800      37.64
   1261.39368    0.7966200      37.53
   1261.39551    0.7929800      37.36
   1261.39734    0.7879900      37.12
   1261.39929    0.7826800      36.87
   1261.40112    0.7774700      36.63
   1261.40295    0.7717100      36.36
   1261.40479    0.7654000      36.06
   1261.40662    0.7599500      35.80
   1261.40845    0.7561500      35.62
   1261.41028    0.7530400      35.48
   1261.41211    0.7500700      35.34
   1261.41394    0.7489400      35.28
   1261.41577    0.7511200      35.38
   1261.41760    0.7552700      35.58
   1261.41943    0.7595200      35.78
   1261.42126    0.7649900      36.04
   1261.42310    0.7739900      36.46
   1261.42493    0.7854200      37.00
   1261.42676    0.7958000      37.49
   1261.42859    0.8048000      37.91
   1261.43042    0.8154800      38.42
   1261.43225    0.8282600      39.02
   1261.43408    0.8394700      39.55
   1261.43604    0.8475100      39.92
   1261.43787    0.8555700      40.30
   1261.43970    0.8654000      40.77
   1261.44153    0.8733700      41.14
   1261.44336    0.8769000      41.31
   1261.44519    0.8797700      41.44
   1261.44702    0.8855900      41.72
   1261.44885    0.8905600      41.95
   1261.45068    0.8898600      41.92
   1261.45251    0.8871700      41.79
   1261.45435    0.8887500      41.87
   1261.45618    0.8910400      41.97
   1261.45801    0.8854600      41.71
   1261.45984    0.8743300      41.19
   1261.46167    0.8676700      40.87
   1261.46350    0.8626800      40.64
   1261.46533    0.8431600      39.72
   1261.46716    0.8054400      37.94
   1261.46899    0.7642100      36.00
   1261.47083    0.7165200      33.75
   1261.47278    0.6222300      29.31
   1261.47461    0.4550600      21.44
   1261.47644    0.2702000      12.73
   1261.47827    0.1819700       8.57
   1261.48010    0.2540000      11.96
   1261.48193    0.4317500      20.34
   1261.48376    0.6026400      28.39
   1261.48560    0.7060200      33.26
   1261.48743    0.7618900      35.89
   1261.48926    0.8082500      38.07
   1261.49109    0.8492100      40.00
   1261.49292    0.8712600      41.04
   1261.49475    0.8781600      41.36
   1261.49658    0.8862600      41.75
   1261.49841    0.8991300      42.35
   1261.50024    0.9071800      42.73
   1261.50208    0.9078400      42.76
   1261.50391    0.9094300      42.84
   1261.50574    0.9159700      43.14
   1261.50769    0.9215800      43.41
   1261.50952    0.9222500      43.44
   1261.51135    0.9224100      43.45
   1261.51318    0.9261300      43.62
   1261.51501    0.9303900      43.82
   1261.51685    0.9313300      43.87
   1261.51868    0.9309100      43.85
   1261.52051    0.9326600      43.93
   1261.52234    0.9352900      44.05
   1261.52417    0.9356800      44.07
   1261.52600    0.9346900      44.02
   1261.52783    0.9353800      44.06
   1261.52966    0.9376300      44.16
   1261.53149    0.9387300      44.21
   1261.53333    0.9382300      44.19
   1261.53516    0.9382500      44.19
   1261.53699    0.9394200      44.25
   1261.53882    0.9400900      44.28
   1261.54065    0.9397000      44.26
   1261.54260    0.9397100      44.26
   1261.54443    0.9407000      44.31
   1261.54626    0.9411600      44.33
   1261.54810    0.9401700      44.28
   1261.54993    0.9389400      44.22
   1261.55176    0.9387200      44.21
   1261.55359    0.9387800      44.21
   1261.55542    0.9379400      44.17
   1261.55725    0.9366600      44.11
   1261.55908    0.9361500      44.09
   1261.56091    0.9363700      44.10
   1261.56274    0.9362100      44.09
   1261.56458    0.9351900      44.04
   1261.56641    0.9337700      43.98
   1261.56824    0.9321200      43.90
   1261.57007    0.9296000      43.78
   1261.57190    0.9257300      43.60
   1261.57373    0.9207100      43.36
   1261.57556    0.9146900      43.08
   1261.57751    0.9070800      42.72
   1261.57935    0.8970800      42.25
   1261.58118    0.8845500      41.66
   1261.58301    0.8700900      40.98
   1261.58484    0.8544200      40.24
   1261.58667    0.8381300      39.47
   1261.58850    0.8222200      38.72
   1261.59033    0.8083900      38.07
   1261.59216    0.7985100      37.61
   1261.59399    0.7937100      37.38
   1261.59583    0.7941600      37.40
   1261.59766    0.7996700      37.66
   1261.59949    0.8098700      38.14
   1261.60132    0.8236500      38.79
   1261.60315    0.8389600      39.51
   1261.60498    0.8538500      40.21
   1261.60681    0.8676100      40.86
   1261.60864    0.8804900      41.47
   1261.61060    0.8923900      42.03
   1261.61243    0.9025500      42.50
   1261.61426    0.9105400      42.88
   1261.61609    0.9167300      43.17
   1261.61792    0.9216900      43.41
   1261.61975    0.9255400      43.59
   1261.62158    0.9281700      43.71
   1261.62341    0.9297600      43.78
   1261.62524    0.9306100      43.82
   1261.62708    0.9308500      43.84
   1261.62891    0.9307300      43.83
   1261.63074    0.9308200      43.83
   1261.63257    0.9315500      43.87
   1261.63440    0.9326900      43.92
   1261.63623    0.9336400      43.97
   1261.63806    0.9341900      43.99
   1261.63989    0.9345500      44.01
   1261.64172    0.9347600      44.02
   1261.64355    0.9346400      44.01
   1261.64551    0.9342600      43.99
   1261.64734    0.9340200      43.98
   1261.64917    0.9341600      43.99
   1261.65100    0.9344300      44.00
   1261.65283    0.9344800      44.00
   1261.65466    0.9343500      44.00
   1261.65649    0.9344100      44.00
   1261.65833    0.9348700      44.02
   1261.66016    0.9355800      44.06
   1261.66199    0.9362000      44.09
   1261.66382    0.9365000      44.10
   1261.66565    0.9366000      44.10
   1261.66748    0.9368400      44.11
   1261.66931    0.9373800      44.14
   1261.67114    0.9380900      44.17
   1261.67297    0.9387900      44.21
   1261.67480    0.9395000      44.24
   1261.67676    0.9404000      44.28
   1261.67859    0.9414300      44.33
   1261.68042    0.9423300      44.37
   1261.68225    0.9429700      44.40
   1261.68408    0.9435400      44.43
   1261.68591    0.9441800      44.46
   1261.68774    0.9446400      44.48
   1261.68958    0.9445900      44.48
   1261.69141    0.9440900      44.45
   1261.69324    0.9435700      44.43
   1261.69507    0.9433200      44.42
   1261.69690    0.9431300      44.41
   1261.69873    0.9426500      44.39
   1261.70056    0.9420300      44.36
   1261.70239    0.9417000      44.34
   1261.70422    0.9417100      44.34
   1261.70605    0.9415300      44.33
   1261.70789    0.9407900      44.30
   1261.70984    0.9397900      44.25
   1261.71167    0.9390700      44.22
   1261.71350    0.9385900      44.19
   1261.71533    0.9380400      44.17
   1261.71716    0.9376000      44.15
   1261.71899    0.9377900      44.16
   1261.72083    0.9384400      44.19
   1261.72266    0.9386800      44.20
   1261.72449    0.9383200      44.18
   1261.72632    0.9382800      44.18
   1261.72815    0.9392000      44.22
   1261.72998    0.9404900      44.28
   1261.73181    0.9412600      44.32
   1261.73364    0.9415400      44.33
   1261.73547    0.9417800      44.34
   1261.73730    0.9418000      44.34
   1261.73914    0.9412800      44.32
   1261.74097    0.9406900      44.29
   1261.74292    0.9406500      44.29
   1261.74475    0.9409300      44.30
   1261.74658    0.9409900      44.30
   1261.74841    0.9411600      44.31
   1261.75024    0.9418200      44.34
   1261.75208    0.9421500      44.36
   1261.75391    0.9413500      44.32
   1261.75574    0.9404500      44.28
   1261.75757    0.9409500      44.30
   1261.75940    0.9419300      44.35
   1261.76123    0.9412200      44.31
   1261.76306    0.9391300      44.22
   1261.76489    0.9381700      44.17
   1261.76672    0.9384900      44.19
   1261.76855    0.9373700      44.13
   1261.77039    0.9342600      43.99
   1261.77222    0.9324000      43.90
   1261.77417    0.9330400      43.93
   1261.77600    0.9325900      43.91
   1261.77783    0.9287100      43.72
   1261.77966    0.9250700      43.55
   1261.78149    0.9250700      43.55
   1261.78333    0.9250800      43.55
   1261.78516    0.9202300      43.32
   1261.78699    0.9137500      43.02
   1261.78882    0.9118000      42.93
   1261.79065    0.9114600      42.91
   1261.79248    0.9041200      42.57
   1261.79431    0.8904800      41.92
   1261.79614    0.8795400      41.41
   1261.79797    0.8699500      40.96
   1261.79980    0.8471900      39.88
   1261.80164    0.8059200      37.94
   1261.80347    0.7572200      35.65
   1261.80542    0.6984200      32.88
   1261.80725    0.5945800      27.99
   1261.80908    0.4228400      19.91
   1261.81091    0.2347800      11.05
   1261.81274    0.1392700       6.56
   1261.81458    0.2016800       9.49
   1261.81641    0.3759100      17.70
   1261.81824    0.5543300      26.10
   1261.82007    0.6716200      31.62
   1261.82190    0.7392600      34.80
   1261.82373    0.7921300      37.29
   1261.82556    0.8373100      39.42
   1261.82739    0.8640600      40.68
   1261.82922    0.8751000      41.20
   1261.83105    0.8849900      41.66
   1261.83289    0.8979000      42.27
   1261.83472    0.9061700      42.66
   1261.83667    0.9076700      42.73
   1261.83850    0.9098300      42.83
   1261.84033    0.9162100      43.13
   1261.84216    0.9215300      43.38
   1261.84399    0.9222600      43.42
   1261.84583    0.9226100      43.43
   1261.84766    0.9263200      43.61
   1261.84949    0.9303800      43.80
   1261.85132    0.9310600      43.83
   1261.85315    0.9303800      43.80
   1261.85498    0.9319500      43.87
   1261.85681    0.9347300      44.00
   1261.85864    0.9357200      44.05
   1261.86047    0.9355600      44.04
   1261.86230    0.9369300      44.10
   1261.86414    0.9395200      44.23
   1261.86609    0.9407500      44.28
   1261.86792    0.9405200      44.27
   1261.86975    0.9410100      44.30
   1261.87158    0.9425400      44.37
   1261.87341    0.9431100      44.39
   1261.87524    0.9422300      44.35
   1261.87708    0.9418000      44.33
   1261.87891    0.9426600      44.37
   1261.88074    0.9431600      44.40
   1261.88257    0.9422200      44.35
   1261.88440    0.9412300      44.31
   1261.88623    0.9416800      44.33
   1261.88806    0.9427000      44.37
   1261.88989    0.9427000      44.37
   1261.89172    0.9419300      44.34
   1261.89355    0.9417900      44.33
   1261.89539    0.9425400      44.37
   1261.89734    0.9432700      44.40
   1261.89917    0.9435200      44.41
   1261.90100    0.9436800      44.42
   1261.90283    0.9439900      44.43
   1261.90466    0.9442200      44.44
   1261.90649    0.9442800      44.45
   1261.90833    0.9443800      44.45
   1261.91016    0.9445400      44.46
   1261.91199    0.9446400      44.46
   1261.91382    0.9448800      44.48
   1261.91565    0.9455000      44.50
   1261.91748    0.9462600      44.54
   1261.91931    0.9465700      44.55
   1261.92114    0.9464000      44.55
   1261.92297    0.9462600      44.54
   1261.92480    0.9464300      44.55
   1261.92676    0.9465400      44.55
   1261.92859    0.9463200      44.54
   1261.93042    0.9459800      44.53
   1261.93225    0.9457700      44.52
   1261.93408    0.9455100      44.50
   1261.93591    0.9449500      44.48
   1261.93774    0.9442200      44.44
   1261.93958    0.9436300      44.41
   1261.94141    0.9431800      44.39
   1261.94324    0.9426300      44.37
   1261.94507    0.9417200      44.32
   1261.94690    0.9403300      44.26
   1261.94873    0.9384500      44.17
   1261.95056    0.9363500      44.07
   1261.95239    0.9343400      43.98
   1261.95422    0.9322900      43.88
   1261.95618    0.9294500      43.75
   1261.95801    0.9254800      43.56
   1261.95984    0.9215400      43.37
   1261.96167    0.9197500      43.29
   1261.96350    0.9211600      43.35
   1261.96533    0.9246000      43.52
   1261.96716    0.9278900      43.67
   1261.96899    0.9299800      43.77
   1261.97083    0.9315200      43.84
   1261.97266    0.9334400      43.93
   1261.97449    0.9356700      44.04
   1261.97632    0.9374500      44.12
   1261.97815    0.9383900      44.16
   1261.97998    0.9386900      44.18
   1261.98181    0.9387100      44.18
   1261.98364    0.9386800      44.18
   1261.98560    0.9387900      44.18
   1261.98743    0.9391700      44.20
   1261.98926    0.9395800      44.22
   1261.99109    0.9395800      44.22
   1261.99292    0.9391600      44.20
   1261.99475    0.9388900      44.19
   1261.99658    0.9392700      44.20
   1261.99841    0.9401200      44.24
   1262.00024    0.9409800      44.29
   1262.00208    0.9417200      44.32
   1262.00391    0.9425400      44.36
   1262.00574    0.9434400      44.40
   1262.00757    0.9440900      44.43
   1262.00940    0.9443100      44.44
   1262.01123    0.9443000      44.44
   1262.01306    0.9443500      44.44
   1262.01501    0.9445300      44.45
   1262.01685    0.9447100      44.46
   1262.01868    0.9448000      44.46
   1262.02051    0.9447900      44.46
   1262.02234    0.9447700      44.46
   1262.02417    0.9448800      44.47
   1262.02600    0.9452600      44.48
   1262.02783    0.9456500      44.50
   1262.02966    0.9455700      44.50
   1262.03149    0.9449200      44.47
   1262.03333    0.9442100      44.43
   1262.03516    0.9439600      44.42
   1262.03699    0.9440200      44.43
   1262.03882    0.9438900      44.42
   1262.04065    0.9434300      44.40
   1262.04260    0.9429500      44.37
   1262.04443    0.9426400      44.36
   1262.04626    0.9423500      44.35
   1262.04810    0.9419900      44.33
   1262.04993    0.9418300      44.32
   1262.05176    0.9420300      44.33
   1262.05359    0.9422800      44.34
   1262.05542    0.9422200      44.34
   1262.05725    0.9418800      44.32
   1262.05908    0.9416800      44.31
   1262.06091    0.9419400      44.33
   1262.06274    0.9426200      44.36
   1262.06458    0.9433500      44.39
   1262.06641    0.9436400      44.41
   1262.06824    0.9433200      44.39
   1262.07007    0.9427400      44.36
   1262.07202    0.9424900      44.35
   1262.07385    0.9426600      44.36
   1262.07568    0.9427300      44.36
   1262.07751    0.9423500      44.34
   1262.07935    0.9417500      44.32
   1262.08118    0.9413400      44.30
   1262.08301    0.9411900      44.29
   1262.08484    0.9411600      44.29
   1262.08667    0.9412100      44.29
   1262.08850    0.9411800      44.29
   1262.09033    0.9407200      44.27
   1262.09216    0.9398200      44.22
   1262.09399    0.9390700      44.19
   1262.09583    0.9388100      44.18
   1262.09766    0.9386000      44.17
   1262.09961    0.9380600      44.14
   1262.10144    0.9376300      44.12
   1262.10327    0.9378300      44.13
   1262.10510    0.9381400      44.14
   1262.10693    0.9377300      44.12
   1262.10876    0.9368900      44.08
   1262.11060    0.9364500      44.06
   1262.11243    0.9361600      44.05
   1262.11426    0.9351200      44.00
   1262.11609    0.9336100      43.93
   1262.11792    0.9327400      43.89
   1262.11975    0.9322900      43.87
   1262.12158    0.9307500      43.79
   1262.12341    0.9281400      43.67
   1262.12524    0.9264800      43.59
   1262.12720    0.9265600      43.60
   1262.12903    0.9264900      43.59
   1262.13086    0.9247600      43.51
   1262.13269    0.9223700      43.40
   1262.13452    0.9203400      43.30
   1262.13635    0.9174300      43.17
   1262.13818    0.9128100      42.95
   1262.14001    0.9085400      42.75
   1262.14185    0.9061800      42.64
   1262.14368    0.9032300      42.50
   1262.14551    0.8968100      42.20
   1262.14734    0.8889400      41.83
   1262.14917    0.8830400      41.55
   1262.15100    0.8768200      41.26
   1262.15283    0.8649600      40.70
   1262.15479    0.8481200      39.90
   1262.15662    0.8313100      39.11
   1262.15845    0.8122400      38.22
   1262.16028    0.7803700      36.72
   1262.16211    0.7308900      34.39
   1262.16394    0.6688200      31.47
   1262.16577    0.5915200      27.83
   1262.16760    0.4795300      22.56
   1262.16943    0.3234200      15.22
   1262.17126    0.1590700       7.48
   1262.17310    0.0577400       2.72
   1262.17493    0.0698800       3.29
   1262.17676    0.1827400       8.60
   1262.17859    0.3350700      15.76
   1262.18054    0.4658500      21.92
   1262.18237    0.5472600      25.75
   1262.18420    0.5837700      27.47
   1262.18604    0.5910800      27.81
   1262.18787    0.5718800      26.91
   1262.18970    0.5070300      23.85
   1262.19153    0.3795700      17.86
   1262.19336    0.2177100      10.24
   1262.19519    0.1023200       4.81
   1262.19702    0.1091900       5.14
   1262.19885    0.2385300      11.22
   1262.20068    0.4146200      19.51
   1262.20251    0.5588800      26.29
   1262.20435    0.6506900      30.61
   1262.20618    0.7142400      33.60
   1262.20813    0.7682700      36.14
   1262.20996    0.8088900      38.06
   1262.21179    0.8318600      39.14
   1262.21362    0.8465500      39.83
   1262.21545    0.8623800      40.57
   1262.21729    0.8765700      41.24
   1262.21912    0.8834800      41.56
   1262.22095    0.8863500      41.70
   1262.22278    0.8918400      41.96
   1262.22461    0.8994700      42.32
   1262.22644    0.9042600      42.54
   1262.22827    0.9059900      42.62
   1262.23010    0.9087500      42.75
   1262.23193    0.9134000      42.97
   1262.23376    0.9169600      43.14
   1262.23572    0.9187100      43.22
   1262.23755    0.9211800      43.34
   1262.23938    0.9250200      43.52
   1262.24121    0.9276600      43.64
   1262.24304    0.9280100      43.66
   1262.24487    0.9283500      43.67
   1262.24670    0.9302200      43.76
   1262.24854    0.9318700      43.84
   1262.25037    0.9315600      43.82
   1262.25220    0.9304700      43.77
   1262.25403    0.9304000      43.77
   1262.25586    0.9309200      43.79
   1262.25769    0.9308100      43.79
   1262.25952    0.9306900      43.78
   1262.26147    0.9318300      43.84
   1262.26331    0.9335600      43.92
   1262.26514    0.9340800      43.94
   1262.26697    0.9332100      43.90
   1262.26880    0.9325300      43.87
   1262.27063    0.9327000      43.88
   1262.27246    0.9327200      43.88
   1262.27429    0.9318800      43.84
   1262.27612    0.9307500      43.78
   1262.27795    0.9298600      43.74
   1262.27979    0.9285800      43.68
   1262.28162    0.9263300      43.57
   1262.28345    0.9239600      43.46
   1262.28528    0.9228700      43.41
   1262.28723    0.9231100      43.42
   1262.28906    0.9230000      43.42
   1262.29089    0.9208300      43.32
   1262.29272    0.9163000      43.10
   1262.29456    0.9105000      42.83
   1262.29639    0.9047700      42.56
   1262.29822    0.9000200      42.34
   1262.30005    0.8968800      42.19
   1262.30188    0.8960900      42.15
   1262.30371    0.8983400      42.26
   1262.30554    0.9034700      42.50
   1262.30737    0.9101000      42.81
   1262.30920    0.9162700      43.10
   1262.31104    0.9207000      43.31
   1262.31299    0.9232800      43.43
   1262.31482    0.9246400      43.49
   1262.31665    0.9253100      43.52
   1262.31848    0.9253700      43.53
   1262.32031    0.9248000      43.50
   1262.32214    0.9238700      43.46
   1262.32397    0.9232500      43.43
   1262.32581    0.9234700      43.44
   1262.32764    0.9244000      43.48
   1262.32947    0.9253800      43.53
   1262.33130    0.9260500      43.56
   1262.33313    0.9268000      43.59
   1262.33496    0.9282200      43.66
   1262.33679    0.9302800      43.76
   1262.33875    0.9323700      43.85
   1262.34058    0.9339300      43.93
   1262.34241    0.9349300      43.98
   1262.34424    0.9356100      44.01
   1262.34607    0.9361900      44.03
   1262.34790    0.9368800      44.07
   1262.34973    0.9377300      44.11
   1262.35156    0.9383300      44.13
   1262.35339    0.9380800      44.12
   1262.35522    0.9368500      44.06
   1262.35706    0.9353400      43.99
   1262.35889    0.9342900      43.94
   1262.36072    0.9337200      43.92
   1262.36255    0.9330700      43.89
   1262.36450    0.9320100      43.84
   1262.36633    0.9307200      43.78
   1262.36816    0.9293700      43.71
   1262.37000    0.9277800      43.64
   1262.37183    0.9257200      43.54
   1262.37366    0.9232800      43.42
   1262.37549    0.9207400      43.31
   1262.37732    0.9183000      43.19
   1262.37915    0.9160300      43.08
   1262.38098    0.9140400      42.99
   1262.38281    0.9124600      42.92
   1262.38464    0.9113300      42.86
   1262.38647    0.9107500      42.83
   1262.38831    0.9109400      42.84
   1262.39026    0.9120600      42.90
   1262.39209    0.9139900      42.99
   1262.39392    0.9163900      43.10
   1262.39575    0.9189500      43.22
   1262.39758    0.9214600      43.34
   1262.39941    0.9237200      43.44
   1262.40125    0.9255700      43.53
   1262.40308    0.9269300      43.59
   1262.40491    0.9278400      43.64
   1262.40674    0.9284000      43.66
   1262.40857    0.9288600      43.68
   1262.41040    0.9294600      43.71
   1262.41223    0.9302300      43.75
   1262.41406    0.9307700      43.77
   1262.41602    0.9308500      43.78
   1262.41785    0.9307300      43.77
   1262.41968    0.9309100      43.78
   1262.42151    0.9314300      43.80
   1262.42334    0.9318200      43.82
   1262.42517    0.9318900      43.83
   1262.42700    0.9321100      43.84
   1262.42883    0.9329400      43.88
   1262.43066    0.9342200      43.94
   1262.43250    0.9353700      43.99
   1262.43433    0.9361200      44.02
   1262.43616    0.9367100      44.05
   1262.43799    0.9374000      44.08
   1262.43994    0.9381000      44.12
   1262.44177    0.9384500      44.13
   1262.44360    0.9382000      44.12
   1262.44543    0.9376100      44.09
   1262.44727    0.9372600      44.08
   1262.44910    0.9374700      44.09
   1262.45093    0.9378500      44.10
   1262.45276    0.9378500      44.10
   1262.45459    0.9375100      44.09
   1262.45642    0.9373900      44.08
   1262.45825    0.9375100      44.09
   1262.46008    0.9372900      44.08
   1262.46191    0.9365500      44.04
   1262.46375    0.9358700      44.01
   1262.46570    0.9355900      44.00
   1262.46753    0.9351300      43.98
   1262.46936    0.9341000      43.93
   1262.47119    0.9331300      43.88
   1262.47302    0.9327300      43.86
   1262.47485    0.9321800      43.84
   1262.47668    0.9307200      43.77
   1262.47852    0.9290800      43.69
   1262.48035    0.9283400      43.65
   1262.48218    0.9278300      43.63
   1262.48401    0.9261000      43.55
   1262.48584    0.9236100      43.43
   1262.48767    0.9220400      43.36
   1262.48962    0.9210900      43.31
   1262.49146    0.9186400      43.20
   1262.49329    0.9146100      43.01
   1262.49512    0.9115600      42.86
   1262.49695    0.9102600      42.80
   1262.49878    0.9078500      42.69
   1262.50061    0.9026300      42.44
   1262.50244    0.8970300      42.18
   1262.50427    0.8928000      41.98
   1262.50610    0.8866400      41.69
   1262.50793    0.8749700      41.14
   1262.50977    0.8599000      40.43
   1262.51160    0.8441000      39.69
   1262.51355    0.8223100      38.67
   1262.51538    0.7855800      36.94
   1262.51721    0.7324600      34.44
   1262.51904    0.6644400      31.24
   1262.52087    0.5694200      26.78
   1262.52271    0.4277900      20.12
   1262.52454    0.2504000      11.77
   1262.52637    0.1011900       4.76
   1262.52820    0.0588800       2.77
   1262.53003    0.1474000       6.93
   1262.53186    0.3136100      14.75
   1262.53369    0.4784400      22.50
   1262.53552    0.6003300      28.23
   1262.53748    0.6849700      32.21
   1262.53931    0.7496600      35.25
   1262.54114    0.7981800      37.53
   1262.54297    0.8287300      38.97
   1262.54480    0.8472500      39.84
   1262.54663    0.8628400      40.57
   1262.54846    0.8774500      41.26
   1262.55029    0.8877200      41.74
   1262.55212    0.8936100      42.02
   1262.55396    0.8988000      42.26
   1262.55579    0.9046200      42.53
   1262.55762    0.9091400      42.75
   1262.55945    0.9116200      42.86
   1262.56140    0.9138500      42.97
   1262.56323    0.9167200      43.10
   1262.56506    0.9190300      43.21
   1262.56689    0.9201800      43.26
   1262.56873    0.9212900      43.32
   1262.57056    0.9229100      43.39
   1262.57239    0.9239500      43.44
   1262.57422    0.9238500      43.44
   1262.57605    0.9238900      43.44
   1262.57788    0.9252500      43.50
   1262.57971    0.9273000      43.60
   1262.58154    0.9287700      43.67
   1262.58337    0.9296400      43.71
   1262.58533    0.9307400      43.76
   1262.58716    0.9321700      43.83
   1262.58899    0.9334000      43.88
   1262.59082    0.9342600      43.93
   1262.59265    0.9350300      43.96
   1262.59448    0.9357600      44.00
   1262.59631    0.9362900      44.02
   1262.59814    0.9366300      44.04
   1262.59998    0.9368900      44.05
   1262.60181    0.9370600      44.06
   1262.60364    0.9371200      44.06
   1262.60547    0.9371700      44.06
   1262.60730    0.9371900      44.06
   1262.60925    0.9368600      44.05
   1262.61108    0.9361900      44.01
   1262.61292    0.9357400      43.99
   1262.61475    0.9359000      44.00
   1262.61658    0.9364100      44.02
   1262.61841    0.9368800      44.05
   1262.62024    0.9375000      44.08
   1262.62207    0.9385200      44.12
   1262.62390    0.9395500      44.17
   1262.62573    0.9400000      44.19
   1262.62756    0.9399900      44.19
   1262.62939    0.9398900      44.19
   1262.63123    0.9393300      44.16
   1262.63318    0.9376700      44.08
   1262.63501    0.9355200      43.98
   1262.63684    0.9346600      43.94
   1262.63867    0.9359400      44.00
   1262.64050    0.9381200      44.10
   1262.64233    0.9395000      44.17
   1262.64417    0.9398500      44.18
   1262.64600    0.9400200      44.19
   1262.64783    0.9401200      44.20
   1262.64966    0.9393600      44.16
   1262.65149    0.9376600      44.08
   1262.65332    0.9363000      44.02
   1262.65527    0.9364900      44.03
   1262.65710    0.9378900      44.09
   1262.65894    0.9390900      44.15
   1262.66077    0.9393900      44.16
   1262.66260    0.9393200      44.16
   1262.66443    0.9396300      44.17
   1262.66626    0.9402700      44.20
   1262.66809    0.9405400      44.21
   1262.66992    0.9401200      44.19
   1262.67175    0.9394400      44.16
   1262.67358    0.9391600      44.15
   1262.67542    0.9392400      44.15
   1262.67725    0.9390300      44.14
   1262.67920    0.9381000      44.10
   1262.68103    0.9368700      44.04
   1262.68286    0.9361800      44.01
   1262.68469    0.9363600      44.02
   1262.68652    0.9369700      44.05
   1262.68835    0.9374300      44.07
   1262.69019    0.9377100      44.08
   1262.69202    0.9380300      44.09
   1262.69385    0.9383500      44.11
   1262.69568    0.9384000      44.11
   1262.69751    0.9382200      44.10
   1262.69934    0.9382400      44.10
   1262.70129    0.9387400      44.13
   1262.70312    0.9394400      44.16
   1262.70496    0.9398000      44.18
   1262.70679    0.9397200      44.17
   1262.70862    0.9395700      44.17
   1262.71045    0.9396200      44.17
   1262.71228    0.9396100      44.17
   1262.71411    0.9391800      44.15
   1262.71594    0.9384400      44.11
   1262.71777    0.9379700      44.09
   1262.71960    0.9380500      44.09
   1262.72144    0.9382200      44.10
   1262.72327    0.9377600      44.08
   1262.72522    0.9365700      44.02
   1262.72705    0.9353300      43.97
   1262.72888    0.9346500      43.93
   1262.73071    0.9343900      43.92
   1262.73254    0.9338700      43.90
   1262.73438    0.9327700      43.84
   1262.73621    0.9313100      43.78
   1262.73804    0.9298400      43.71
   1262.73987    0.9282300      43.63
   1262.74170    0.9261100      43.53
   1262.74353    0.9233400      43.40
   1262.74536    0.9200200      43.24
   1262.74731    0.9162800      43.07
   1262.74915    0.9120900      42.87
   1262.75098    0.9074900      42.66
   1262.75281    0.9025300      42.42
   1262.75464    0.8969900      42.16
   1262.75647    0.8903800      41.85
   1262.75830    0.8825700      41.48
   1262.76013    0.8742600      41.09
   1262.76196    0.8667200      40.74
   1262.76379    0.8607800      40.46
   1262.76562    0.8564100      40.25
   1262.76746    0.8532000      40.10
   1262.76941    0.8511700      40.01
   1262.77124    0.8509000      39.99
   1262.77307    0.8528300      40.08
   1262.77490    0.8567100      40.27
   1262.77673    0.8617600      40.50
   1262.77856    0.8672400      40.76
   1262.78040    0.8727500      41.02
   1262.78223    0.8781100      41.27
   1262.78406    0.8832000      41.51
   1262.78589    0.8879200      41.73
   1262.78772    0.8922500      41.94
   1262.78955    0.8961600      42.12
   1262.79150    0.8996100      42.28
   1262.79333    0.9025300      42.42
   1262.79517    0.9049000      42.53
   1262.79700    0.9066800      42.61
   1262.79883    0.9077400      42.66
   1262.80066    0.9079900      42.68
   1262.80249    0.9074600      42.65
   1262.80432    0.9063200      42.60
   1262.80615    0.9045600      42.51
   1262.80798    0.9017700      42.38
   1262.80981    0.8974200      42.18
   1262.81165    0.8914000      41.89
   1262.81360    0.8843700      41.56
   1262.81543    0.8774700      41.24
   1262.81726    0.8715300      40.96
   1262.81909    0.8664900      40.72
   1262.82092    0.8617300      40.50
   1262.82275    0.8568900      40.27
   1262.82458    0.8523600      40.06
   1262.82642    0.8489900      39.90
   1262.82825    0.8472800      39.82
   1262.83008    0.8471000      39.81
   1262.83191    0.8481200      39.86
   1262.83374    0.8503500      39.96
   1262.83569    0.8540700      40.14
   1262.83752    0.8593200      40.39
   1262.83936    0.8655200      40.68
   1262.84119    0.8717700      40.97
   1262.84302    0.8775500      41.24
   1262.84485    0.8830700      41.50
   1262.84668    0.8886300      41.76
   1262.84851    0.8940500      42.02
   1262.85034    0.8987500      42.24
   1262.85217    0.9024900      42.41
   1262.85400    0.9055800      42.56
   1262.85583    0.9084300      42.69
   1262.85779    0.9109700      42.81
   1262.85962    0.9130200      42.91
   1262.86145    0.9146500      42.98
   1262.86328    0.9160300      43.05
   1262.86511    0.9171400      43.10
   1262.86694    0.9180100      43.14
   1262.86877    0.9189900      43.19
   1262.87061    0.9203200      43.25
   1262.87244    0.9216600      43.31
   1262.87427    0.9225300      43.35
   1262.87610    0.9230700      43.38
   1262.87793    0.9236000      43.40
   1262.87988    0.9237800      43.41
   1262.88171    0.9230900      43.38
   1262.88354    0.9221100      43.33
   1262.88538    0.9221800      43.34
   1262.88721    0.9233400      43.39
   1262.88904    0.9240300      43.42
   1262.89087    0.9232600      43.39
   1262.89270    0.9220000      43.33
   1262.89453    0.9214600      43.30
   1262.89636    0.9211100      43.28
   1262.89819    0.9198400      43.22
   1262.90002    0.9180500      43.14
   1262.90198    0.9167400      43.08
   1262.90381    0.9154400      43.02
   1262.90564    0.9129100      42.90
   1262.90747    0.9094800      42.74
   1262.90930    0.9065000      42.60
   1262.91113    0.9036100      42.46
   1262.91296    0.8992700      42.26
   1262.91479    0.8937900      42.00
   1262.91663    0.8889500      41.77
   1262.91846    0.8838500      41.53
   1262.92029    0.8748300      41.11
   1262.92212    0.8607700      40.45
   1262.92407    0.8442500      39.67
   1262.92590    0.8248300      38.76
   1262.92773    0.7956600      37.39
   1262.92957    0.7507000      35.27
   1262.93140    0.6898900      32.42
   1262.93323    0.6097800      28.65
   1262.93506    0.4953100      23.27
   1262.93689    0.3379300      15.88
   1262.93872    0.1681500       7.90
   1262.94055    0.0558500       2.62
   1262.94238    0.0603300       2.83
   1262.94434    0.1778800       8.36
   1262.94617    0.3459200      16.25
   1262.94800    0.4983400      23.42
   1262.94983    0.6097000      28.65
   1262.95166    0.6892900      32.39
   1262.95349    0.7497600      35.23
   1262.95532    0.7936000      37.29
   1262.95715    0.8221500      38.63
   1262.95898    0.8420200      39.56
   1262.96082    0.8589200      40.36
   1262.96265    0.8725800      41.00
   1262.96448    0.8815600      41.42
   1262.96643    0.8881800      41.73
   1262.96826    0.8953800      42.07
   1262.97009    0.9023100      42.40
   1262.97192    0.9065600      42.60
   1262.97375    0.9088300      42.70
   1262.97559    0.9117600      42.84
   1262.97742    0.9155200      43.02
   1262.97925    0.9176400      43.12
   1262.98108    0.9172700      43.10
   1262.98291    0.9167800      43.08
   1262.98474    0.9185200      43.16
   1262.98669    0.9220300      43.32
   1262.98853    0.9252700      43.47
   1262.99036    0.9272600      43.57
   1262.99219    0.9284000      43.62
   1262.99402    0.9292600      43.66
   1262.99585    0.9300800      43.70
   1262.99768    0.9311400      43.75
   1262.99951    0.9325500      43.81
   1263.00134    0.9338200      43.87
   1263.00317    0.9341200      43.89
   1263.00500    0.9331000      43.84
   1263.00684    0.9314400      43.76
   1263.00879    0.9303800      43.71
   1263.01062    0.9308800      43.74
   1263.01245    0.9328200      43.83
   1263.01428    0.9350100      43.93
   1263.01611    0.9361000      43.98
   1263.01794    0.9357700      43.96
   1263.01978    0.9349400      43.93
   1263.02161    0.9346700      43.91
   1263.02344    0.9351300      43.93
   1263.02527    0.9355700      43.95
   1263.02710    0.9353800      43.95
   1263.02905    0.9346700      43.91
   1263.03088    0.9339000      43.88
   1263.03271    0.9332600      43.85
   1263.03455    0.9325400      43.81
   1263.03638    0.9317500      43.77
   1263.03821    0.9313400      43.76
   1263.04004    0.9317100      43.77
   1263.04187    0.9325100      43.81
   1263.04370    0.9329800      43.83
   1263.04553    0.9329600      43.83
   1263.04736    0.9331900      43.84
   1263.04932    0.9342600      43.89
   1263.05115    0.9357200      43.96
   1263.05298    0.9366100      44.00
   1263.05481    0.9367700      44.01
   1263.05664    0.9369500      44.02
   1263.05847    0.9376000      44.05
   1263.06030    0.9383600      44.08
   1263.06213    0.9387700      44.10
   1263.06396    0.9389500      44.11
   1263.06580    0.9391600      44.12
   1263.06763    0.9392100      44.12
   1263.06946    0.9389200      44.11
   1263.07141    0.9387100      44.10
   1263.07324    0.9391000      44.12
   1263.07507    0.9397900      44.15
   1263.07690    0.9399200      44.16
   1263.07874    0.9392100      44.12
   1263.08057    0.9384000      44.08
   1263.08240    0.9382600      44.08
   1263.08423    0.9387200      44.10
   1263.08606    0.9391900      44.12
   1263.08789    0.9392700      44.12
   1263.08972    0.9389400      44.11
   1263.09167    0.9383300      44.08
   1263.09351    0.9377800      44.05
   1263.09534    0.9376900      44.05
   1263.09717    0.9380500      44.07
   1263.09900    0.9382200      44.07
   1263.10083    0.9376300      44.05
   1263.10266    0.9364400      43.99
   1263.10449    0.9350600      43.92
   1263.10632    0.9333400      43.84
   1263.10815    0.9309000      43.73
   1263.10999    0.9282200      43.60
   1263.11194    0.9265200      43.52
   1263.11377    0.9262700      43.51
   1263.11560    0.9263000      43.51
   1263.11743    0.9249600      43.45
   1263.11926    0.9219100      43.31
   1263.12109    0.9181500      43.13
   1263.12292    0.9147400      42.97
   1263.12476    0.9119300      42.84
   1263.12659    0.9095800      42.73
   1263.12842    0.9076300      42.63
   1263.13025    0.9060600      42.56
   1263.13220    0.9048100      42.50
   1263.13403    0.9040400      42.47
   1263.13586    0.9040500      42.47
   1263.13770    0.9046800      42.50
   1263.13953    0.9051800      42.52
   1263.14136    0.9049400      42.51
   1263.14319    0.9042500      42.47
   1263.14502    0.9037600      42.45
   1263.14685    0.9036200      42.45
   1263.14868    0.9034500      42.44
   1263.15051    0.9031700      42.42
   1263.15247    0.9031900      42.42
   1263.15430    0.9037900      42.45
   1263.15613    0.9048700      42.50
   1263.15796    0.9063900      42.57
   1263.15979    0.9085200      42.67
   1263.16162    0.9112300      42.80
   1263.16345    0.9140400      42.93
   1263.16528    0.9166000      43.05
   1263.16711    0.9191600      43.17
   1263.16895    0.9219500      43.30
   1263.17078    0.9245200      43.43
   1263.17273    0.9262100      43.50
   1263.17456    0.9270200      43.54
   1263.17639    0.9275300      43.57
   1263.17822    0.9279600      43.59
   1263.18005    0.9279600      43.59
   1263.18188    0.9274400      43.56
   1263.18372    0.9269400      43.54
   1263.18555    0.9269000      43.54
   1263.18738    0.9270800      43.54
   1263.18921    0.9270800      43.54
   1263.19104    0.9270600      43.54
   1263.19299    0.9274400      43.56
   1263.19482    0.9281500      43.59
   1263.19666    0.9286500      43.62
   1263.19849    0.9285900      43.61
   1263.20032    0.9281300      43.59
   1263.20215    0.9274800      43.56
   1263.20398    0.9267600      43.53
   1263.20581    0.9261100      43.50
   1263.20764    0.9257000      43.48
   1263.20947    0.9254300      43.46
   1263.21130    0.9250500      43.45
   1263.21326    0.9246700      43.43
   1263.21509    0.9246400      43.43
   1263.21692    0.9249000      43.44
   1263.21875    0.9248400      43.44
   1263.22058    0.9240600      43.40
   1263.22241    0.9228200      43.34
   1263.22424    0.9215300      43.28
   1263.22607    0.9200800      43.21
   1263.22791    0.9180300      43.12
   1263.22974    0.9154000      42.99
   1263.23169    0.9126200      42.86
   1263.23352    0.9099700      42.74
   1263.23535    0.9071700      42.61
   1263.23718    0.9036700      42.44
   1263.23901    0.8991100      42.23
   1263.24084    0.8935700      41.97
   1263.24268    0.8875300      41.68
   1263.24451    0.8811500      41.38
   1263.24634    0.8734800      41.02
   1263.24817    0.8628900      40.52
   1263.25000    0.8486000      39.85
   1263.25195    0.8308400      39.02
   1263.25378    0.8086300      37.98
   1263.25562    0.7783900      36.56
   1263.25745    0.7359900      34.56
   1263.25928    0.6786600      31.87
   1263.26111    0.6022200      28.28
   1263.26294    0.4981100      23.39
   1263.26477    0.3608300      16.95
   1263.26660    0.2052000       9.64
   1263.26843    0.0738600       3.47
   1263.27026    0.0179800       0.84
   1263.27222    0.0620200       2.91
   1263.27405    0.1854200       8.71
   1263.27588    0.3390700      15.92
   1263.27771    0.4795400      22.52
   1263.27954    0.5889700      27.66
   1263.28137    0.6697000      31.45
   1263.28320    0.7291300      34.24
   1263.28503    0.7723600      36.27
   1263.28687    0.8035200      37.73
   1263.28870    0.8269900      38.84
   1263.29065    0.8456700      39.71
   1263.29248    0.8603300      40.40
   1263.29431    0.8714000      40.92
   1263.29614    0.8803200      41.34
   1263.29797    0.8883000      41.71
   1263.29980    0.8952000      42.04
   1263.30164    0.9003900      42.28
   1263.30347    0.9041200      42.46
   1263.30530    0.9072500      42.60
   1263.30713    0.9102500      42.74
   1263.30896    0.9130000      42.87
   1263.31091    0.9155700      42.99
   1263.31274    0.9182300      43.12
   1263.31458    0.9209200      43.25
   1263.31641    0.9231000      43.35
   1263.31824    0.9245700      43.42
   1263.32007    0.9257700      43.47
   1263.32190    0.9271100      43.54
   1263.32373    0.9282700      43.59
   1263.32556    0.9286900      43.61
   1263.32739    0.9284800      43.60
   1263.32935    0.9283300      43.59
   1263.33118    0.9284100      43.60
   1263.33301    0.9277900      43.57
   1263.33484    0.9257200      43.47
   1263.33667    0.9230500      43.34
   1263.33850    0.9218200      43.29
   1263.34033    0.9229900      43.34
   1263.34216    0.9253100      43.45
   1263.34399    0.9267800      43.52
   1263.34583    0.9269900      43.53
   1263.34766    0.9272000      43.54
   1263.34961    0.9284600      43.60
   1263.35144    0.9303400      43.69
   1263.35327    0.9318800      43.76
   1263.35510    0.9328100      43.80
   1263.35693    0.9335300      43.83
   1263.35876    0.9342300      43.87
   1263.36060    0.9347900      43.89
   1263.36243    0.9352900      43.92
   1263.36426    0.9357700      43.94
   1263.36609    0.9357200      43.94
   1263.36804    0.9345300      43.88
   1263.36987    0.9326400      43.79
   1263.37170    0.9316400      43.74
   1263.37354    0.9325500      43.79
   1263.37537    0.9346700      43.89
   1263.37720    0.9364700      43.97
   1263.37903    0.9372500      44.01
   1263.38086    0.9374700      44.02
   1263.38269    0.9376900      44.03
   1263.38452    0.9378700      44.04
   1263.38647    0.9378600      44.04
   1263.38831    0.9378400      44.03
   1263.39014    0.9381500      44.05
   1263.39197    0.9387200      44.08
   1263.39380    0.9391800      44.10
   1263.39563    0.9392100      44.10
   1263.39746    0.9388600      44.08
   1263.39929    0.9384400      44.06
   1263.40112    0.9382600      44.05
   1263.40295    0.9383500      44.06
   1263.40479    0.9384100      44.06
   1263.40674    0.9381300      44.05
   1263.40857    0.9375900      44.02
   1263.41040    0.9371800      44.00
   1263.41223    0.9370000      43.99
   1263.41406    0.9367400      43.98
   1263.41589    0.9361900      43.96
   1263.41772    0.9356400      43.93
   1263.41956    0.9355500      43.92
   1263.42139    0.9358900      43.94
   1263.42322    0.9361900      43.95
   1263.42517    0.9362400      43.96
   1263.42700    0.9363100      43.96
   1263.42883    0.9367500      43.98
   1263.43066    0.9375000      44.02
   1263.43250    0.9381500      44.05
   1263.43433    0.9383800      44.06
   1263.43616    0.9381900      44.05
   1263.43799    0.9377800      44.03
   1263.43982    0.9374000      44.01
   1263.44165    0.9372100      44.00
   1263.44360    0.9371700      44.00
   1263.44543    0.9370600      43.99
   1263.44727    0.9367600      43.98
   1263.44910    0.9363500      43.96
   1263.45093    0.9359800      43.94
   1263.45276    0.9356500      43.93
   1263.45459    0.9352800      43.91
   1263.45642    0.9348300      43.89
   1263.45825    0.9344100      43.87
   1263.46008    0.9340400      43.85
   1263.46204    0.9337200      43.84
   1263.46387    0.9334100      43.82
   1263.46570    0.9330800      43.81
   1263.46753    0.9326000      43.78
   1263.46936    0.9318600      43.75
   1263.47119    0.9308300      43.70
   1263.47302    0.9294600      43.63
   1263.47485    0.9276000      43.55
   1263.47668    0.9250800      43.43
   1263.47852    0.9219700      43.28
   1263.48035    0.9185400      43.12
   1263.48230    0.9148000      42.95
   1263.48413    0.9103500      42.74
   1263.48596    0.9048000      42.48
   1263.48779    0.8983600      42.17
   1263.48962    0.8917000      41.86
   1263.49146    0.8854400      41.57
   1263.49329    0.8798200      41.30
   1263.49512    0.8750100      41.08
   1263.49695    0.8714200      40.91
   1263.49878    0.8695500      40.82
   1263.50073    0.8696800      40.83
   1263.50256    0.8716800      40.92
   1263.50439    0.8751600      41.08
   1263.50623    0.8796100      41.29
   1263.50806    0.8845500      41.52
   1263.50989    0.8896000      41.76
   1263.51172    0.8946000      42.00
   1263.51355    0.8994200      42.22
   1263.51538    0.9038300      42.43
   1263.51721    0.9076000      42.61
   1263.51917    0.9107700      42.75
   1263.52100    0.9135600      42.89
   1263.52283    0.9160900      43.00
   1263.52466    0.9181500      43.10
   1263.52649    0.9193500      43.16
   1263.52832    0.9195400      43.17
   1263.53015    0.9188600      43.13
   1263.53198    0.9175300      43.07
   1263.53381    0.9158000      42.99
   1263.53564    0.9140200      42.91
   1263.53760    0.9126900      42.84
   1263.53943    0.9123000      42.82
   1263.54126    0.9131800      42.87
   1263.54309    0.9154100      42.97
   1263.54492    0.9186500      43.12
   1263.54675    0.9222400      43.29
   1263.54858    0.9255100      43.44
   1263.55042    0.9281300      43.57
   1263.55225    0.9300900      43.66
   1263.55408    0.9313800      43.72
   1263.55603    0.9320100      43.75
   1263.55786    0.9322300      43.76
   1263.55969    0.9324300      43.77
   1263.56152    0.9327000      43.78
   1263.56335    0.9328000      43.79
   1263.56519    0.9327400      43.78
   1263.56702    0.9330600      43.80
   1263.56885    0.9341200      43.85
   1263.57068    0.9354300      43.91
   1263.57263    0.9360700      43.94
   1263.57446    0.9358800      43.93
   1263.57629    0.9355500      43.91
   1263.57812    0.9355700      43.91
   1263.57996    0.9356300      43.92
   1263.58179    0.9353500      43.90
   1263.58362    0.9349500      43.88
   1263.58545    0.9349100      43.88
   1263.58728    0.9352000      43.90
   1263.58911    0.9353900      43.90
   1263.59106    0.9354200      43.91
   1263.59290    0.9356100      43.91
   1263.59473    0.9359900      43.93
   1263.59656    0.9361700      43.94
   1263.59839    0.9359600      43.93
   1263.60022    0.9357200      43.92
   1263.60205    0.9356900      43.92
   1263.60388    0.9356200      43.91
   1263.60571    0.9351500      43.89
   1263.60754    0.9344300      43.86
   1263.60950    0.9338600      43.83
   1263.61133    0.9335200      43.82
   1263.61316    0.9332400      43.80
   1263.61499    0.9330200      43.79
   1263.61682    0.9330600      43.79
   1263.61865    0.9332900      43.80
   1263.62048    0.9332300      43.80
   1263.62231    0.9325300      43.77
   1263.62415    0.9313800      43.71
   1263.62598    0.9302100      43.66
   1263.62793    0.9291400      43.61
   1263.62976    0.9280600      43.56
   1263.63159    0.9270100      43.51
   1263.63342    0.9262000      43.47
   1263.63525    0.9255900      43.44
   1263.63708    0.9247100      43.40
   1263.63892    0.9232100      43.33
   1263.64075    0.9212100      43.24
   1263.64258    0.9190200      43.13
   1263.64441    0.9166200      43.02
   1263.64636    0.9139300      42.89
   1263.64819    0.9112500      42.77
   1263.65002    0.9092000      42.67
   1263.65186    0.9079300      42.61
   1263.65369    0.9070700      42.57
   1263.65552    0.9064500      42.54
   1263.65735    0.9065400      42.55
   1263.65918    0.9075800      42.59
   1263.66101    0.9089500      42.66
   1263.66296    0.9098600      42.70
   1263.66479    0.9103600      42.72
   1263.66663    0.9109600      42.75
   1263.66846    0.9115100      42.78
   1263.67029    0.9112700      42.77
   1263.67212    0.9100900      42.71
   1263.67395    0.9086100      42.64
   1263.67578    0.9071100      42.57
   1263.67761    0.9051400      42.48
   1263.67944    0.9025400      42.36
   1263.68140    0.8997300      42.22
   1263.68323    0.8965500      42.08
   1263.68506    0.8920100      41.86
   1263.68689    0.8859700      41.58
   1263.68872    0.8795500      41.28
   1263.69055    0.8728000      40.96
   1263.69238    0.8632400      40.51
   1263.69421    0.8485500      39.82
   1263.69604    0.8294500      38.93
   1263.69788    0.8072600      37.88
   1263.69983    0.7794000      36.58
   1263.70166    0.7401000      34.73
   1263.70349    0.6847300      32.13
   1263.70532    0.6089700      28.58
   1263.70715    0.5044900      23.67
   1263.70898    0.3649600      17.13
   1263.71082    0.2054000       9.64
   1263.71265    0.0720100       3.38
   1263.71448    0.0201500       0.95
   1263.71643    0.0737000       3.46
   1263.71826    0.2060500       9.67
   1263.72009    0.3625200      17.01
   1263.72192    0.4996500      23.45
   1263.72375    0.6034500      28.32
   1263.72559    0.6791800      31.87
   1263.72742    0.7347200      34.48
   1263.72925    0.7752000      36.38
   1263.73108    0.8051000      37.78
   1263.73291    0.8281600      38.86
   1263.73486    0.8454800      39.67
   1263.73669    0.8571200      40.22
   1263.73853    0.8650300      40.59
   1263.74036    0.8725100      40.94
   1263.74219    0.8809500      41.34
   1263.74402    0.8890400      41.72
   1263.74585    0.8953300      42.01
   1263.74768    0.9000500      42.23
   1263.74951    0.9041600      42.43
   1263.75146    0.9079200      42.60
   1263.75330    0.9110800      42.75
   1263.75513    0.9135100      42.87
   1263.75696    0.9152000      42.95
   1263.75879    0.9162400      42.99
   1263.76062    0.9171600      43.04
   1263.76245    0.9186100      43.10
   1263.76428    0.9205700      43.20
   1263.76611    0.9222600      43.28
   1263.76794    0.9232700      43.32
   1263.76990    0.9241500      43.36
   1263.77173    0.9254400      43.42
   1263.77356    0.9268100      43.49
   1263.77539    0.9275800      43.52
   1263.77722    0.9277100      43.53
   1263.77905    0.9276400      43.53
   1263.78088    0.9274300      43.52
   1263.78271    0.9268600      43.49
   1263.78455    0.9260700      43.45
   1263.78650    0.9256100      43.43
   1263.78833    0.9256700      43.43
   1263.79016    0.9258500      43.44
   1263.79199    0.9257600      43.44
   1263.79382    0.9254700      43.42
   1263.79565    0.9252200      43.41
   1263.79749    0.9250300      43.40
   1263.79932    0.9248000      43.39
   1263.80115    0.9245000      43.38
   1263.80310    0.9241900      43.36
   1263.80493    0.9239800      43.35
   1263.80676    0.9240000      43.35
   1263.80859    0.9241900      43.36
   1263.81042    0.9242600      43.37
   1263.81226    0.9239000      43.35
   1263.81409    0.9232400      43.32
   1263.81592    0.9227300      43.29
   1263.81775    0.9224600      43.28
   1263.81958    0.9219600      43.26
   1263.82153    0.9208100      43.20
   1263.82336    0.9190900      43.12
   1263.82520    0.9173300      43.04
   1263.82703    0.9159100      42.97
   1263.82886    0.9148600      42.92
   1263.83069    0.9139200      42.88
   1263.83252    0.9127500      42.82
   1263.83435    0.9111200      42.75
   1263.83618    0.9089800      42.65
   1263.83813    0.9062800      42.52
   1263.83997    0.9028100      42.36
   1263.84180    0.8984700      42.15
   1263.84363    0.8934100      41.92
   1263.84546    0.8875700      41.64
   1263.84729    0.8801100      41.29
   1263.84912    0.8699600      40.82
   1263.85095    0.8568500      40.20
   1263.85278    0.8411200      39.46
   1263.85474    0.8227000      38.60
   1263.85657    0.8009700      37.58
   1263.85840    0.7759800      36.41
   1263.86023    0.7489100      35.14
   1263.86206    0.7209100      33.82
   1263.86389    0.6923100      32.48
   1263.86572    0.6639900      31.15
   1263.86755    0.6384700      29.95
   1263.86938    0.6186800      29.03
   1263.87134    0.6060700      28.43
   1263.87317    0.6010300      28.20
   1263.87500    0.6042600      28.35
   1263.87683    0.6162900      28.91
   1263.87866    0.6357800      29.83
   1263.88049    0.6601100      30.97
   1263.88232    0.6873000      32.24
   1263.88416    0.7161300      33.60
   1263.88599    0.7444300      34.92
   1263.88782    0.7696700      36.11
   1263.88977    0.7912500      37.12
   1263.89160    0.8104200      38.02
   1263.89343    0.8271800      38.81
   1263.89526    0.8398300      39.40
   1263.89709    0.8481900      39.79
   1263.89893    0.8546000      40.09
   1263.90076    0.8602500      40.36
   1263.90259    0.8632800      40.50
   1263.90442    0.8624500      40.46
   1263.90637    0.8597200      40.33
   1263.90820    0.8563300      40.17
   1263.91003    0.8496800      39.86
   1263.91187    0.8379400      39.31
   1263.91370    0.8243700      38.67
   1263.91553    0.8110500      38.05
   1263.91736    0.7909600      37.11
   1263.91919    0.7542200      35.38
   1263.92102    0.7004100      32.86
   1263.92297    0.6332600      29.71
   1263.92480    0.5422800      25.44
   1263.92664    0.4078500      19.13
   1263.92847    0.2396300      11.24
   1263.93030    0.0998000       4.68
   1263.93213    0.0647600       3.04
   1263.93396    0.1558300       7.31
   1263.93579    0.3185100      14.94
   1263.93762    0.4751000      22.29
   1263.93958    0.5876800      27.57
   1263.94141    0.6652900      31.21
   1263.94324    0.7262400      34.07
   1263.94507    0.7736700      36.29
   1263.94690    0.8050500      37.76
   1263.94873    0.8258300      38.74
   1263.95056    0.8440100      39.59
   1263.95239    0.8599400      40.34
   1263.95422    0.8699100      40.81
   1263.95618    0.8752400      41.06
   1263.95801    0.8809900      41.33
   1263.95984    0.8881200      41.66
   1263.96167    0.8932800      41.90
   1263.96350    0.8954600      42.00
   1263.96533    0.8974800      42.10
   1263.96716    0.9009300      42.26
   1263.96899    0.9040600      42.41
   1263.97083    0.9055700      42.48
   1263.97278    0.9068100      42.54
   1263.97461    0.9088200      42.63
   1263.97644    0.9103000      42.70
   1263.97827    0.9101100      42.69
   1263.98010    0.9094400      42.66
   1263.98193    0.9097500      42.67
   1263.98376    0.9104300      42.70
   1263.98560    0.9102700      42.70
   1263.98743    0.9097400      42.67
   1263.98938    0.9098500      42.68
   1263.99121    0.9100000      42.68
   1263.99304    0.9089000      42.63
   1263.99487    0.9069900      42.54
   1263.99670    0.9057800      42.49
   1263.99854    0.9050100      42.45
   1264.00037    0.9028000      42.35
   1264.00220    0.8985000      42.14
   1264.00403    0.8936600      41.92
   1264.00598    0.8894600      41.72
   1264.00781    0.8851100      41.52
   1264.00964    0.8795200      41.25
   1264.01147    0.8729900      40.95
   1264.01331    0.8659700      40.62
   1264.01514    0.8574200      40.22
   1264.01697    0.8460000      39.68
   1264.01880    0.8317600      39.01
   1264.02063    0.8146900      38.21
   1264.02258    0.7924600      37.17
   1264.02441    0.7616100      35.72
   1264.02625    0.7204200      33.79
   1264.02808    0.6677000      31.32
   1264.02991    0.5980400      28.05
   1264.03174    0.5023300      23.56
   1264.03357    0.3772600      17.69
   1264.03540    0.2356900      11.05
   1264.03723    0.1063000       4.99
   1264.03918    0.0218700       1.03
   1264.04102    0.0054400       0.26
   1264.04285    0.0616600       2.89
   1264.04468    0.1750100       8.21
   1264.04651    0.3152900      14.79
   1264.04834    0.4502500      21.12
   1264.05017    0.5596700      26.25
   1264.05200    0.6406800      30.05
   1264.05383    0.7008300      32.87
   1264.05579    0.7474000      35.05
   1264.05762    0.7831600      36.73
   1264.05945    0.8091300      37.95
   1264.06128    0.8274200      38.81
   1264.06311    0.8408500      39.44
   1264.06494    0.8517500      39.95
   1264.06677    0.8618000      40.42
   1264.06860    0.8717800      40.89
   1264.07043    0.8810100      41.32
   1264.07239    0.8882100      41.66
   1264.07422    0.8934400      41.90
   1264.07605    0.8981800      42.12
   1264.07788    0.9031300      42.36
   1264.07971    0.9072600      42.55
   1264.08154    0.9097800      42.67
   1264.08337    0.9116400      42.75
   1264.08521    0.9140500      42.87
   1264.08704    0.9166100      42.99
   1264.08899    0.9181900      43.06
   1264.09082    0.9190500      43.10
   1264.09265    0.9204300      43.17
   1264.09448    0.9224500      43.26
   1264.09631    0.9239000      43.33
   1264.09814    0.9243200      43.35
   1264.09998    0.9245900      43.36
