   1228.00000    0.9924500      49.49
   1228.00183    0.9925000      49.49
   1228.00354    0.9926500      49.50
   1228.00525    0.9927100      49.50
   1228.00696    0.9926600      49.50
   1228.00879    0.9924700      49.49
   1228.01050    0.9921100      49.47
   1228.01221    0.9917000      49.45
   1228.01404    0.9915600      49.44
   1228.01575    0.9917700      49.45
   1228.01746    0.9919300      49.46
   1228.01917    0.9916600      49.44
   1228.02100    0.9911100      49.42
   1228.02271    0.9907900      49.40
   1228.02441    0.9907400      49.40
   1228.02612    0.9905200      49.39
   1228.02795    0.9899300      49.36
   1228.02966    0.9894200      49.33
   1228.03137    0.9894200      49.33
   1228.03308    0.9897000      49.35
   1228.03491    0.9898400      49.35
   1228.03662    0.9899100      49.36
   1228.03833    0.9902300      49.37
   1228.04004    0.9905800      49.39
   1228.04187    0.9903100      49.38
   1228.04358    0.9893900      49.33
   1228.04529    0.9886700      49.29
   1228.04712    0.9887600      49.30
   1228.04883    0.9891200      49.32
   1228.05054    0.9887800      49.30
   1228.05225    0.9877000      49.24
   1228.05408    0.9866900      49.19
   1228.05579    0.9861800      49.17
   1228.05750    0.9855700      49.14
   1228.05920    0.9841400      49.07
   1228.06104    0.9819700      48.96
   1228.06274    0.9796100      48.84
   1228.06445    0.9771500      48.72
   1228.06616    0.9740500      48.56
   1228.06799    0.9698900      48.36
   1228.06970    0.9649400      48.11
   1228.07141    0.9598600      47.86
   1228.07324    0.9552600      47.63
   1228.07495    0.9515600      47.44
   1228.07666    0.9492800      47.33
   1228.07837    0.9490300      47.31
   1228.08020    0.9510800      47.42
   1228.08191    0.9549200      47.61
   1228.08362    0.9593400      47.83
   1228.08533    0.9632200      48.02
   1228.08716    0.9663500      48.18
   1228.08887    0.9692900      48.32
   1228.09058    0.9724700      48.48
   1228.09229    0.9756200      48.64
   1228.09412    0.9782500      48.77
   1228.09583    0.9802800      48.87
   1228.09753    0.9820600      48.96
   1228.09924    0.9837900      49.05
   1228.10107    0.9853800      49.12
   1228.10278    0.9867400      49.19
   1228.10449    0.9879800      49.25
   1228.10632    0.9891000      49.31
   1228.10803    0.9898800      49.35
   1228.10974    0.9902700      49.37
   1228.11145    0.9905900      49.38
   1228.11328    0.9910900      49.41
   1228.11499    0.9915100      49.43
   1228.11670    0.9914700      49.43
   1228.11841    0.9911100      49.41
   1228.12024    0.9909500      49.40
   1228.12195    0.9911400      49.41
   1228.12366    0.9912500      49.42
   1228.12537    0.9909700      49.40
   1228.12720    0.9905700      49.38
   1228.12891    0.9903900      49.37
   1228.13062    0.9902100      49.36
   1228.13245    0.9895300      49.33
   1228.13416    0.9884600      49.28
   1228.13586    0.9876300      49.23
   1228.13757    0.9873700      49.22
   1228.13940    0.9872000      49.21
   1228.14111    0.9866100      49.18
   1228.14282    0.9857500      49.14
   1228.14453    0.9852100      49.11
   1228.14636    0.9851400      49.11
   1228.14807    0.9851600      49.11
   1228.14978    0.9850600      49.10
   1228.15149    0.9851500      49.11
   1228.15332    0.9858000      49.14
   1228.15503    0.9868200      49.19
   1228.15674    0.9878100      49.24
   1228.15857    0.9886900      49.29
   1228.16028    0.9896000      49.33
   1228.16199    0.9905000      49.37
   1228.16370    0.9912100      49.41
   1228.16553    0.9918100      49.44
   1228.16724    0.9926400      49.48
   1228.16895    0.9936800      49.53
   1228.17065    0.9943300      49.57
   1228.17249    0.9942000      49.56
   1228.17419    0.9937300      49.53
   1228.17590    0.9936600      49.53
   1228.17761    0.9941200      49.55
   1228.17944    0.9944800      49.57
   1228.18115    0.9943500      49.57
   1228.18286    0.9941100      49.55
   1228.18469    0.9943000      49.56
   1228.18640    0.9948000      49.59
   1228.18811    0.9950400      49.60
   1228.18982    0.9948300      49.59
   1228.19165    0.9945800      49.58
   1228.19336    0.9945900      49.58
   1228.19507    0.9946900      49.58
   1228.19678    0.9945000      49.57
   1228.19861    0.9940600      49.55
   1228.20032    0.9937500      49.53
   1228.20203    0.9937500      49.53
   1228.20374    0.9938400      49.54
   1228.20557    0.9937600      49.53
   1228.20728    0.9935300      49.52
   1228.20898    0.9933800      49.51
   1228.21082    0.9933200      49.51
   1228.21252    0.9931400      49.50
   1228.21423    0.9927800      49.48
   1228.21594    0.9925400      49.47
   1228.21777    0.9927000      49.48
   1228.21948    0.9931600      49.50
   1228.22119    0.9935200      49.52
   1228.22290    0.9936000      49.52
   1228.22473    0.9936300      49.53
   1228.22644    0.9937700      49.53
   1228.22815    0.9937800      49.53
   1228.22998    0.9933200      49.51
   1228.23169    0.9925700      49.47
   1228.23340    0.9921900      49.45
   1228.23511    0.9925100      49.47
   1228.23694    0.9931100      49.50
   1228.23865    0.9933800      49.51
   1228.24036    0.9933100      49.51
   1228.24207    0.9933900      49.51
   1228.24390    0.9938200      49.53
   1228.24561    0.9941600      49.55
   1228.24731    0.9940400      49.54
   1228.24902    0.9937400      49.53
   1228.25085    0.9938400      49.53
   1228.25256    0.9943500      49.56
   1228.25427    0.9946600      49.57
   1228.25610    0.9943500      49.56
   1228.25781    0.9937800      49.53
   1228.25952    0.9935800      49.52
   1228.26123    0.9937900      49.53
   1228.26306    0.9938900      49.54
   1228.26477    0.9935900      49.52
   1228.26648    0.9932400      49.50
   1228.26819    0.9933000      49.51
   1228.27002    0.9936500      49.52
   1228.27173    0.9937500      49.53
   1228.27344    0.9933800      49.51
   1228.27515    0.9928900      49.48
   1228.27698    0.9927200      49.48
   1228.27869    0.9928900      49.48
   1228.28040    0.9930600      49.49
   1228.28223    0.9929700      49.49
   1228.28394    0.9927000      49.47
   1228.28564    0.9924300      49.46
   1228.28735    0.9922700      49.45
   1228.28918    0.9921600      49.45
   1228.29089    0.9920000      49.44
   1228.29260    0.9916900      49.42
   1228.29431    0.9912200      49.40
   1228.29614    0.9906600      49.37
   1228.29785    0.9900500      49.34
   1228.29956    0.9893300      49.30
   1228.30139    0.9882700      49.25
   1228.30310    0.9866500      49.17
   1228.30481    0.9843900      49.06
   1228.30652    0.9815900      48.92
   1228.30835    0.9784700      48.76
   1228.31006    0.9751800      48.60
   1228.31177    0.9716000      48.42
   1228.31348    0.9673400      48.21
   1228.31531    0.9621300      47.95
   1228.31702    0.9560800      47.65
   1228.31873    0.9495900      47.32
   1228.32056    0.9429600      46.99
   1228.32227    0.9365000      46.67
   1228.32397    0.9307800      46.39
   1228.32568    0.9265500      46.17
   1228.32751    0.9242200      46.06
   1228.32922    0.9236800      46.03
   1228.33093    0.9247000      46.08
   1228.33264    0.9273400      46.21
   1228.33447    0.9316300      46.43
   1228.33618    0.9371500      46.70
   1228.33789    0.9432800      47.01
   1228.33960    0.9498000      47.33
   1228.34143    0.9565900      47.67
   1228.34314    0.9631700      48.00
   1228.34485    0.9687100      48.27
   1228.34668    0.9729200      48.48
   1228.34839    0.9762800      48.65
   1228.35010    0.9792200      48.80
   1228.35181    0.9815200      48.91
   1228.35364    0.9829300      48.98
   1228.35535    0.9838500      49.03
   1228.35706    0.9849700      49.08
   1228.35876    0.9862700      49.15
   1228.36060    0.9870200      49.18
   1228.36230    0.9869100      49.18
   1228.36401    0.9865400      49.16
   1228.36584    0.9867800      49.17
   1228.36755    0.9877600      49.22
   1228.36926    0.9890200      49.28
   1228.37097    0.9901200      49.34
   1228.37280    0.9909300      49.38
   1228.37451    0.9913900      49.40
   1228.37622    0.9915500      49.41
   1228.37793    0.9915900      49.41
   1228.37976    0.9917200      49.42
   1228.38147    0.9918800      49.43
   1228.38318    0.9918800      49.42
   1228.38501    0.9917300      49.42
   1228.38672    0.9916600      49.41
   1228.38843    0.9917300      49.42
   1228.39014    0.9917200      49.42
   1228.39197    0.9915000      49.41
   1228.39368    0.9913200      49.40
   1228.39539    0.9915300      49.41
   1228.39709    0.9920800      49.43
   1228.39893    0.9925400      49.46
   1228.40063    0.9926600      49.46
   1228.40234    0.9926000      49.46
   1228.40417    0.9926400      49.46
   1228.40588    0.9927100      49.46
   1228.40759    0.9926100      49.46
   1228.40930    0.9924100      49.45
   1228.41113    0.9923700      49.45
   1228.41284    0.9925700      49.46
   1228.41455    0.9927100      49.46
   1228.41626    0.9926200      49.46
   1228.41809    0.9924900      49.45
   1228.41980    0.9925700      49.46
   1228.42151    0.9927600      49.47
   1228.42334    0.9928400      49.47
   1228.42505    0.9928500      49.47
   1228.42676    0.9929600      49.48
   1228.42847    0.9930200      49.48
   1228.43030    0.9928100      49.47
   1228.43201    0.9924700      49.45
   1228.43372    0.9923900      49.45
   1228.43542    0.9924600      49.45
   1228.43726    0.9921400      49.43
   1228.43896    0.9913100      49.39
   1228.44067    0.9904800      49.35
   1228.44250    0.9899500      49.32
   1228.44421    0.9892600      49.29
   1228.44592    0.9879600      49.22
   1228.44763    0.9864000      49.15
   1228.44946    0.9850900      49.08
   1228.45117    0.9836800      49.01
   1228.45288    0.9813100      48.89
   1228.45459    0.9779800      48.73
   1228.45642    0.9746000      48.56
   1228.45813    0.9716200      48.41
   1228.45984    0.9685800      48.26
   1228.46167    0.9650700      48.08
   1228.46338    0.9616200      47.91
   1228.46509    0.9588900      47.77
   1228.46680    0.9565400      47.66
   1228.46863    0.9531200      47.49
   1228.47034    0.9475000      47.21
   1228.47205    0.9407100      46.87
   1228.47375    0.9366700      46.67
   1228.47559    0.9394100      46.80
   1228.47729    0.9474600      47.20
   1228.47900    0.9515100      47.41
   1228.48083    0.9413900      46.90
   1228.48254    0.9182600      45.75
   1228.48425    0.8976200      44.72
   1228.48596    0.8964300      44.66
   1228.48779    0.9167400      45.67
   1228.48950    0.9444700      47.05
   1228.49121    0.9644100      48.05
   1228.49292    0.9733200      48.49
   1228.49475    0.9774300      48.70
   1228.49646    0.9816300      48.90
   1228.49817    0.9851500      49.08
   1228.50000    0.9862300      49.13
   1228.50171    0.9860400      49.12
   1228.50342    0.9865200      49.15
   1228.50513    0.9875000      49.20
   1228.50696    0.9878500      49.21
   1228.50867    0.9878500      49.21
   1228.51038    0.9885300      49.25
   1228.51221    0.9895700      49.30
   1228.51392    0.9897600      49.31
   1228.51562    0.9890700      49.27
   1228.51733    0.9887000      49.26
   1228.51917    0.9891800      49.28
   1228.52087    0.9896600      49.30
   1228.52258    0.9894900      49.29
   1228.52429    0.9891300      49.28
   1228.52612    0.9891900      49.28
   1228.52783    0.9893800      49.29
   1228.52954    0.9890100      49.27
   1228.53137    0.9881400      49.23
   1228.53308    0.9874700      49.19
   1228.53479    0.9872900      49.18
   1228.53650    0.9872400      49.18
   1228.53833    0.9868600      49.16
   1228.54004    0.9862500      49.13
   1228.54175    0.9858100      49.11
   1228.54346    0.9856900      49.10
   1228.54529    0.9855000      49.09
   1228.54700    0.9847200      49.05
   1228.54871    0.9833500      48.99
   1228.55054    0.9819500      48.92
   1228.55225    0.9809900      48.87
   1228.55396    0.9802500      48.83
   1228.55566    0.9791900      48.78
   1228.55750    0.9777800      48.71
   1228.55920    0.9764500      48.64
   1228.56091    0.9753600      48.59
   1228.56262    0.9740300      48.52
   1228.56445    0.9719800      48.42
   1228.56616    0.9692500      48.28
   1228.56787    0.9660900      48.12
   1228.56970    0.9623700      47.94
   1228.57141    0.9576800      47.71
   1228.57312    0.9518000      47.41
   1228.57483    0.9446100      47.05
   1228.57666    0.9356300      46.61
   1228.57837    0.9241200      46.03
   1228.58008    0.9097400      45.32
   1228.58191    0.8927800      44.47
   1228.58362    0.8739100      43.53
   1228.58533    0.8547300      42.58
   1228.58704    0.8385700      41.77
   1228.58887    0.8298800      41.34
   1228.59058    0.8317600      41.43
   1228.59229    0.8435500      42.02
   1228.59399    0.8613800      42.91
   1228.59583    0.8809000      43.88
   1228.59753    0.8993900      44.80
   1228.59924    0.9157100      45.61
   1228.60107    0.9293000      46.29
   1228.60278    0.9400600      46.83
   1228.60449    0.9485400      47.25
   1228.60620    0.9555700      47.60
   1228.60803    0.9614700      47.89
   1228.60974    0.9660300      48.12
   1228.61145    0.9692900      48.28
   1228.61328    0.9719500      48.41
   1228.61499    0.9746900      48.55
   1228.61670    0.9774200      48.68
   1228.61841    0.9795500      48.79
   1228.62024    0.9808700      48.86
   1228.62195    0.9817900      48.90
   1228.62366    0.9827200      48.95
   1228.62537    0.9836700      49.00
   1228.62720    0.9843400      49.03
   1228.62891    0.9847500      49.05
   1228.63062    0.9851800      49.07
   1228.63245    0.9858900      49.11
   1228.63416    0.9866600      49.14
   1228.63586    0.9870200      49.16
   1228.63757    0.9867400      49.15
   1228.63940    0.9861200      49.12
   1228.64111    0.9857500      49.10
   1228.64282    0.9859100      49.11
   1228.64465    0.9862600      49.12
   1228.64636    0.9863700      49.13
   1228.64807    0.9863100      49.12
   1228.64978    0.9866100      49.14
   1228.65161    0.9875200      49.18
   1228.65332    0.9885800      49.24
   1228.65503    0.9891800      49.27
   1228.65674    0.9892300      49.27
   1228.65857    0.9891900      49.27
   1228.66028    0.9893100      49.27
   1228.66199    0.9894600      49.28
   1228.66382    0.9894600      49.28
   1228.66553    0.9894000      49.28
   1228.66724    0.9894700      49.28
   1228.66895    0.9896100      49.29
   1228.67078    0.9896900      49.29
   1228.67249    0.9897700      49.30
   1228.67419    0.9900300      49.31
   1228.67603    0.9904200      49.33
   1228.67773    0.9906800      49.34
   1228.67944    0.9907500      49.34
   1228.68115    0.9908600      49.35
   1228.68298    0.9911600      49.36
   1228.68469    0.9914200      49.38
   1228.68640    0.9913000      49.37
   1228.68811    0.9908000      49.35
   1228.68994    0.9903100      49.32
   1228.69165    0.9900600      49.31
   1228.69336    0.9899600      49.30
   1228.69519    0.9897500      49.29
   1228.69690    0.9894300      49.28
   1228.69861    0.9891900      49.26
   1228.70032    0.9891400      49.26
   1228.70215    0.9892100      49.26
   1228.70386    0.9892900      49.27
   1228.70557    0.9894000      49.27
   1228.70740    0.9895200      49.28
   1228.70911    0.9895400      49.28
   1228.71082    0.9894800      49.28
   1228.71252    0.9896000      49.28
   1228.71436    0.9900900      49.31
   1228.71606    0.9906700      49.34
   1228.71777    0.9907300      49.34
   1228.71960    0.9901300      49.31
   1228.72131    0.9894200      49.27
   1228.72302    0.9891700      49.26
   1228.72473    0.9892300      49.26
   1228.72656    0.9890500      49.25
   1228.72827    0.9885900      49.23
   1228.72998    0.9884300      49.22
   1228.73169    0.9888700      49.25
   1228.73352    0.9893800      49.27
   1228.73523    0.9892900      49.27
   1228.73694    0.9887900      49.24
   1228.73877    0.9886600      49.23
   1228.74048    0.9892300      49.26
   1228.74219    0.9899600      49.30
   1228.74390    0.9902600      49.31
   1228.74573    0.9901100      49.31
   1228.74744    0.9898400      49.29
   1228.74915    0.9895500      49.28
   1228.75098    0.9892000      49.26
   1228.75269    0.9888800      49.24
   1228.75439    0.9888200      49.24
   1228.75610    0.9889500      49.25
   1228.75793    0.9891300      49.26
   1228.75964    0.9893800      49.27
   1228.76135    0.9897900      49.29
   1228.76318    0.9901200      49.30
   1228.76489    0.9900100      49.30
   1228.76660    0.9895700      49.28
   1228.76831    0.9893600      49.27
   1228.77014    0.9895700      49.28
   1228.77185    0.9897000      49.28
   1228.77356    0.9892800      49.26
   1228.77527    0.9885200      49.22
   1228.77710    0.9879100      49.19
   1228.77881    0.9873700      49.17
   1228.78052    0.9864800      49.12
   1228.78235    0.9852700      49.06
   1228.78406    0.9842100      49.01
   1228.78577    0.9832300      48.96
   1228.78748    0.9816400      48.88
   1228.78931    0.9791700      48.76
   1228.79102    0.9765700      48.63
   1228.79272    0.9747300      48.54
   1228.79456    0.9735700      48.48
   1228.79626    0.9725400      48.43
   1228.79797    0.9716300      48.38
   1228.79968    0.9713700      48.37
   1228.80151    0.9718000      48.39
   1228.80322    0.9721500      48.41
   1228.80493    0.9719900      48.40
   1228.80676    0.9717800      48.39
   1228.80847    0.9720100      48.40
   1228.81018    0.9723000      48.41
   1228.81189    0.9719000      48.39
   1228.81372    0.9708100      48.34
   1228.81543    0.9697300      48.29
   1228.81714    0.9690700      48.25
   1228.81897    0.9685800      48.23
   1228.82068    0.9681800      48.21
   1228.82239    0.9683000      48.21
   1228.82410    0.9692600      48.26
   1228.82593    0.9708100      48.34
   1228.82764    0.9725400      48.42
   1228.82935    0.9744500      48.52
   1228.83105    0.9766700      48.63
   1228.83289    0.9788900      48.74
   1228.83459    0.9806600      48.83
   1228.83630    0.9820500      48.90
   1228.83813    0.9835000      48.97
   1228.83984    0.9850100      49.04
   1228.84155    0.9859700      49.09
   1228.84326    0.9860800      49.10
   1228.84509    0.9859400      49.09
   1228.84680    0.9863700      49.11
   1228.84851    0.9874500      49.16
   1228.85034    0.9886000      49.22
   1228.85205    0.9893900      49.26
   1228.85376    0.9898800      49.29
   1228.85547    0.9902600      49.30
   1228.85730    0.9905100      49.32
   1228.85901    0.9906200      49.32
   1228.86072    0.9907200      49.33
   1228.86255    0.9908800      49.33
   1228.86426    0.9909800      49.34
   1228.86597    0.9908700      49.33
   1228.86768    0.9905600      49.32
   1228.86951    0.9901300      49.30
   1228.87122    0.9895500      49.27
   1228.87292    0.9888400      49.23
   1228.87476    0.9882600      49.20
   1228.87646    0.9880500      49.19
   1228.87817    0.9881500      49.20
   1228.87988    0.9882900      49.20
   1228.88171    0.9883600      49.21
   1228.88342    0.9886100      49.22
   1228.88513    0.9891500      49.25
   1228.88696    0.9897700      49.28
   1228.88867    0.9900600      49.29
   1228.89038    0.9898300      49.28
   1228.89209    0.9892100      49.25
   1228.89392    0.9885300      49.21
   1228.89563    0.9880200      49.19
   1228.89734    0.9877700      49.18
   1228.89917    0.9876000      49.17
   1228.90088    0.9872700      49.15
   1228.90259    0.9867100      49.12
   1228.90430    0.9861100      49.09
   1228.90613    0.9857100      49.07
   1228.90784    0.9854700      49.06
   1228.90955    0.9851400      49.04
   1228.91138    0.9845400      49.01
   1228.91309    0.9836100      48.97
   1228.91479    0.9824500      48.91
   1228.91650    0.9812300      48.85
   1228.91833    0.9802500      48.80
   1228.92004    0.9798400      48.78
   1228.92175    0.9800800      48.79
   1228.92358    0.9808200      48.83
   1228.92529    0.9818700      48.88
   1228.92700    0.9831100      48.94
   1228.92871    0.9844100      49.01
   1228.93054    0.9855800      49.06
   1228.93225    0.9864600      49.11
   1228.93396    0.9870900      49.14
   1228.93579    0.9876600      49.17
   1228.93750    0.9881700      49.19
   1228.93921    0.9885100      49.21
   1228.94092    0.9886800      49.22
   1228.94275    0.9887900      49.22
   1228.94446    0.9889300      49.23
   1228.94617    0.9890300      49.24
   1228.94788    0.9890700      49.24
   1228.94971    0.9892000      49.24
   1228.95142    0.9895100      49.26
   1228.95312    0.9899100      49.28
   1228.95496    0.9901700      49.29
   1228.95667    0.9901400      49.29
   1228.95837    0.9898300      49.27
   1228.96008    0.9892700      49.25
   1228.96191    0.9884600      49.21
   1228.96362    0.9873700      49.15
   1228.96533    0.9861700      49.09
   1228.96716    0.9851700      49.04
   1228.96887    0.9846600      49.02
   1228.97058    0.9846500      49.02
   1228.97229    0.9848700      49.03
   1228.97412    0.9850200      49.03
   1228.97583    0.9851700      49.04
   1228.97754    0.9856700      49.07
   1228.97937    0.9866600      49.11
   1228.98108    0.9877400      49.17
   1228.98279    0.9883800      49.20
   1228.98450    0.9885700      49.21
   1228.98633    0.9888000      49.22
   1228.98804    0.9894000      49.25
   1228.98975    0.9900500      49.28
   1228.99158    0.9902600      49.29
   1228.99329    0.9900000      49.28
   1228.99500    0.9897900      49.27
   1228.99670    0.9899100      49.27
   1228.99854    0.9900900      49.28
   1229.00024    0.9898300      49.27
   1229.00195    0.9891200      49.23
   1229.00378    0.9884500      49.20
   1229.00549    0.9882300      49.19
   1229.00720    0.9883400      49.20
   1229.00903    0.9883900      49.20
   1229.01074    0.9881900      49.19
   1229.01245    0.9879200      49.17
   1229.01416    0.9877800      49.17
   1229.01599    0.9877100      49.16
   1229.01770    0.9875300      49.15
   1229.01941    0.9871200      49.13
   1229.02124    0.9865500      49.11
   1229.02295    0.9857900      49.07
   1229.02466    0.9848400      49.02
   1229.02637    0.9837900      48.97
   1229.02820    0.9828200      48.92
   1229.02991    0.9819000      48.87
   1229.03162    0.9808100      48.82
   1229.03345    0.9793900      48.75
   1229.03516    0.9776600      48.66
   1229.03687    0.9755300      48.56
   1229.03857    0.9725600      48.41
   1229.04041    0.9683500      48.20
   1229.04211    0.9633200      47.95
   1229.04382    0.9587000      47.72
   1229.04565    0.9557000      47.57
   1229.04736    0.9546800      47.52
   1229.04907    0.9551500      47.54
   1229.05078    0.9564000      47.60
   1229.05261    0.9578400      47.67
   1229.05432    0.9590300      47.73
   1229.05603    0.9598000      47.77
   1229.05786    0.9603200      47.80
   1229.05957    0.9610600      47.83
   1229.06128    0.9623300      47.90
   1229.06299    0.9640100      47.98
   1229.06482    0.9656900      48.06
   1229.06653    0.9671500      48.14
   1229.06824    0.9684500      48.20
   1229.07007    0.9698000      48.27
   1229.07178    0.9712700      48.34
   1229.07349    0.9726600      48.41
   1229.07520    0.9737400      48.46
   1229.07703    0.9744700      48.50
   1229.07874    0.9750800      48.53
   1229.08044    0.9757600      48.56
   1229.08228    0.9763800      48.59
   1229.08398    0.9766400      48.61
   1229.08569    0.9764100      48.60
   1229.08740    0.9758500      48.57
   1229.08923    0.9751800      48.53
   1229.09094    0.9744500      48.50
   1229.09265    0.9736000      48.45
   1229.09448    0.9725300      48.40
   1229.09619    0.9711500      48.33
   1229.09790    0.9694100      48.25
   1229.09961    0.9674500      48.15
   1229.10144    0.9655100      48.05
   1229.10315    0.9636400      47.96
   1229.10486    0.9614900      47.85
   1229.10669    0.9585400      47.70
   1229.10840    0.9546300      47.51
   1229.11011    0.9500200      47.28
   1229.11182    0.9451700      47.04
   1229.11365    0.9403600      46.80
   1229.11536    0.9354600      46.55
   1229.11707    0.9302000      46.29
   1229.11890    0.9244300      46.01
   1229.12061    0.9184900      45.71
   1229.12231    0.9130200      45.44
   1229.12402    0.9085400      45.21
   1229.12585    0.9051900      45.05
   1229.12756    0.9029600      44.94
   1229.12927    0.9020600      44.89
   1229.13110    0.9028400      44.93
   1229.13281    0.9053100      45.05
   1229.13452    0.9090300      45.24
   1229.13635    0.9136000      45.47
   1229.13806    0.9188600      45.73
   1229.13977    0.9246800      46.02
   1229.14148    0.9308100      46.32
   1229.14331    0.9370100      46.63
   1229.14502    0.9432300      46.94
   1229.14673    0.9492700      47.24
   1229.14856    0.9546000      47.50
   1229.15027    0.9588500      47.72
   1229.15198    0.9621300      47.88
   1229.15369    0.9648000      48.01
   1229.15552    0.9669300      48.12
   1229.15723    0.9684100      48.19
   1229.15894    0.9693400      48.24
   1229.16077    0.9699000      48.27
   1229.16248    0.9699200      48.27
   1229.16418    0.9691100      48.23
   1229.16589    0.9677000      48.16
   1229.16772    0.9662600      48.08
   1229.16943    0.9647900      48.01
   1229.17114    0.9626100      47.90
   1229.17297    0.9594200      47.74
   1229.17468    0.9557300      47.56
   1229.17639    0.9517700      47.36
   1229.17810    0.9467000      47.11
   1229.17993    0.9396100      46.76
   1229.18164    0.9305900      46.31
   1229.18335    0.9197300      45.77
   1229.18518    0.9055100      45.06
   1229.18689    0.8855200      44.06
   1229.18860    0.8584100      42.71
   1229.19043    0.8236400      40.98
   1229.19214    0.7797100      38.80
   1229.19385    0.7260400      36.13
   1229.19556    0.6692000      33.30
   1229.19739    0.6253500      31.12
   1229.19910    0.6119100      30.45
   1229.20081    0.6344000      31.57
   1229.20264    0.6820500      33.94
   1229.20435    0.7369700      36.67
   1229.20605    0.7865200      39.14
   1229.20776    0.8272000      41.16
   1229.20959    0.8598900      42.79
   1229.21130    0.8852100      44.05
   1229.21301    0.9036500      44.96
   1229.21484    0.9170600      45.63
   1229.21655    0.9277600      46.16
   1229.21826    0.9368300      46.61
   1229.21997    0.9442100      46.98
   1229.22180    0.9500000      47.27
   1229.22351    0.9547500      47.51
   1229.22522    0.9586600      47.70
   1229.22705    0.9616300      47.85
   1229.22876    0.9639200      47.96
   1229.23047    0.9662500      48.08
   1229.23230    0.9688000      48.20
   1229.23401    0.9708800      48.31
   1229.23572    0.9718400      48.36
   1229.23743    0.9719000      48.36
   1229.23926    0.9717700      48.35
   1229.24097    0.9716900      48.35
   1229.24268    0.9714200      48.33
   1229.24451    0.9709500      48.31
   1229.24622    0.9707300      48.30
   1229.24792    0.9712100      48.32
   1229.24963    0.9722700      48.38
   1229.25146    0.9733800      48.43
   1229.25317    0.9741800      48.47
   1229.25488    0.9746900      48.50
   1229.25671    0.9751100      48.52
   1229.25842    0.9754800      48.53
   1229.26013    0.9756500      48.54
   1229.26184    0.9754100      48.53
   1229.26367    0.9746400      48.49
   1229.26538    0.9733400      48.43
   1229.26709    0.9717100      48.35
   1229.26892    0.9701200      48.27
   1229.27063    0.9688200      48.20
   1229.27234    0.9677400      48.15
   1229.27417    0.9666600      48.09
   1229.27588    0.9656300      48.04
   1229.27759    0.9650500      48.01
   1229.27930    0.9653000      48.03
   1229.28113    0.9662800      48.07
   1229.28284    0.9675800      48.14
   1229.28455    0.9689800      48.21
   1229.28638    0.9705200      48.29
   1229.28809    0.9722200      48.37
   1229.28979    0.9739300      48.45
   1229.29150    0.9756000      48.54
   1229.29333    0.9772900      48.62
   1229.29504    0.9789900      48.71
   1229.29675    0.9805100      48.78
   1229.29858    0.9818000      48.85
   1229.30029    0.9830700      48.91
   1229.30200    0.9844300      48.98
   1229.30371    0.9856300      49.04
   1229.30554    0.9863800      49.07
   1229.30725    0.9867800      49.09
   1229.30896    0.9871500      49.11
   1229.31079    0.9874700      49.13
   1229.31250    0.9874300      49.12
   1229.31421    0.9870300      49.10
   1229.31604    0.9867400      49.09
   1229.31775    0.9869100      49.10
   1229.31946    0.9873000      49.12
   1229.32117    0.9874700      49.13
   1229.32300    0.9873800      49.12
   1229.32471    0.9873400      49.12
   1229.32642    0.9874800      49.13
   1229.32825    0.9876400      49.13
   1229.32996    0.9876700      49.14
   1229.33167    0.9875700      49.13
   1229.33337    0.9873600      49.12
   1229.33521    0.9870000      49.10
   1229.33691    0.9866500      49.08
   1229.33862    0.9866200      49.08
   1229.34045    0.9870700      49.10
   1229.34216    0.9877100      49.14
   1229.34387    0.9881100      49.16
   1229.34570    0.9880700      49.15
   1229.34741    0.9877900      49.14
   1229.34912    0.9875900      49.13
   1229.35083    0.9876500      49.13
   1229.35266    0.9878700      49.14
   1229.35437    0.9879800      49.15
   1229.35608    0.9878000      49.14
   1229.35791    0.9873600      49.12
   1229.35962    0.9868600      49.09
   1229.36133    0.9863100      49.06
   1229.36304    0.9855100      49.02
   1229.36487    0.9843700      48.97
   1229.36658    0.9830500      48.90
   1229.36829    0.9816900      48.83
   1229.37012    0.9801100      48.76
   1229.37183    0.9779400      48.65
   1229.37354    0.9751500      48.51
   1229.37537    0.9720000      48.35
   1229.37708    0.9686300      48.18
   1229.37878    0.9648600      48.00
   1229.38049    0.9604000      47.77
   1229.38232    0.9552800      47.52
   1229.38403    0.9499000      47.25
   1229.38574    0.9448600      47.00
   1229.38757    0.9407100      46.79
   1229.38928    0.9377300      46.65
   1229.39099    0.9359100      46.56
   1229.39282    0.9352000      46.52
   1229.39453    0.9358800      46.55
   1229.39624    0.9384500      46.68
   1229.39795    0.9427900      46.90
   1229.39978    0.9478900      47.15
   1229.40149    0.9526100      47.39
   1229.40320    0.9567700      47.59
   1229.40503    0.9610100      47.80
   1229.40674    0.9656400      48.03
   1229.40845    0.9700200      48.25
   1229.41016    0.9734100      48.42
   1229.41199    0.9758500      48.54
   1229.41370    0.9779400      48.64
   1229.41541    0.9799100      48.74
   1229.41724    0.9815000      48.82
   1229.41895    0.9826500      48.88
   1229.42065    0.9837600      48.93
   1229.42249    0.9849900      48.99
   1229.42419    0.9859700      49.04
   1229.42590    0.9863600      49.06
   1229.42761    0.9864900      49.07
   1229.42944    0.9869300      49.09
   1229.43115    0.9876500      49.13
   1229.43286    0.9880400      49.14
   1229.43469    0.9878200      49.13
   1229.43640    0.9874500      49.12
   1229.43811    0.9875000      49.12
   1229.43982    0.9879600      49.14
   1229.44165    0.9883700      49.16
   1229.44336    0.9885300      49.17
   1229.44507    0.9886000      49.17
   1229.44690    0.9886900      49.18
   1229.44861    0.9886900      49.18
   1229.45032    0.9885600      49.17
   1229.45215    0.9884900      49.17
   1229.45386    0.9885900      49.17
   1229.45557    0.9887900      49.18
   1229.45728    0.9889800      49.19
   1229.45911    0.9892300      49.20
   1229.46082    0.9895700      49.22
   1229.46252    0.9898000      49.23
   1229.46436    0.9896900      49.22
   1229.46606    0.9893700      49.21
   1229.46777    0.9892700      49.20
   1229.46960    0.9896200      49.22
   1229.47131    0.9901100      49.24
   1229.47302    0.9903100      49.25
   1229.47473    0.9900900      49.24
   1229.47656    0.9895900      49.22
   1229.47827    0.9890200      49.19
   1229.47998    0.9884600      49.16
   1229.48181    0.9879500      49.14
   1229.48352    0.9875200      49.11
   1229.48523    0.9870900      49.09
   1229.48706    0.9865300      49.07
   1229.48877    0.9857300      49.03
   1229.49048    0.9846500      48.97
   1229.49219    0.9832400      48.90
   1229.49402    0.9816100      48.82
   1229.49573    0.9800800      48.74
   1229.49744    0.9789800      48.69
   1229.49927    0.9782600      48.65
   1229.50098    0.9776000      48.62
   1229.50269    0.9768500      48.58
   1229.50439    0.9763700      48.56
   1229.50623    0.9765600      48.57
   1229.50793    0.9773100      48.60
   1229.50964    0.9780300      48.64
   1229.51147    0.9783200      48.65
   1229.51318    0.9783600      48.66
   1229.51489    0.9785300      48.66
   1229.51672    0.9789100      48.68
   1229.51843    0.9791500      48.70
   1229.52014    0.9788700      48.68
   1229.52185    0.9778400      48.63
   1229.52368    0.9761200      48.54
   1229.52539    0.9739900      48.44
   1229.52710    0.9717300      48.33
   1229.52893    0.9692700      48.20
   1229.53064    0.9661400      48.05
   1229.53235    0.9619400      47.84
   1229.53418    0.9568800      47.59
   1229.53589    0.9515700      47.32
   1229.53760    0.9463900      47.06
   1229.53931    0.9412500      46.81
   1229.54114    0.9361900      46.56
   1229.54285    0.9317900      46.34
   1229.54456    0.9288100      46.19
   1229.54639    0.9275400      46.13
   1229.54810    0.9277300      46.14
   1229.54980    0.9291500      46.21
   1229.55164    0.9318700      46.34
   1229.55334    0.9358300      46.54
   1229.55505    0.9405400      46.77
   1229.55676    0.9453100      47.01
   1229.55859    0.9497500      47.23
   1229.56030    0.9539100      47.44
   1229.56201    0.9578600      47.63
   1229.56384    0.9614800      47.81
   1229.56555    0.9646100      47.97
   1229.56726    0.9672700      48.10
   1229.56909    0.9696200      48.22
   1229.57080    0.9716300      48.32
   1229.57251    0.9731000      48.39
   1229.57422    0.9739900      48.43
   1229.57605    0.9746100      48.46
   1229.57776    0.9754500      48.51
   1229.57947    0.9766600      48.57
   1229.58130    0.9780100      48.63
   1229.58301    0.9792600      48.70
   1229.58472    0.9804900      48.76
   1229.58655    0.9819300      48.83
   1229.58826    0.9834200      48.90
   1229.58997    0.9845400      48.96
   1229.59167    0.9851000      48.99
   1229.59351    0.9854300      49.00
   1229.59521    0.9860000      49.03
   1229.59692    0.9868800      49.07
   1229.59875    0.9876800      49.11
   1229.60046    0.9881100      49.13
   1229.60217    0.9882200      49.14
   1229.60400    0.9882600      49.14
   1229.60571    0.9883200      49.14
   1229.60742    0.9883100      49.14
   1229.60913    0.9881600      49.14
   1229.61096    0.9880100      49.13
   1229.61267    0.9880700      49.13
   1229.61438    0.9884200      49.15
   1229.61621    0.9888400      49.17
   1229.61792    0.9890700      49.18
   1229.61963    0.9891600      49.18
   1229.62146    0.9894700      49.20
   1229.62317    0.9901200      49.23
   1229.62488    0.9907700      49.26
   1229.62659    0.9909300      49.27
   1229.62842    0.9907000      49.26
   1229.63013    0.9906700      49.26
   1229.63184    0.9911900      49.28
   1229.63367    0.9918500      49.32
   1229.63538    0.9920000      49.32
   1229.63708    0.9915900      49.30
   1229.63892    0.9911500      49.28
   1229.64062    0.9910000      49.27
   1229.64233    0.9909000      49.27
   1229.64404    0.9905200      49.25
   1229.64587    0.9899900      49.22
   1229.64758    0.9898000      49.21
   1229.64929    0.9901900      49.23
   1229.65112    0.9908700      49.27
   1229.65283    0.9913100      49.29
   1229.65454    0.9912000      49.28
   1229.65637    0.9906800      49.26
   1229.65808    0.9901400      49.23
   1229.65979    0.9898700      49.22
   1229.66150    0.9897400      49.21
   1229.66333    0.9894100      49.19
   1229.66504    0.9886900      49.16
   1229.66675    0.9877200      49.11
   1229.66858    0.9868200      49.06
   1229.67029    0.9860600      49.03
   1229.67200    0.9853000      48.99
   1229.67383    0.9845000      48.95
   1229.67554    0.9838600      48.92
   1229.67725    0.9834800      48.90
   1229.67896    0.9831500      48.88
   1229.68079    0.9825800      48.85
   1229.68250    0.9818000      48.81
   1229.68420    0.9810700      48.78
   1229.68604    0.9803900      48.74
   1229.68774    0.9794600      48.70
   1229.68945    0.9779300      48.62
   1229.69128    0.9757900      48.51
   1229.69299    0.9731200      48.38
   1229.69470    0.9697800      48.21
   1229.69653    0.9655300      48.00
   1229.69824    0.9603000      47.74
   1229.69995    0.9542000      47.44
   1229.70166    0.9473200      47.10
   1229.70349    0.9396300      46.72
   1229.70520    0.9313700      46.30
   1229.70691    0.9231600      45.90
   1229.70874    0.9157400      45.53
   1229.71045    0.9096400      45.22
   1229.71216    0.9052000      45.00
   1229.71399    0.9028000      44.88
   1229.71570    0.9026300      44.87
   1229.71741    0.9045100      44.97
   1229.71912    0.9079800      45.14
   1229.72095    0.9126800      45.37
   1229.72266    0.9183600      45.66
   1229.72437    0.9245600      45.96
   1229.72620    0.9306900      46.27
   1229.72791    0.9363300      46.55
   1229.72961    0.9413000      46.80
   1229.73145    0.9453000      46.99
   1229.73315    0.9478100      47.12
   1229.73486    0.9486000      47.16
   1229.73657    0.9478900      47.12
   1229.73840    0.9457500      47.02
   1229.74011    0.9416000      46.81
   1229.74182    0.9345200      46.46
   1229.74365    0.9237700      45.92
   1229.74536    0.9087100      45.17
   1229.74707    0.8889500      44.19
   1229.74890    0.8661300      43.06
   1229.75061    0.8455800      42.04
   1229.75232    0.8347900      41.50
   1229.75415    0.8384500      41.68
   1229.75586    0.8546800      42.49
   1229.75757    0.8766700      43.58
   1229.75928    0.8979100      44.64
   1229.76111    0.9156200      45.52
   1229.76282    0.9299500      46.23
   1229.76453    0.9415600      46.81
   1229.76636    0.9506500      47.26
   1229.76807    0.9575000      47.60
   1229.76978    0.9626400      47.85
   1229.77161    0.9664700      48.04
   1229.77332    0.9692600      48.18
   1229.77502    0.9715000      48.29
   1229.77673    0.9737000      48.40
   1229.77856    0.9758400      48.51
   1229.78027    0.9773800      48.59
   1229.78198    0.9780800      48.62
   1229.78381    0.9783200      48.63
   1229.78552    0.9784800      48.64
   1229.78723    0.9784400      48.64
   1229.78906    0.9778600      48.61
   1229.79077    0.9767400      48.55
   1229.79248    0.9752200      48.48
   1229.79431    0.9731400      48.37
   1229.79602    0.9701000      48.22
   1229.79773    0.9659700      48.02
   1229.79944    0.9610700      47.77
   1229.80127    0.9557000      47.51
   1229.80298    0.9500700      47.23
   1229.80469    0.9447500      46.96
   1229.80652    0.9410100      46.78
   1229.80823    0.9402900      46.74
   1229.80994    0.9431100      46.88
   1229.81177    0.9485900      47.15
   1229.81348    0.9550100      47.47
   1229.81519    0.9609600      47.77
   1229.81689    0.9659900      48.02
   1229.81873    0.9702800      48.23
   1229.82043    0.9739800      48.41
   1229.82214    0.9769900      48.56
   1229.82397    0.9793100      48.68
   1229.82568    0.9812000      48.77
   1229.82739    0.9829100      48.86
   1229.82922    0.9843300      48.93
   1229.83093    0.9852400      48.97
   1229.83264    0.9857000      48.99
   1229.83447    0.9860400      49.01
   1229.83618    0.9863700      49.03
   1229.83789    0.9865400      49.04
   1229.83960    0.9865700      49.04
   1229.84143    0.9868200      49.05
   1229.84314    0.9874900      49.08
   1229.84485    0.9882100      49.12
   1229.84668    0.9885000      49.13
   1229.84839    0.9884400      49.13
   1229.85010    0.9885900      49.14
   1229.85193    0.9891800      49.17
   1229.85364    0.9898100      49.20
   1229.85535    0.9900400      49.21
   1229.85718    0.9899700      49.20
   1229.85889    0.9898900      49.20
   1229.86060    0.9898700      49.20
   1229.86230    0.9897800      49.19
   1229.86414    0.9898200      49.20
   1229.86584    0.9903500      49.22
   1229.86755    0.9912900      49.27
   1229.86938    0.9920600      49.31
   1229.87109    0.9922300      49.32
   1229.87280    0.9919300      49.30
   1229.87463    0.9915700      49.28
   1229.87634    0.9913200      49.27
   1229.87805    0.9911000      49.26
   1229.87976    0.9909200      49.25
   1229.88159    0.9908200      49.25
   1229.88330    0.9907500      49.24
   1229.88501    0.9906300      49.24
   1229.88684    0.9906000      49.23
   1229.88855    0.9908700      49.25
   1229.89026    0.9912600      49.27
   1229.89209    0.9912900      49.27
   1229.89380    0.9907800      49.24
   1229.89551    0.9901700      49.21
   1229.89734    0.9900500      49.21
   1229.89905    0.9904100      49.22
   1229.90076    0.9907800      49.24
   1229.90247    0.9908600      49.25
   1229.90430    0.9908100      49.24
   1229.90601    0.9909000      49.25
   1229.90771    0.9910700      49.26
   1229.90955    0.9911600      49.26
   1229.91125    0.9912000      49.26
   1229.91296    0.9913500      49.27
   1229.91479    0.9916400      49.28
   1229.91650    0.9918700      49.29
   1229.91821    0.9919800      49.30
   1229.92004    0.9920900      49.30
   1229.92175    0.9922800      49.31
   1229.92346    0.9924100      49.32
   1229.92517    0.9923800      49.32
   1229.92700    0.9923300      49.32
   1229.92871    0.9924700      49.32
   1229.93042    0.9927300      49.34
   1229.93225    0.9928100      49.34
   1229.93396    0.9925700      49.33
   1229.93567    0.9922500      49.31
   1229.93750    0.9920800      49.30
   1229.93921    0.9919500      49.30
   1229.94092    0.9914800      49.27
   1229.94275    0.9906100      49.23
   1229.94446    0.9897600      49.19
   1229.94617    0.9893900      49.17
   1229.94788    0.9894500      49.17
   1229.94971    0.9894700      49.17
   1229.95142    0.9890800      49.15
   1229.95312    0.9883700      49.12
   1229.95496    0.9876000      49.08
   1229.95667    0.9867600      49.04
   1229.95837    0.9856600      48.98
   1229.96021    0.9843900      48.92
   1229.96191    0.9833200      48.87
   1229.96362    0.9825700      48.83
   1229.96545    0.9817900      48.79
   1229.96716    0.9806300      48.73
   1229.96887    0.9793800      48.67
   1229.97058    0.9787100      48.64
   1229.97241    0.9788500      48.64
   1229.97412    0.9793800      48.67
   1229.97583    0.9798500      48.69
   1229.97766    0.9804300      48.72
   1229.97937    0.9814300      48.77
   1229.98108    0.9826100      48.83
   1229.98291    0.9833900      48.87
   1229.98462    0.9835100      48.87
   1229.98633    0.9832900      48.86
   1229.98816    0.9830900      48.85
   1229.98987    0.9827800      48.84
   1229.99158    0.9820300      48.80
   1229.99341    0.9807300      48.73
   1229.99512    0.9789500      48.65
   1229.99683    0.9766500      48.53
   1229.99854    0.9735300      48.38
   1230.00037    0.9694200      48.17
   1230.00208    0.9645400      47.93
   1230.00378    0.9597000      47.69
   1230.00562    0.9561700      47.51
   1230.00732    0.9551300      47.46
   1230.00903    0.9569900      47.55
   1230.01086    0.9610900      47.76
   1230.01257    0.9662000      48.01
   1230.01428    0.9712300      48.26
   1230.01611    0.9755600      48.48
   1230.01782    0.9788800      48.64
   1230.01953    0.9811800      48.75
   1230.02124    0.9827800      48.83
   1230.02307    0.9841200      48.90
   1230.02478    0.9853600      48.96
   1230.02649    0.9863400      49.01
   1230.02832    0.9870200      49.04
   1230.03003    0.9875800      49.07
   1230.03174    0.9881000      49.10
   1230.03357    0.9883500      49.11
   1230.03528    0.9881900      49.10
   1230.03699    0.9880000      49.09
   1230.03882    0.9882900      49.11
   1230.04053    0.9890500      49.14
   1230.04224    0.9897400      49.18
   1230.04407    0.9900400      49.19
   1230.04578    0.9902300      49.20
   1230.04749    0.9906000      49.22
   1230.04919    0.9909400      49.24
   1230.05103    0.9908000      49.23
   1230.05273    0.9902000      49.20
   1230.05444    0.9896500      49.17
   1230.05627    0.9895500      49.17
   1230.05798    0.9897000      49.17
   1230.05969    0.9896200      49.17
   1230.06152    0.9891000      49.14
   1230.06323    0.9884500      49.11
   1230.06494    0.9881000      49.09
   1230.06677    0.9881900      49.10
   1230.06848    0.9884600      49.11
   1230.07019    0.9885600      49.12
   1230.07190    0.9884500      49.11
   1230.07373    0.9884200      49.11
   1230.07544    0.9887300      49.12
   1230.07715    0.9893000      49.15
   1230.07898    0.9896800      49.17
   1230.08069    0.9894900      49.16
   1230.08240    0.9887500      49.13
   1230.08423    0.9878800      49.08
   1230.08594    0.9873000      49.05
   1230.08765    0.9871300      49.04
   1230.08948    0.9871400      49.04
   1230.09119    0.9869600      49.04
   1230.09290    0.9863700      49.01
   1230.09473    0.9853300      48.95
   1230.09644    0.9838700      48.88
   1230.09814    0.9820100      48.79
   1230.09985    0.9798900      48.68
   1230.10168    0.9777800      48.58
   1230.10339    0.9759400      48.49
   1230.10510    0.9744300      48.41
   1230.10693    0.9732600      48.35
   1230.10864    0.9725400      48.32
   1230.11035    0.9724600      48.31
   1230.11218    0.9730700      48.34
   1230.11389    0.9742800      48.40
   1230.11560    0.9759000      48.48
   1230.11743    0.9777200      48.57
   1230.11914    0.9794200      48.66
   1230.12085    0.9807800      48.73
   1230.12268    0.9819400      48.78
   1230.12439    0.9833400      48.85
   1230.12610    0.9851000      48.94
   1230.12781    0.9867600      49.02
   1230.12964    0.9878100      49.07
   1230.13135    0.9883700      49.10
   1230.13306    0.9889700      49.13
   1230.13489    0.9897500      49.17
   1230.13660    0.9902500      49.20
   1230.13831    0.9901400      49.19
   1230.14014    0.9897400      49.17
   1230.14185    0.9896100      49.16
   1230.14355    0.9898400      49.17
   1230.14539    0.9901500      49.19
   1230.14709    0.9903400      49.20
   1230.14880    0.9904000      49.20
   1230.15063    0.9902600      49.19
   1230.15234    0.9897300      49.17
   1230.15405    0.9888600      49.12
   1230.15576    0.9878300      49.07
   1230.15759    0.9865800      49.01
   1230.15930    0.9847100      48.92
   1230.16101    0.9819900      48.78
   1230.16284    0.9787400      48.62
   1230.16455    0.9754900      48.46
   1230.16626    0.9723900      48.31
   1230.16809    0.9693000      48.15
   1230.16980    0.9663000      48.00
   1230.17151    0.9639600      47.89
   1230.17334    0.9628700      47.83
   1230.17505    0.9631100      47.84
   1230.17676    0.9643700      47.91
   1230.17859    0.9663900      48.01
   1230.18030    0.9691500      48.14
   1230.18201    0.9726800      48.32
   1230.18372    0.9766500      48.52
   1230.18555    0.9803900      48.70
   1230.18726    0.9833600      48.85
   1230.18896    0.9856100      48.96
   1230.19080    0.9876000      49.06
   1230.19250    0.9895300      49.15
   1230.19421    0.9910800      49.23
   1230.19604    0.9919300      49.27
   1230.19775    0.9922700      49.29
   1230.19946    0.9925300      49.30
   1230.20129    0.9928000      49.32
   1230.20300    0.9928000      49.32
   1230.20471    0.9925800      49.31
   1230.20654    0.9926500      49.31
   1230.20825    0.9932400      49.34
   1230.20996    0.9938400      49.37
   1230.21179    0.9937800      49.36
   1230.21350    0.9931600      49.33
   1230.21521    0.9926100      49.31
   1230.21692    0.9924000      49.30
   1230.21875    0.9921200      49.28
   1230.22046    0.9914600      49.25
   1230.22217    0.9907700      49.21
   1230.22400    0.9904700      49.20
   1230.22571    0.9903300      49.19
   1230.22742    0.9896500      49.16
   1230.22925    0.9883200      49.09
   1230.23096    0.9870000      49.03
   1230.23267    0.9863700      48.99
   1230.23450    0.9863500      48.99
   1230.23621    0.9863700      48.99
   1230.23792    0.9861800      48.98
   1230.23975    0.9860100      48.98
   1230.24146    0.9860400      48.98
   1230.24316    0.9860400      48.98
   1230.24487    0.9857200      48.96
   1230.24670    0.9852000      48.93
   1230.24841    0.9849100      48.92
   1230.25012    0.9850300      48.93
   1230.25195    0.9853000      48.94
   1230.25366    0.9855500      48.95
   1230.25537    0.9859200      48.97
   1230.25720    0.9866000      49.00
   1230.25891    0.9874500      49.05
   1230.26062    0.9882200      49.08
   1230.26245    0.9889700      49.12
   1230.26416    0.9899900      49.17
   1230.26587    0.9910900      49.23
   1230.26770    0.9917100      49.26
   1230.26941    0.9916600      49.25
   1230.27112    0.9915200      49.25
   1230.27295    0.9919200      49.27
   1230.27466    0.9927300      49.31
   1230.27637    0.9932500      49.33
   1230.27808    0.9931300      49.33
   1230.27991    0.9926100      49.30
   1230.28162    0.9920600      49.27
   1230.28333    0.9915300      49.25
   1230.28516    0.9911300      49.23
   1230.28687    0.9910700      49.22
   1230.28857    0.9913400      49.24
   1230.29041    0.9915100      49.24
   1230.29211    0.9912900      49.23
   1230.29382    0.9909100      49.21
   1230.29565    0.9907700      49.21
   1230.29736    0.9907600      49.21
   1230.29907    0.9905400      49.20
   1230.30090    0.9902200      49.18
   1230.30261    0.9902500      49.18
   1230.30432    0.9907300      49.20
   1230.30615    0.9911800      49.23
   1230.30786    0.9913100      49.23
   1230.30957    0.9914000      49.24
   1230.31128    0.9918000      49.26
   1230.31311    0.9922900      49.28
   1230.31482    0.9924300      49.29
   1230.31653    0.9922400      49.28
   1230.31836    0.9921900      49.28
   1230.32007    0.9925200      49.29
   1230.32178    0.9929400      49.31
   1230.32361    0.9931500      49.32
   1230.32532    0.9932100      49.33
   1230.32703    0.9933800      49.33
   1230.32886    0.9936500      49.35
   1230.33057    0.9937700      49.35
   1230.33228    0.9935900      49.34
   1230.33411    0.9932500      49.33
   1230.33582    0.9930000      49.31
   1230.33752    0.9930000      49.31
   1230.33936    0.9931300      49.32
   1230.34106    0.9932000      49.32
   1230.34277    0.9932200      49.33
   1230.34460    0.9934100      49.33
   1230.34631    0.9938200      49.35
   1230.34802    0.9940800      49.37
   1230.34973    0.9937200      49.35
   1230.35156    0.9928900      49.31
   1230.35327    0.9923100      49.28
   1230.35498    0.9924800      49.29
   1230.35681    0.9932000      49.32
   1230.35852    0.9938300      49.35
   1230.36023    0.9940500      49.36
   1230.36206    0.9938800      49.36
   1230.36377    0.9934500      49.33
   1230.36548    0.9929100      49.31
   1230.36731    0.9925000      49.29
   1230.36902    0.9923500      49.28
   1230.37073    0.9922000      49.27
   1230.37256    0.9917200      49.25
   1230.37427    0.9910900      49.22
   1230.37598    0.9908600      49.21
   1230.37781    0.9913000      49.23
   1230.37952    0.9920200      49.26
   1230.38123    0.9926000      49.29
   1230.38306    0.9929900      49.31
   1230.38477    0.9932700      49.32
   1230.38647    0.9932300      49.32
   1230.38818    0.9927700      49.30
   1230.39001    0.9922900      49.28
   1230.39172    0.9923300      49.28
   1230.39343    0.9927700      49.30
   1230.39526    0.9929500      49.31
   1230.39697    0.9925500      49.29
   1230.39868    0.9920500      49.26
   1230.40051    0.9919200      49.26
   1230.40222    0.9920000      49.26
   1230.40393    0.9919200      49.26
   1230.40576    0.9917800      49.25
   1230.40747    0.9920000      49.26
   1230.40918    0.9924900      49.28
   1230.41101    0.9927000      49.29
   1230.41272    0.9923600      49.28
   1230.41443    0.9919500      49.26
   1230.41626    0.9920500      49.26
   1230.41797    0.9925700      49.29
   1230.41968    0.9928600      49.30
   1230.42151    0.9926600      49.29
   1230.42322    0.9923700      49.28
   1230.42493    0.9925700      49.29
   1230.42664    0.9932200      49.32
   1230.42847    0.9938000      49.35
   1230.43018    0.9939200      49.35
   1230.43188    0.9937000      49.34
   1230.43372    0.9935300      49.33
   1230.43542    0.9935100      49.33
   1230.43713    0.9935000      49.33
   1230.43896    0.9934300      49.33
   1230.44067    0.9934100      49.33
   1230.44238    0.9934900      49.33
   1230.44421    0.9934600      49.33
   1230.44592    0.9931100      49.31
   1230.44763    0.9925800      49.28
   1230.44946    0.9921700      49.26
   1230.45117    0.9920500      49.26
   1230.45288    0.9921200      49.26
   1230.45471    0.9923100      49.27
   1230.45642    0.9926300      49.29
   1230.45813    0.9930300      49.31
   1230.45996    0.9933100      49.32
   1230.46167    0.9933700      49.32
   1230.46338    0.9933300      49.32
   1230.46521    0.9933400      49.32
   1230.46692    0.9933400      49.32
   1230.46863    0.9931500      49.31
   1230.47034    0.9927400      49.29
   1230.47217    0.9922200      49.26
   1230.47388    0.9916500      49.24
   1230.47559    0.9910100      49.20
   1230.47742    0.9902900      49.17
   1230.47913    0.9895500      49.13
   1230.48083    0.9888400      49.10
   1230.48267    0.9881200      49.06
   1230.48438    0.9873800      49.02
   1230.48608    0.9867200      48.99
   1230.48792    0.9862000      48.96
   1230.48962    0.9857500      48.94
   1230.49133    0.9852700      48.92
   1230.49316    0.9847900      48.89
   1230.49487    0.9844200      48.88
   1230.49658    0.9843100      48.87
   1230.49841    0.9845100      48.88
   1230.50012    0.9849400      48.90
   1230.50183    0.9854300      48.92
   1230.50366    0.9857900      48.94
   1230.50537    0.9860900      48.96
   1230.50708    0.9865300      48.98
   1230.50891    0.9872700      49.02
   1230.51062    0.9881300      49.06
   1230.51233    0.9888200      49.09
   1230.51416    0.9892100      49.11
   1230.51587    0.9894900      49.13
   1230.51758    0.9898400      49.14
   1230.51929    0.9901900      49.16
   1230.52112    0.9903400      49.17
   1230.52283    0.9902100      49.16
   1230.52454    0.9899500      49.15
   1230.52637    0.9897000      49.13
   1230.52808    0.9895300      49.13
   1230.52979    0.9895200      49.13
   1230.53162    0.9897700      49.14
   1230.53333    0.9903100      49.16
   1230.53503    0.9908900      49.19
   1230.53687    0.9912000      49.21
   1230.53857    0.9912300      49.21
   1230.54028    0.9912800      49.21
   1230.54211    0.9915400      49.22
   1230.54382    0.9917600      49.24
   1230.54553    0.9915500      49.23
   1230.54736    0.9909500      49.20
   1230.54907    0.9904600      49.17
   1230.55078    0.9905200      49.17
   1230.55261    0.9909900      49.20
   1230.55432    0.9914000      49.22
   1230.55603    0.9914200      49.22
   1230.55786    0.9910800      49.20
   1230.55957    0.9905200      49.17
   1230.56128    0.9898400      49.14
   1230.56311    0.9890800      49.10
   1230.56482    0.9880700      49.05
   1230.56653    0.9865600      48.98
   1230.56824    0.9844000      48.87
   1230.57007    0.9816200      48.73
   1230.57178    0.9779100      48.55
   1230.57349    0.9722600      48.27
   1230.57532    0.9640500      47.86
   1230.57703    0.9548000      47.40
   1230.57874    0.9483400      47.08
   1230.58057    0.9480700      47.06
   1230.58228    0.9539800      47.36
   1230.58398    0.9626900      47.79
   1230.58582    0.9705600      48.18
   1230.58752    0.9762900      48.46
   1230.58923    0.9805400      48.67
   1230.59106    0.9840300      48.85
   1230.59277    0.9867100      48.98
   1230.59448    0.9884200      49.07
   1230.59631    0.9894900      49.12
   1230.59802    0.9902300      49.16
   1230.59973    0.9905700      49.17
   1230.60156    0.9904000      49.16
   1230.60327    0.9901000      49.15
   1230.60498    0.9902700      49.16
   1230.60681    0.9909800      49.19
   1230.60852    0.9917400      49.23
   1230.61023    0.9920600      49.24
   1230.61206    0.9920400      49.24
   1230.61377    0.9920500      49.24
   1230.61548    0.9922600      49.25
   1230.61731    0.9924600      49.26
   1230.61902    0.9924400      49.26
   1230.62073    0.9923200      49.26
   1230.62256    0.9924300      49.26
   1230.62427    0.9928900      49.28
   1230.62598    0.9934700      49.31
   1230.62769    0.9938100      49.33
   1230.62952    0.9938100      49.33
   1230.63123    0.9936400      49.32
   1230.63293    0.9935000      49.31
   1230.63477    0.9934600      49.31
   1230.63647    0.9935100      49.31
   1230.63818    0.9936100      49.32
   1230.64001    0.9937100      49.32
   1230.64172    0.9937800      49.33
   1230.64343    0.9938600      49.33
   1230.64526    0.9939800      49.34
   1230.64697    0.9939600      49.34
   1230.64868    0.9936100      49.32
   1230.65051    0.9930800      49.29
   1230.65222    0.9928600      49.28
   1230.65393    0.9931300      49.29
   1230.65576    0.9934500      49.31
   1230.65747    0.9933300      49.30
   1230.65918    0.9929700      49.29
   1230.66101    0.9930600      49.29
   1230.66272    0.9936900      49.32
   1230.66443    0.9942000      49.35
   1230.66626    0.9940700      49.34
   1230.66797    0.9935600      49.31
   1230.66968    0.9932100      49.30
   1230.67151    0.9930100      49.29
   1230.67322    0.9925500      49.26
   1230.67493    0.9918000      49.23
   1230.67676    0.9911900      49.20
   1230.67847    0.9910200      49.19
   1230.68018    0.9912000      49.20
   1230.68201    0.9915900      49.22
   1230.68372    0.9921900      49.25
   1230.68542    0.9928100      49.28
   1230.68726    0.9931200      49.29
   1230.68896    0.9931400      49.29
   1230.69067    0.9933000      49.30
   1230.69250    0.9937300      49.32
   1230.69421    0.9938600      49.33
   1230.69592    0.9932300      49.30
   1230.69763    0.9923100      49.25
   1230.69946    0.9920400      49.24
   1230.70117    0.9926100      49.26
   1230.70288    0.9932500      49.30
   1230.70471    0.9933100      49.30
   1230.70642    0.9929700      49.28
   1230.70813    0.9928500      49.28
   1230.70996    0.9931200      49.29
   1230.71167    0.9934400      49.30
   1230.71338    0.9934900      49.31
   1230.71521    0.9931800      49.29
   1230.71692    0.9925900      49.26
   1230.71863    0.9918300      49.22
   1230.72046    0.9910700      49.19
   1230.72217    0.9903600      49.15
   1230.72388    0.9896300      49.11
   1230.72571    0.9888400      49.08
   1230.72742    0.9881200      49.04
   1230.72913    0.9877000      49.02
   1230.73096    0.9876200      49.01
   1230.73267    0.9877500      49.02
   1230.73438    0.9880400      49.03
   1230.73621    0.9884300      49.05
   1230.73792    0.9887400      49.07
   1230.73962    0.9887600      49.07
   1230.74146    0.9885300      49.06
   1230.74316    0.9882600      49.05
   1230.74487    0.9880900      49.04
   1230.74670    0.9880400      49.03
   1230.74841    0.9881200      49.04
   1230.75012    0.9883600      49.05
   1230.75195    0.9886500      49.06
   1230.75366    0.9887900      49.07
   1230.75537    0.9889000      49.08
   1230.75720    0.9892800      49.09
   1230.75891    0.9899100      49.13
   1230.76062    0.9903400      49.15
   1230.76245    0.9903300      49.15
   1230.76416    0.9902800      49.14
   1230.76587    0.9907500      49.17
   1230.76770    0.9915900      49.21
   1230.76941    0.9921700      49.24
   1230.77112    0.9922600      49.24
   1230.77295    0.9922800      49.24
   1230.77466    0.9926300      49.26
   1230.77637    0.9931300      49.28
   1230.77820    0.9933800      49.30
   1230.77991    0.9933000      49.29
   1230.78162    0.9930300      49.28
   1230.78333    0.9927400      49.26
   1230.78516    0.9925700      49.26
   1230.78687    0.9927600      49.26
   1230.78857    0.9932900      49.29
   1230.79041    0.9937100      49.31
   1230.79211    0.9935800      49.31
   1230.79382    0.9930600      49.28
   1230.79565    0.9927900      49.27
   1230.79736    0.9930500      49.28
   1230.79907    0.9934500      49.30
   1230.80090    0.9935400      49.30
   1230.80261    0.9934300      49.30
   1230.80432    0.9935200      49.30
   1230.80615    0.9938300      49.32
   1230.80786    0.9939600      49.32
   1230.80957    0.9936800      49.31
   1230.81140    0.9932900      49.29
   1230.81311    0.9931600      49.28
   1230.81482    0.9932100      49.28
   1230.81665    0.9930300      49.28
   1230.81836    0.9924500      49.25
   1230.82007    0.9918500      49.22
   1230.82190    0.9917000      49.21
   1230.82361    0.9918700      49.22
   1230.82532    0.9918500      49.22
   1230.82715    0.9914700      49.20
   1230.82886    0.9912600      49.19
   1230.83057    0.9917000      49.21
   1230.83240    0.9924300      49.24
   1230.83411    0.9925600      49.25
   1230.83582    0.9918500      49.22
   1230.83765    0.9910900      49.18
   1230.83936    0.9911000      49.18
   1230.84106    0.9917100      49.21
   1230.84290    0.9921100      49.23
   1230.84460    0.9919800      49.22
   1230.84631    0.9917200      49.21
   1230.84814    0.9917000      49.21
   1230.84985    0.9917300      49.21
   1230.85156    0.9915500      49.20
   1230.85339    0.9913000      49.19
   1230.85510    0.9912500      49.18
   1230.85681    0.9913500      49.19
   1230.85864    0.9914400      49.19
   1230.86035    0.9916000      49.20
   1230.86206    0.9919200      49.22
   1230.86389    0.9920600      49.22
   1230.86560    0.9916000      49.20
   1230.86731    0.9906400      49.15
   1230.86914    0.9897900      49.11
   1230.87085    0.9894200      49.09
   1230.87256    0.9892900      49.09
   1230.87439    0.9890800      49.07
   1230.87610    0.9887700      49.06
   1230.87781    0.9884900      49.05
   1230.87964    0.9881300      49.03
   1230.88135    0.9875600      49.00
   1230.88306    0.9869100      48.97
   1230.88489    0.9862700      48.93
   1230.88660    0.9853600      48.89
   1230.88831    0.9837700      48.81
   1230.89014    0.9816200      48.70
   1230.89185    0.9793400      48.59
   1230.89355    0.9769400      48.47
   1230.89539    0.9737900      48.31
   1230.89709    0.9693600      48.09
   1230.89880    0.9637200      47.81
   1230.90063    0.9568600      47.47
   1230.90234    0.9483900      47.05
   1230.90405    0.9383600      46.56
   1230.90588    0.9285800      46.07
   1230.90759    0.9220900      45.75
   1230.90930    0.9210200      45.70
   1230.91113    0.9250500      45.89
   1230.91284    0.9319900      46.24
   1230.91455    0.9396300      46.62
   1230.91638    0.9468200      46.97
   1230.91809    0.9532500      47.29
   1230.91980    0.9589300      47.58
   1230.92163    0.9639200      47.82
   1230.92334    0.9682600      48.04
   1230.92505    0.9719100      48.22
   1230.92688    0.9748200      48.36
   1230.92859    0.9771400      48.48
   1230.93030    0.9791000      48.57
   1230.93213    0.9808400      48.66
   1230.93384    0.9822700      48.73
   1230.93555    0.9833600      48.79
   1230.93726    0.9842800      48.83
   1230.93909    0.9851600      48.87
   1230.94080    0.9860300      48.92
   1230.94250    0.9868400      48.96
   1230.94434    0.9876400      49.00
   1230.94604    0.9883900      49.03
   1230.94775    0.9888600      49.06
   1230.94958    0.9889700      49.06
   1230.95129    0.9890000      49.06
   1230.95300    0.9892300      49.08
   1230.95483    0.9894800      49.09
   1230.95654    0.9894000      49.08
   1230.95825    0.9891800      49.07
   1230.96008    0.9895300      49.09
   1230.96179    0.9906600      49.15
   1230.96350    0.9918300      49.20
   1230.96533    0.9921800      49.22
   1230.96704    0.9917900      49.20
   1230.96875    0.9914700      49.19
   1230.97058    0.9916800      49.20
   1230.97229    0.9920600      49.21
   1230.97400    0.9921500      49.22
   1230.97583    0.9919800      49.21
   1230.97754    0.9918400      49.20
   1230.97925    0.9917900      49.20
   1230.98108    0.9917300      49.20
   1230.98279    0.9916700      49.19
   1230.98450    0.9915700      49.19
   1230.98633    0.9912400      49.17
   1230.98804    0.9906600      49.14
   1230.98975    0.9903400      49.13
   1230.99158    0.9907800      49.15
   1230.99329    0.9916700      49.19
   1230.99500    0.9920700      49.21
   1230.99683    0.9916300      49.19
   1230.99854    0.9910300      49.16
   1231.00024    0.9909900      49.16
   1231.00208    0.9913100      49.17
   1231.00378    0.9912400      49.17
   1231.00549    0.9906400      49.14
   1231.00732    0.9901100      49.11
   1231.00903    0.9899900      49.11
   1231.01074    0.9898500      49.10
   1231.01257    0.9892100      49.07
   1231.01428    0.9884000      49.03
   1231.01599    0.9880400      49.01
   1231.01782    0.9881700      49.02
   1231.01953    0.9882000      49.02
   1231.02124    0.9878600      49.00
   1231.02307    0.9875800      48.99
   1231.02478    0.9878700      49.00
   1231.02649    0.9885200      49.03
   1231.02832    0.9888900      49.05
   1231.03003    0.9887200      49.04
   1231.03174    0.9884400      49.03
   1231.03357    0.9885700      49.04
   1231.03528    0.9890600      49.06
   1231.03699    0.9894700      49.08
   1231.03882    0.9894600      49.08
   1231.04053    0.9891200      49.06
   1231.04224    0.9887400      49.04
   1231.04407    0.9885600      49.03
   1231.04578    0.9886800      49.04
   1231.04749    0.9890200      49.06
   1231.04932    0.9893100      49.07
   1231.05103    0.9892700      49.07
   1231.05273    0.9888700      49.05
   1231.05457    0.9884700      49.03
   1231.05627    0.9884300      49.03
   1231.05798    0.9887200      49.04
   1231.05981    0.9889600      49.05
   1231.06152    0.9889000      49.05
   1231.06323    0.9887200      49.04
   1231.06506    0.9887300      49.04
   1231.06677    0.9889600      49.05
   1231.06848    0.9891100      49.06
   1231.07031    0.9890500      49.06
   1231.07202    0.9890000      49.05
   1231.07373    0.9893000      49.07
   1231.07556    0.9898600      49.10
   1231.07727    0.9903300      49.12
   1231.07898    0.9905100      49.13
   1231.08081    0.9905500      49.13
   1231.08252    0.9907200      49.14
   1231.08423    0.9910000      49.15
   1231.08606    0.9911700      49.16
   1231.08777    0.9912100      49.16
   1231.08948    0.9912800      49.17
   1231.09131    0.9914300      49.17
   1231.09302    0.9914700      49.17
   1231.09473    0.9912500      49.16
   1231.09656    0.9909700      49.15
   1231.09827    0.9909700      49.15
   1231.09998    0.9912700      49.16
   1231.10181    0.9915400      49.18
   1231.10352    0.9915300      49.18
   1231.10522    0.9913100      49.17
   1231.10706    0.9909800      49.15
   1231.10876    0.9904400      49.12
   1231.11047    0.9894900      49.08
   1231.11230    0.9882300      49.01
   1231.11401    0.9869700      48.95
   1231.11584    0.9857100      48.89
   1231.11755    0.9840600      48.81
   1231.11926    0.9817000      48.69
   1231.12109    0.9788500      48.55
   1231.12280    0.9761800      48.41
   1231.12451    0.9743600      48.32
   1231.12634    0.9737900      48.30
   1231.12805    0.9745300      48.33
   1231.12976    0.9761700      48.41
   1231.13159    0.9778700      48.50
   1231.13330    0.9787500      48.54
   1231.13501    0.9785700      48.53
   1231.13684    0.9777400      48.49
   1231.13855    0.9766400      48.44
   1231.14026    0.9752600      48.37
   1231.14209    0.9734800      48.28
   1231.14380    0.9715300      48.18
   1231.14551    0.9698300      48.10
   1231.14734    0.9684100      48.03
   1231.14905    0.9670000      47.96
   1231.15076    0.9655700      47.89
   1231.15259    0.9645200      47.83
   1231.15430    0.9641900      47.82
   1231.15601    0.9644600      47.83
   1231.15784    0.9650600      47.86
   1231.15955    0.9660700      47.91
   1231.16125    0.9677800      47.99
   1231.16309    0.9700800      48.11
   1231.16479    0.9725000      48.23
   1231.16650    0.9746600      48.34
   1231.16833    0.9765800      48.43
   1231.17004    0.9784200      48.52
   1231.17175    0.9801400      48.61
   1231.17358    0.9816600      48.68
   1231.17529    0.9829700      48.75
   1231.17700    0.9841000      48.80
   1231.17883    0.9849300      48.84
   1231.18054    0.9854400      48.87
   1231.18225    0.9858900      48.89
   1231.18408    0.9865500      48.92
   1231.18579    0.9872700      48.96
   1231.18750    0.9875600      48.97
   1231.18933    0.9872900      48.96
   1231.19104    0.9869600      48.94
   1231.19275    0.9871000      48.95
   1231.19458    0.9876400      48.98
   1231.19629    0.9881000      49.00
   1231.19800    0.9882100      49.00
   1231.19983    0.9881100      49.00
   1231.20154    0.9879600      48.99
   1231.20325    0.9876600      48.98
   1231.20508    0.9870900      48.95
   1231.20679    0.9863400      48.91
   1231.20850    0.9855600      48.87
   1231.21033    0.9847600      48.83
   1231.21204    0.9838100      48.78
   1231.21375    0.9827800      48.73
   1231.21558    0.9818800      48.69
   1231.21729    0.9811900      48.65
   1231.21899    0.9805800      48.62
   1231.22083    0.9800300      48.60
   1231.22253    0.9797900      48.58
   1231.22424    0.9801700      48.60
   1231.22607    0.9810300      48.65
   1231.22778    0.9818500      48.69
   1231.22949    0.9823000      48.71
   1231.23132    0.9826400      48.73
   1231.23303    0.9832900      48.76
   1231.23474    0.9842300      48.80
   1231.23657    0.9849200      48.84
   1231.23828    0.9850800      48.85
   1231.23999    0.9850700      48.85
   1231.24182    0.9854300      48.86
   1231.24353    0.9861400      48.90
   1231.24524    0.9866600      48.92
   1231.24707    0.9867100      48.93
   1231.24878    0.9865600      48.92
   1231.25049    0.9866300      48.92
   1231.25232    0.9868800      48.93
   1231.25403    0.9871000      48.94
   1231.25574    0.9873500      48.96
   1231.25757    0.9878700      48.98
   1231.25928    0.9886000      49.02
   1231.26099    0.9891200      49.04
   1231.26282    0.9891500      49.05
   1231.26453    0.9887900      49.03
   1231.26636    0.9882800      49.00
   1231.26807    0.9876200      48.97
   1231.26978    0.9866300      48.92
   1231.27161    0.9851700      48.85
   1231.27332    0.9832300      48.75
   1231.27502    0.9808600      48.63
   1231.27686    0.9782000      48.50
   1231.27856    0.9754600      48.37
   1231.28027    0.9727700      48.23
   1231.28210    0.9701300      48.10
   1231.28381    0.9676300      47.98
   1231.28552    0.9657400      47.88
   1231.28735    0.9649300      47.84
   1231.28906    0.9653200      47.86
   1231.29077    0.9665700      47.92
   1231.29260    0.9683500      48.01
   1231.29431    0.9705200      48.12
   1231.29602    0.9730200      48.24
   1231.29785    0.9757400      48.38
   1231.29956    0.9785200      48.52
   1231.30127    0.9811900      48.65
   1231.30310    0.9835000      48.76
   1231.30481    0.9852500      48.85
   1231.30652    0.9863900      48.90
   1231.30835    0.9870400      48.94
   1231.31006    0.9873500      48.95
   1231.31177    0.9874200      48.96
   1231.31360    0.9875200      48.96
   1231.31531    0.9878800      48.98
   1231.31702    0.9883300      49.00
   1231.31885    0.9883900      49.00
   1231.32056    0.9878600      48.98
   1231.32227    0.9872200      48.94
   1231.32410    0.9870000      48.93
   1231.32581    0.9870300      48.94
   1231.32751    0.9867400      48.92
   1231.32935    0.9860400      48.89
   1231.33105    0.9854800      48.86
   1231.33276    0.9854400      48.86
   1231.33459    0.9857000      48.87
   1231.33630    0.9858900      48.88
   1231.33801    0.9859900      48.88
   1231.33984    0.9861100      48.89
   1231.34155    0.9861600      48.89
   1231.34326    0.9860500      48.89
   1231.34509    0.9860000      48.88
   1231.34680    0.9862700      48.90
   1231.34851    0.9866600      48.91
   1231.35034    0.9867200      48.92
   1231.35205    0.9864600      48.90
   1231.35388    0.9863600      48.90
   1231.35559    0.9866000      48.91
   1231.35730    0.9867900      48.92
   1231.35913    0.9865600      48.91
   1231.36084    0.9860900      48.89
   1231.36255    0.9857300      48.87
   1231.36438    0.9854200      48.85
   1231.36609    0.9848000      48.82
   1231.36780    0.9837500      48.77
   1231.36963    0.9826400      48.71
   1231.37134    0.9818100      48.67
   1231.37305    0.9812700      48.65
   1231.37488    0.9807000      48.62
   1231.37659    0.9797600      48.57
   1231.37830    0.9782700      48.50
   1231.38013    0.9763900      48.40
   1231.38184    0.9746000      48.31
   1231.38354    0.9732000      48.24
   1231.38538    0.9718700      48.18
   1231.38708    0.9699000      48.08
   1231.38879    0.9671600      47.94
   1231.39062    0.9644100      47.81
   1231.39233    0.9625000      47.71
   1231.39404    0.9612800      47.65
   1231.39587    0.9598000      47.58
   1231.39758    0.9575000      47.47
   1231.39929    0.9547600      47.33
   1231.40112    0.9522100      47.20
   1231.40283    0.9499100      47.09
   1231.40454    0.9475800      46.97
   1231.40637    0.9454500      46.87
   1231.40808    0.9443600      46.81
   1231.40979    0.9449200      46.84
   1231.41162    0.9468900      46.94
   1231.41333    0.9495000      47.07
   1231.41504    0.9522100      47.20
   1231.41687    0.9548500      47.33
   1231.41858    0.9573800      47.46
   1231.42029    0.9596700      47.57
   1231.42212    0.9617500      47.67
   1231.42383    0.9638000      47.78
   1231.42566    0.9658800      47.88
   1231.42737    0.9677500      47.97
   1231.42908    0.9692700      48.05
   1231.43091    0.9705700      48.11
   1231.43262    0.9719600      48.18
   1231.43433    0.9733800      48.25
   1231.43616    0.9745400      48.31
   1231.43787    0.9753500      48.35
   1231.43958    0.9760900      48.38
   1231.44141    0.9769400      48.43
   1231.44312    0.9775800      48.46
   1231.44482    0.9775000      48.45
   1231.44666    0.9766200      48.41
   1231.44836    0.9754800      48.35
   1231.45007    0.9745400      48.31
   1231.45190    0.9737100      48.26
   1231.45361    0.9725700      48.21
   1231.45532    0.9709200      48.13
   1231.45715    0.9688800      48.02
   1231.45886    0.9663900      47.90
   1231.46057    0.9629800      47.73
   1231.46240    0.9580800      47.49
   1231.46411    0.9513700      47.16
   1231.46582    0.9426700      46.72
   1231.46765    0.9318500      46.19
   1231.46936    0.9196600      45.58
   1231.47107    0.9086200      45.04
   1231.47290    0.9024300      44.73
   1231.47461    0.9036800      44.79
   1231.47632    0.9117000      45.19
   1231.47815    0.9230800      45.75
   1231.47986    0.9342900      46.31
   1231.48169    0.9437500      46.78
   1231.48340    0.9515400      47.16
   1231.48511    0.9580100      47.48
   1231.48694    0.9631500      47.74
   1231.48865    0.9671200      47.93
   1231.49036    0.9705100      48.10
   1231.49219    0.9737700      48.26
   1231.49390    0.9767000      48.41
   1231.49561    0.9788400      48.51
   1231.49744    0.9801500      48.58
   1231.49915    0.9810300      48.62
   1231.50085    0.9818300      48.66
   1231.50269    0.9825300      48.70
   1231.50439    0.9830200      48.72
   1231.50610    0.9832600      48.73
   1231.50793    0.9832000      48.73
   1231.50964    0.9828900      48.71
   1231.51135    0.9825500      48.70
   1231.51318    0.9824900      48.69
   1231.51489    0.9826800      48.70
   1231.51660    0.9826000      48.70
   1231.51843    0.9819300      48.67
   1231.52014    0.9810300      48.62
   1231.52185    0.9806100      48.60
   1231.52368    0.9809400      48.62
   1231.52539    0.9816700      48.65
   1231.52710    0.9823500      48.69
   1231.52893    0.9829500      48.72
   1231.53064    0.9836000      48.75
   1231.53247    0.9842900      48.78
   1231.53418    0.9849300      48.81
   1231.53589    0.9856200      48.85
   1231.53772    0.9864400      48.89
   1231.53943    0.9871400      48.92
   1231.54114    0.9874100      48.94
   1231.54297    0.9874400      48.94
   1231.54468    0.9878100      48.96
   1231.54639    0.9886700      49.00
   1231.54822    0.9894700      49.04
   1231.54993    0.9895500      49.04
   1231.55164    0.9890200      49.01
   1231.55347    0.9886400      49.00
   1231.55518    0.9888400      49.01
   1231.55688    0.9892900      49.03
   1231.55872    0.9894600      49.04
   1231.56042    0.9893000      49.03
   1231.56213    0.9892300      49.02
   1231.56396    0.9895400      49.04
   1231.56567    0.9900200      49.06
   1231.56738    0.9902900      49.08
   1231.56921    0.9901400      49.07
   1231.57092    0.9896100      49.04
   1231.57263    0.9888700      49.01
   1231.57446    0.9880600      48.97
   1231.57617    0.9873000      48.93
   1231.57788    0.9866500      48.90
   1231.57971    0.9860900      48.87
   1231.58142    0.9854800      48.84
   1231.58325    0.9847000      48.80
   1231.58496    0.9837400      48.75
   1231.58667    0.9828000      48.70
   1231.58850    0.9820600      48.67
   1231.59021    0.9814700      48.64
   1231.59192    0.9807800      48.60
   1231.59375    0.9797400      48.55
   1231.59546    0.9784000      48.48
   1231.59717    0.9769400      48.41
   1231.59900    0.9754700      48.34
   1231.60071    0.9740000      48.27
   1231.60242    0.9726100      48.20
   1231.60425    0.9715200      48.14
   1231.60596    0.9707500      48.10
   1231.60767    0.9701500      48.07
   1231.60950    0.9697200      48.05
   1231.61121    0.9698700      48.06
   1231.61292    0.9709300      48.11
   1231.61475    0.9726600      48.20
   1231.61646    0.9744000      48.28
   1231.61816    0.9758800      48.36
   1231.62000    0.9774500      48.44
   1231.62170    0.9793800      48.53
   1231.62354    0.9812400      48.62
   1231.62524    0.9824900      48.68
   1231.62695    0.9833700      48.73
   1231.62878    0.9845600      48.79
   1231.63049    0.9860700      48.86
   1231.63220    0.9870900      48.91
   1231.63403    0.9871700      48.92
   1231.63574    0.9870200      48.91
   1231.63745    0.9875000      48.93
   1231.63928    0.9883400      48.97
   1231.64099    0.9884500      48.98
   1231.64270    0.9875900      48.94
   1231.64453    0.9867500      48.89
   1231.64624    0.9867800      48.90
   1231.64795    0.9873200      48.92
   1231.64978    0.9874900      48.93
   1231.65149    0.9871800      48.92
   1231.65320    0.9869700      48.90
   1231.65503    0.9871100      48.91
   1231.65674    0.9872100      48.92
   1231.65845    0.9870300      48.91
   1231.66028    0.9869000      48.90
   1231.66199    0.9870400      48.91
   1231.66382    0.9871400      48.91
   1231.66553    0.9868800      48.90
   1231.66724    0.9865700      48.88
   1231.66907    0.9867900      48.89
   1231.67078    0.9875300      48.93
   1231.67249    0.9881800      48.96
   1231.67432    0.9884500      48.98
   1231.67603    0.9887400      48.99
   1231.67773    0.9894500      49.03
   1231.67957    0.9903200      49.07
   1231.68127    0.9907000      49.09
   1231.68298    0.9904400      49.07
   1231.68481    0.9900300      49.05
   1231.68652    0.9899200      49.05
   1231.68823    0.9900000      49.05
   1231.69006    0.9899700      49.05
   1231.69177    0.9898400      49.04
   1231.69348    0.9898300      49.04
   1231.69531    0.9899100      49.05
   1231.69702    0.9896900      49.04
   1231.69873    0.9890600      49.00
   1231.70056    0.9884600      48.97
   1231.70227    0.9884100      48.97
   1231.70410    0.9887400      48.99
   1231.70581    0.9889400      49.00
   1231.70752    0.9889300      49.00
   1231.70935    0.9891700      49.01
   1231.71106    0.9898000      49.04
   1231.71277    0.9902500      49.06
   1231.71460    0.9900800      49.05
   1231.71631    0.9896500      49.03
   1231.71802    0.9896600      49.03
   1231.71985    0.9899800      49.05
   1231.72156    0.9897700      49.04
   1231.72327    0.9887500      48.99
   1231.72510    0.9876500      48.93
   1231.72681    0.9871600      48.91
   1231.72852    0.9869900      48.90
   1231.73035    0.9864600      48.87
   1231.73206    0.9855500      48.83
   1231.73376    0.9849100      48.80
   1231.73560    0.9848600      48.79
   1231.73730    0.9850700      48.80
   1231.73914    0.9852300      48.81
   1231.74084    0.9855100      48.82
   1231.74255    0.9861900      48.86
   1231.74438    0.9871300      48.90
   1231.74609    0.9880200      48.95
   1231.74780    0.9888200      48.99
   1231.74963    0.9896500      49.03
   1231.75134    0.9904200      49.07
   1231.75305    0.9909400      49.09
   1231.75488    0.9912300      49.11
   1231.75659    0.9915300      49.12
   1231.75830    0.9919100      49.14
   1231.76013    0.9921600      49.15
   1231.76184    0.9920500      49.15
   1231.76355    0.9915500      49.12
   1231.76538    0.9908600      49.09
   1231.76709    0.9903000      49.06
   1231.76880    0.9900900      49.05
   1231.77063    0.9901500      49.05
   1231.77234    0.9901600      49.05
   1231.77417    0.9898800      49.04
   1231.77588    0.9894400      49.02
   1231.77759    0.9890900      49.00
   1231.77942    0.9888700      48.99
   1231.78113    0.9886300      48.98
   1231.78284    0.9884300      48.97
   1231.78467    0.9885200      48.97
   1231.78638    0.9888800      48.99
   1231.78809    0.9891700      49.00
   1231.78992    0.9891600      49.00
   1231.79163    0.9891300      49.00
   1231.79333    0.9894800      49.02
   1231.79517    0.9902100      49.05
   1231.79688    0.9909300      49.09
   1231.79858    0.9913600      49.11
   1231.80042    0.9914800      49.12
   1231.80212    0.9914500      49.11
   1231.80383    0.9914300      49.11
   1231.80566    0.9915800      49.12
   1231.80737    0.9918700      49.13
   1231.80920    0.9920500      49.14
   1231.81091    0.9919600      49.14
   1231.81262    0.9917900      49.13
   1231.81445    0.9918600      49.13
   1231.81616    0.9921800      49.15
   1231.81787    0.9924600      49.16
   1231.81970    0.9925300      49.17
   1231.82141    0.9925000      49.16
   1231.82312    0.9924000      49.16
   1231.82495    0.9920000      49.14
   1231.82666    0.9913200      49.11
   1231.82837    0.9908200      49.08
   1231.83020    0.9909000      49.08
   1231.83191    0.9913100      49.10
   1231.83362    0.9915100      49.11
   1231.83545    0.9914100      49.11
   1231.83716    0.9914300      49.11
   1231.83899    0.9918100      49.13
   1231.84070    0.9922500      49.15
   1231.84241    0.9924000      49.16
   1231.84424    0.9923100      49.15
   1231.84595    0.9922700      49.15
   1231.84766    0.9923700      49.16
   1231.84949    0.9925500      49.16
   1231.85120    0.9927900      49.18
   1231.85291    0.9930300      49.19
   1231.85474    0.9931000      49.19
   1231.85645    0.9929000      49.18
   1231.85815    0.9926200      49.17
   1231.85999    0.9924900      49.16
   1231.86169    0.9924500      49.16
   1231.86340    0.9923400      49.15
   1231.86523    0.9923200      49.15
   1231.86694    0.9925700      49.16
   1231.86877    0.9928000      49.18
   1231.87048    0.9924600      49.16
   1231.87219    0.9916000      49.12
   1231.87402    0.9910500      49.09
   1231.87573    0.9913200      49.10
   1231.87744    0.9918600      49.13
   1231.87927    0.9918300      49.13
   1231.88098    0.9913500      49.10
   1231.88269    0.9912300      49.10
   1231.88452    0.9916100      49.12
   1231.88623    0.9918000      49.12
   1231.88794    0.9914500      49.11
   1231.88977    0.9911500      49.09
   1231.89148    0.9913300      49.10
   1231.89319    0.9914000      49.10
   1231.89502    0.9905800      49.06
   1231.89673    0.9892700      49.00
   1231.89856    0.9885800      48.96
   1231.90027    0.9888000      48.97
   1231.90198    0.9890800      48.99
   1231.90381    0.9888700      48.98
   1231.90552    0.9887100      48.97
   1231.90723    0.9891200      48.99
   1231.90906    0.9895800      49.01
   1231.91077    0.9892900      49.00
   1231.91248    0.9884400      48.96
   1231.91431    0.9880000      48.93
   1231.91602    0.9883500      48.95
   1231.91772    0.9889700      48.98
   1231.91956    0.9894100      49.00
   1231.92126    0.9898300      49.02
   1231.92297    0.9903500      49.05
   1231.92480    0.9906000      49.06
   1231.92651    0.9903700      49.05
   1231.92834    0.9900900      49.04
   1231.93005    0.9902300      49.04
   1231.93176    0.9905000      49.06
   1231.93359    0.9904200      49.05
   1231.93530    0.9901700      49.04
   1231.93701    0.9903800      49.05
   1231.93884    0.9910500      49.08
   1231.94055    0.9914100      49.10
   1231.94226    0.9910700      49.08
   1231.94409    0.9905500      49.06
   1231.94580    0.9905100      49.06
   1231.94751    0.9908500      49.07
   1231.94934    0.9910400      49.08
   1231.95105    0.9909700      49.08
   1231.95288    0.9909300      49.08
   1231.95459    0.9910000      49.08
   1231.95630    0.9909000      49.07
   1231.95813    0.9905000      49.05
   1231.95984    0.9900100      49.03
   1231.96155    0.9896100      49.01
   1231.96338    0.9892400      48.99
   1231.96509    0.9888100      48.97
   1231.96680    0.9883500      48.95
   1231.96863    0.9878800      48.92
   1231.97034    0.9872200      48.89
   1231.97205    0.9863000      48.84
   1231.97388    0.9852500      48.79
   1231.97559    0.9843200      48.75
   1231.97729    0.9834600      48.70
   1231.97913    0.9824100      48.65
   1231.98083    0.9808700      48.58
   1231.98267    0.9786400      48.46
   1231.98438    0.9757000      48.32
   1231.98608    0.9722800      48.15
   1231.98792    0.9688100      47.98
   1231.98962    0.9656400      47.82
   1231.99133    0.9627000      47.67
   1231.99316    0.9596800      47.52
   1231.99487    0.9564300      47.36
   1231.99658    0.9531200      47.20
   1231.99841    0.9501300      47.05
   1232.00012    0.9478000      46.94
   1232.00183    0.9463600      46.86
   1232.00366    0.9458500      46.84
   1232.00537    0.9460000      46.85
   1232.00720    0.9464000      46.87
   1232.00891    0.9469100      46.89
   1232.01062    0.9476600      46.93
   1232.01245    0.9486000      46.97
   1232.01416    0.9492000      47.00
   1232.01587    0.9489400      46.99
   1232.01770    0.9479100      46.94
   1232.01941    0.9466900      46.88
   1232.02112    0.9456000      46.83
   1232.02295    0.9445000      46.77
   1232.02466    0.9433800      46.71
   1232.02637    0.9427700      46.68
   1232.02820    0.9433100      46.71
   1232.02991    0.9450500      46.80
   1232.03174    0.9475400      46.92
   1232.03345    0.9505000      47.07
   1232.03516    0.9540000      47.24
   1232.03699    0.9580300      47.44
   1232.03870    0.9621800      47.64
   1232.04041    0.9659800      47.83
   1232.04224    0.9693100      48.00
   1232.04395    0.9724500      48.15
   1232.04565    0.9756100      48.31
   1232.04749    0.9786400      48.46
   1232.04919    0.9811400      48.58
   1232.05090    0.9829000      48.67
   1232.05273    0.9840500      48.73
   1232.05444    0.9849600      48.77
   1232.05627    0.9859000      48.82
   1232.05798    0.9868900      48.87
   1232.05969    0.9877900      48.91
   1232.06152    0.9885700      48.95
   1232.06323    0.9892400      48.98
   1232.06494    0.9896200      49.00
   1232.06677    0.9895600      49.00
   1232.06848    0.9892300      48.98
   1232.07019    0.9891200      48.98
   1232.07202    0.9894100      48.99
   1232.07373    0.9897500      49.01
   1232.07544    0.9898000      49.01
   1232.07727    0.9897500      49.01
   1232.07898    0.9900500      49.02
   1232.08081    0.9907000      49.05
   1232.08252    0.9912000      49.08
   1232.08423    0.9912700      49.08
   1232.08606    0.9911300      49.07
   1232.08777    0.9910700      49.07
   1232.08948    0.9910500      49.07
   1232.09131    0.9909600      49.07
   1232.09302    0.9908900      49.06
   1232.09473    0.9909200      49.06
   1232.09656    0.9908700      49.06
   1232.09827    0.9905500      49.04
   1232.09998    0.9901800      49.03
