   1272.00122    0.9465000      43.81
   1272.00305    0.9459900      43.78
   1272.00500    0.9452500      43.75
   1272.00684    0.9444800      43.71
   1272.00867    0.9440700      43.69
   1272.01062    0.9441800      43.70
   1272.01245    0.9444300      43.71
   1272.01428    0.9444200      43.71
   1272.01624    0.9442200      43.70
   1272.01807    0.9441800      43.70
   1272.01990    0.9443500      43.71
   1272.02185    0.9444000      43.71
   1272.02368    0.9441100      43.69
   1272.02551    0.9437500      43.68
   1272.02734    0.9437300      43.68
   1272.02930    0.9441200      43.69
   1272.03113    0.9446000      43.72
   1272.03296    0.9449200      43.73
   1272.03491    0.9452200      43.74
   1272.03674    0.9458400      43.77
   1272.03857    0.9467400      43.81
   1272.04053    0.9474600      43.85
   1272.04236    0.9475600      43.85
   1272.04419    0.9472500      43.84
   1272.04602    0.9471400      43.83
   1272.04797    0.9474500      43.85
   1272.04980    0.9476300      43.86
   1272.05164    0.9471000      43.83
   1272.05359    0.9458500      43.77
   1272.05542    0.9439800      43.69
   1272.05725    0.9411400      43.55
   1272.05920    0.9370700      43.37
   1272.06104    0.9329000      43.17
   1272.06287    0.9309700      43.08
   1272.06482    0.9328600      43.17
   1272.06665    0.9376400      43.39
   1272.06848    0.9427200      43.63
   1272.07031    0.9461900      43.79
   1272.07227    0.9480000      43.87
   1272.07410    0.9490900      43.92
   1272.07593    0.9498500      43.96
   1272.07788    0.9500000      43.96
   1272.07971    0.9494100      43.94
   1272.08154    0.9486200      43.90
   1272.08350    0.9482000      43.88
   1272.08533    0.9480500      43.87
   1272.08716    0.9476700      43.85
   1272.08899    0.9471700      43.83
   1272.09094    0.9472700      43.84
   1272.09277    0.9481300      43.87
   1272.09460    0.9490300      43.92
   1272.09656    0.9494000      43.93
   1272.09839    0.9496900      43.95
   1272.10022    0.9504900      43.98
   1272.10217    0.9512300      44.02
   1272.10400    0.9510100      44.01
   1272.10583    0.9502000      43.97
   1272.10779    0.9500500      43.96
   1272.10962    0.9506000      43.99
   1272.11145    0.9506300      43.99
   1272.11328    0.9498600      43.95
   1272.11523    0.9496200      43.94
   1272.11707    0.9505200      43.98
   1272.11890    0.9512400      44.02
   1272.12085    0.9507000      43.99
   1272.12268    0.9499200      43.96
   1272.12451    0.9501100      43.96
   1272.12646    0.9505700      43.99
   1272.12830    0.9502200      43.97
   1272.13013    0.9499700      43.96
   1272.13208    0.9509500      44.00
   1272.13391    0.9518800      44.05
   1272.13574    0.9508500      44.00
   1272.13757    0.9490000      43.91
   1272.13953    0.9489300      43.91
   1272.14136    0.9499800      43.96
   1272.14319    0.9492200      43.92
   1272.14514    0.9469300      43.82
   1272.14697    0.9465400      43.80
   1272.14880    0.9483100      43.88
   1272.15076    0.9481300      43.87
   1272.15259    0.9448400      43.72
   1272.15442    0.9429200      43.63
   1272.15637    0.9446400      43.71
   1272.15820    0.9452100      43.74
   1272.16003    0.9409500      43.54
   1272.16187    0.9364400      43.33
   1272.16382    0.9367400      43.34
   1272.16565    0.9376300      43.38
   1272.16748    0.9328200      43.16
   1272.16943    0.9266800      42.88
   1272.17126    0.9275100      42.92
   1272.17310    0.9302600      43.04
   1272.17505    0.9212700      42.63
   1272.17688    0.9017600      41.72
   1272.17871    0.8871800      41.05
   1272.18066    0.8743700      40.46
   1272.18250    0.8308200      38.44
   1272.18433    0.7397700      34.23
   1272.18616    0.6445800      29.82
   1272.18811    0.6180400      28.60
   1272.18994    0.6825500      31.58
   1272.19177    0.7840500      36.28
   1272.19373    0.8545100      39.54
   1272.19556    0.8799500      40.71
   1272.19739    0.8919100      41.27
   1272.19934    0.9115900      42.18
   1272.20117    0.9292200      42.99
   1272.20300    0.9331600      43.17
   1272.20496    0.9314300      43.09
   1272.20679    0.9359000      43.30
   1272.20862    0.9434100      43.65
   1272.21045    0.9447700      43.71
   1272.21240    0.9414700      43.56
   1272.21423    0.9416700      43.57
   1272.21606    0.9458500      43.76
   1272.21802    0.9475700      43.84
   1272.21985    0.9455300      43.75
   1272.22168    0.9448700      43.71
   1272.22363    0.9473600      43.83
   1272.22546    0.9488100      43.90
   1272.22729    0.9472500      43.82
   1272.22925    0.9461800      43.77
   1272.23108    0.9479000      43.85
   1272.23291    0.9494900      43.93
   1272.23474    0.9483200      43.87
   1272.23669    0.9466500      43.80
   1272.23853    0.9474100      43.83
   1272.24036    0.9489800      43.90
   1272.24231    0.9480200      43.86
   1272.24414    0.9450600      43.72
   1272.24597    0.9435600      43.65
   1272.24792    0.9445900      43.70
   1272.24976    0.9459900      43.76
   1272.25159    0.9463200      43.78
   1272.25354    0.9465400      43.79
   1272.25537    0.9475100      43.83
   1272.25720    0.9483000      43.87
   1272.25903    0.9480100      43.86
   1272.26099    0.9472800      43.82
   1272.26282    0.9471300      43.82
   1272.26465    0.9472900      43.82
   1272.26660    0.9468900      43.80
   1272.26843    0.9458900      43.76
   1272.27026    0.9450100      43.72
   1272.27222    0.9445500      43.70
   1272.27405    0.9441600      43.68
   1272.27588    0.9436900      43.66
   1272.27783    0.9435200      43.65
   1272.27966    0.9440300      43.67
   1272.28149    0.9449700      43.72
   1272.28345    0.9456600      43.75
   1272.28528    0.9457000      43.75
   1272.28711    0.9453400      43.73
   1272.28894    0.9452400      43.73
   1272.29089    0.9457300      43.75
   1272.29272    0.9465400      43.79
   1272.29456    0.9470500      43.81
   1272.29651    0.9468700      43.80
   1272.29834    0.9462400      43.77
   1272.30017    0.9457700      43.75
   1272.30212    0.9459200      43.76
   1272.30396    0.9465300      43.79
   1272.30579    0.9470800      43.81
   1272.30774    0.9471300      43.81
   1272.30957    0.9466700      43.79
   1272.31140    0.9459700      43.76
   1272.31323    0.9454000      43.73
   1272.31519    0.9452700      43.73
   1272.31702    0.9456100      43.74
   1272.31885    0.9460100      43.76
   1272.32080    0.9460100      43.76
   1272.32263    0.9456800      43.74
   1272.32446    0.9454800      43.74
   1272.32642    0.9453600      43.73
   1272.32825    0.9447100      43.70
   1272.33008    0.9434000      43.64
   1272.33203    0.9422700      43.59
   1272.33386    0.9418600      43.57
   1272.33569    0.9414400      43.55
   1272.33765    0.9402900      43.49
   1272.33948    0.9390200      43.44
   1272.34131    0.9385000      43.41
   1272.34314    0.9379600      43.39
   1272.34509    0.9360400      43.30
   1272.34692    0.9333600      43.17
   1272.34875    0.9318400      43.10
   1272.35071    0.9313400      43.08
   1272.35254    0.9294700      42.99
   1272.35437    0.9254200      42.81
   1272.35632    0.9213000      42.61
   1272.35815    0.9183700      42.48
   1272.35999    0.9146700      42.31
   1272.36194    0.9085300      42.02
   1272.36377    0.9016100      41.70
   1272.36560    0.8953800      41.42
   1272.36755    0.8872100      41.04
   1272.36938    0.8739400      40.42
   1272.37122    0.8569300      39.64
   1272.37305    0.8382100      38.77
   1272.37500    0.8132600      37.62
   1272.37683    0.7741300      35.81
   1272.37866    0.7187500      33.24
   1272.38062    0.6476500      29.96
   1272.38245    0.5503500      25.46
   1272.38428    0.4106000      18.99
   1272.38623    0.2392500      11.07
   1272.38806    0.0945000       4.37
   1272.38989    0.0488600       2.26
   1272.39185    0.1270200       5.87
   1272.39368    0.2834600      13.11
   1272.39551    0.4456200      20.61
   1272.39746    0.5714800      26.43
   1272.39929    0.6618400      30.61
   1272.40112    0.7309700      33.81
   1272.40295    0.7834500      36.24
   1272.40491    0.8188800      37.87
   1272.40674    0.8426000      38.97
   1272.40857    0.8621400      39.87
   1272.41052    0.8788100      40.65
   1272.41235    0.8899200      41.16
   1272.41418    0.8964200      41.46
   1272.41614    0.9025900      41.75
   1272.41797    0.9097200      42.07
   1272.41980    0.9151600      42.33
   1272.42175    0.9174800      42.43
   1272.42358    0.9187200      42.49
   1272.42542    0.9209900      42.60
   1272.42737    0.9240800      42.74
   1272.42920    0.9272900      42.89
   1272.43103    0.9309800      43.06
   1272.43286    0.9350200      43.24
   1272.43481    0.9378700      43.38
   1272.43665    0.9386300      43.41
   1272.43848    0.9386700      43.41
   1272.44043    0.9397700      43.46
   1272.44226    0.9417000      43.55
   1272.44409    0.9429800      43.61
   1272.44604    0.9432700      43.62
   1272.44788    0.9435100      43.64
   1272.44971    0.9441300      43.66
   1272.45166    0.9445100      43.68
   1272.45349    0.9443200      43.67
   1272.45532    0.9442000      43.67
   1272.45728    0.9446800      43.69
   1272.45911    0.9453900      43.72
   1272.46094    0.9456900      43.74
   1272.46289    0.9456600      43.73
   1272.46472    0.9458300      43.74
   1272.46655    0.9463700      43.77
   1272.46838    0.9469800      43.79
   1272.47034    0.9474200      43.81
   1272.47217    0.9477600      43.83
   1272.47400    0.9480800      43.84
   1272.47595    0.9482100      43.85
   1272.47778    0.9479300      43.84
   1272.47961    0.9474000      43.81
   1272.48157    0.9470200      43.80
   1272.48340    0.9469900      43.79
   1272.48523    0.9470100      43.79
   1272.48718    0.9467500      43.78
   1272.48901    0.9463500      43.76
   1272.49084    0.9463300      43.76
   1272.49280    0.9467800      43.78
   1272.49463    0.9470800      43.80
   1272.49646    0.9465900      43.77
   1272.49829    0.9455000      43.72
   1272.50024    0.9445200      43.68
   1272.50208    0.9438700      43.65
   1272.50391    0.9429300      43.60
   1272.50586    0.9409700      43.51
   1272.50769    0.9380700      43.38
   1272.50952    0.9348200      43.23
   1272.51147    0.9315800      43.08
   1272.51331    0.9284000      42.93
   1272.51514    0.9257300      42.81
   1272.51709    0.9245900      42.76
   1272.51892    0.9257300      42.81
   1272.52075    0.9286900      42.94
   1272.52271    0.9321900      43.11
   1272.52454    0.9353100      43.25
   1272.52637    0.9380400      43.38
   1272.52832    0.9406500      43.50
   1272.53015    0.9430200      43.61
   1272.53198    0.9447800      43.69
   1272.53381    0.9459600      43.74
   1272.53577    0.9469400      43.79
   1272.53760    0.9479000      43.83
   1272.53943    0.9485700      43.86
   1272.54138    0.9487000      43.87
   1272.54321    0.9485000      43.86
   1272.54504    0.9484100      43.85
   1272.54700    0.9487000      43.87
   1272.54883    0.9492900      43.90
   1272.55066    0.9499000      43.92
   1272.55261    0.9502200      43.94
   1272.55444    0.9502200      43.94
   1272.55627    0.9502200      43.94
   1272.55823    0.9506500      43.96
   1272.56006    0.9514800      44.00
   1272.56189    0.9521600      44.03
   1272.56384    0.9522500      44.03
   1272.56567    0.9519700      44.02
   1272.56750    0.9518400      44.01
   1272.56946    0.9519400      44.02
   1272.57129    0.9519200      44.02
   1272.57312    0.9516000      44.00
   1272.57495    0.9512700      43.98
   1272.57690    0.9511400      43.98
   1272.57874    0.9510400      43.97
   1272.58057    0.9507500      43.96
   1272.58252    0.9505100      43.95
   1272.58435    0.9506200      43.95
   1272.58618    0.9508700      43.97
   1272.58813    0.9507000      43.96
   1272.58997    0.9500000      43.93
   1272.59180    0.9492700      43.89
   1272.59375    0.9489600      43.88
   1272.59558    0.9489600      43.88
   1272.59741    0.9490300      43.88
   1272.59937    0.9492500      43.89
   1272.60120    0.9497100      43.91
   1272.60303    0.9500900      43.93
   1272.60498    0.9501300      43.93
   1272.60681    0.9500500      43.93
   1272.60864    0.9502200      43.93
   1272.61047    0.9502600      43.94
   1272.61243    0.9495600      43.90
   1272.61426    0.9484200      43.85
   1272.61609    0.9478900      43.83
   1272.61804    0.9481500      43.84
   1272.61987    0.9481400      43.84
   1272.62170    0.9472900      43.80
   1272.62366    0.9465400      43.76
   1272.62549    0.9467800      43.77
   1272.62732    0.9473200      43.80
   1272.62927    0.9470300      43.78
   1272.63110    0.9461900      43.75
   1272.63293    0.9458000      43.73
   1272.63489    0.9455800      43.72
   1272.63672    0.9445600      43.67
   1272.63855    0.9430500      43.60
   1272.64050    0.9423000      43.57
   1272.64233    0.9419900      43.55
   1272.64417    0.9405800      43.49
   1272.64612    0.9383200      43.38
   1272.64795    0.9374200      43.34
   1272.64978    0.9383300      43.38
   1272.65173    0.9386400      43.40
   1272.65356    0.9370800      43.32
   1272.65540    0.9358600      43.27
   1272.65723    0.9368400      43.31
   1272.65918    0.9380500      43.37
   1272.66101    0.9370700      43.32
   1272.66284    0.9353500      43.24
   1272.66479    0.9354400      43.25
   1272.66663    0.9358600      43.27
   1272.66846    0.9334100      43.15
   1272.67041    0.9292800      42.96
   1272.67224    0.9272300      42.87
   1272.67407    0.9264400      42.83
   1272.67603    0.9225000      42.65
   1272.67786    0.9157500      42.34
   1272.67969    0.9113300      42.13
   1272.68164    0.9090500      42.03
   1272.68347    0.9017100      41.69
   1272.68530    0.8871100      41.01
   1272.68726    0.8723600      40.33
   1272.68909    0.8595600      39.74
   1272.69092    0.8370200      38.69
   1272.69287    0.7952600      36.76
   1272.69470    0.7414700      34.28
   1272.69653    0.6802200      31.45
   1272.69836    0.5876600      27.17
   1272.70032    0.4351700      20.12
   1272.70215    0.2495700      11.54
   1272.70398    0.1236400       5.72
   1272.70593    0.1389100       6.42
   1272.70776    0.2831800      13.09
   1272.70959    0.4645000      21.47
   1272.71155    0.6030400      27.88
   1272.71338    0.6888000      31.84
   1272.71521    0.7515700      34.74
   1272.71716    0.8055900      37.24
   1272.71899    0.8425900      38.95
   1272.72083    0.8608000      39.79
   1272.72278    0.8734900      40.38
   1272.72461    0.8893400      41.11
   1272.72644    0.9028500      41.74
   1272.72839    0.9085400      42.00
   1272.73022    0.9113700      42.13
   1272.73206    0.9175200      42.41
   1272.73401    0.9244000      42.73
   1272.73584    0.9268400      42.84
   1272.73767    0.9265600      42.83
   1272.73962    0.9286800      42.93
   1272.74146    0.9330600      43.13
   1272.74329    0.9356300      43.25
   1272.74524    0.9359300      43.26
   1272.74707    0.9372600      43.32
   1272.74890    0.9404600      43.47
   1272.75073    0.9428400      43.58
   1272.75269    0.9432300      43.60
   1272.75452    0.9436500      43.62
   1272.75635    0.9453700      43.70
   1272.75830    0.9468800      43.77
   1272.76013    0.9471400      43.78
   1272.76196    0.9474800      43.80
   1272.76392    0.9489500      43.86
   1272.76575    0.9502100      43.92
   1272.76758    0.9498400      43.90
   1272.76953    0.9488800      43.86
   1272.77136    0.9491800      43.87
   1272.77319    0.9505800      43.94
   1272.77515    0.9514300      43.98
   1272.77698    0.9512300      43.97
   1272.77881    0.9508800      43.95
   1272.78076    0.9509400      43.95
   1272.78259    0.9509900      43.96
   1272.78442    0.9507300      43.94
   1272.78638    0.9504000      43.93
   1272.78821    0.9500600      43.91
   1272.79004    0.9494900      43.89
   1272.79199    0.9488400      43.86
   1272.79382    0.9487700      43.85
   1272.79565    0.9495100      43.89
   1272.79761    0.9504400      43.93
   1272.79944    0.9508800      43.95
   1272.80127    0.9507600      43.94
   1272.80310    0.9504100      43.93
   1272.80505    0.9501200      43.91
   1272.80688    0.9500600      43.91
   1272.80872    0.9502800      43.92
   1272.81067    0.9506400      43.94
   1272.81250    0.9508300      43.95
   1272.81433    0.9507700      43.94
   1272.81628    0.9508600      43.95
   1272.81812    0.9514200      43.97
   1272.81995    0.9522300      44.01
   1272.82190    0.9527300      44.03
   1272.82373    0.9527000      44.03
   1272.82556    0.9525200      44.02
   1272.82751    0.9526500      44.03
   1272.82935    0.9530000      44.05
   1272.83118    0.9530300      44.05
   1272.83313    0.9523500      44.02
   1272.83496    0.9512300      43.96
   1272.83679    0.9503700      43.92
   1272.83875    0.9502100      43.92
   1272.84058    0.9506800      43.94
   1272.84241    0.9514800      43.98
   1272.84436    0.9524400      44.02
   1272.84619    0.9534600      44.07
   1272.84802    0.9542900      44.10
   1272.84998    0.9545800      44.12
   1272.85181    0.9542400      44.10
   1272.85364    0.9535300      44.07
   1272.85559    0.9528600      44.04
   1272.85742    0.9524300      44.02
   1272.85925    0.9522400      44.01
   1272.86121    0.9522800      44.01
   1272.86304    0.9524700      44.02
   1272.86487    0.9526800      44.03
   1272.86670    0.9527800      44.03
   1272.86865    0.9527800      44.03
   1272.87048    0.9528000      44.03
   1272.87231    0.9529100      44.04
   1272.87427    0.9529600      44.04
   1272.87610    0.9527700      44.03
   1272.87793    0.9523500      44.01
   1272.87988    0.9519900      44.00
   1272.88171    0.9519700      43.99
   1272.88354    0.9523300      44.01
   1272.88550    0.9529100      44.04
   1272.88733    0.9535700      44.07
   1272.88916    0.9542400      44.10
   1272.89111    0.9548100      44.13
   1272.89294    0.9552200      44.14
   1272.89478    0.9554700      44.16
   1272.89673    0.9556500      44.16
   1272.89856    0.9557500      44.17
   1272.90039    0.9556300      44.16
   1272.90234    0.9552500      44.14
   1272.90417    0.9548600      44.13
   1272.90601    0.9547400      44.12
   1272.90796    0.9548800      44.13
   1272.90979    0.9550100      44.13
   1272.91162    0.9549900      44.13
   1272.91357    0.9548300      44.12
   1272.91541    0.9546600      44.12
   1272.91724    0.9546400      44.12
   1272.91919    0.9548800      44.13
   1272.92102    0.9552300      44.14
   1272.92285    0.9550700      44.14
   1272.92480    0.9538800      44.08
   1272.92664    0.9519800      43.99
   1272.92847    0.9505200      43.92
   1272.93042    0.9504800      43.92
   1272.93225    0.9516600      43.98
   1272.93408    0.9530200      44.04
   1272.93604    0.9538200      44.08
   1272.93787    0.9541700      44.09
   1272.93970    0.9545000      44.11
   1272.94165    0.9548700      44.12
   1272.94348    0.9550400      44.13
   1272.94531    0.9549100      44.13
   1272.94714    0.9547200      44.12
   1272.94910    0.9546100      44.11
   1272.95093    0.9545500      44.11
   1272.95276    0.9544300      44.10
   1272.95471    0.9543500      44.10
   1272.95654    0.9544900      44.11
   1272.95837    0.9548100      44.12
   1272.96033    0.9549900      44.13
   1272.96216    0.9547900      44.12
   1272.96399    0.9542700      44.10
   1272.96594    0.9536900      44.07
   1272.96777    0.9532100      44.05
   1272.96960    0.9527400      44.02
   1272.97156    0.9522000      44.00
   1272.97339    0.9516800      43.97
   1272.97522    0.9512300      43.95
   1272.97717    0.9506600      43.93
   1272.97900    0.9497000      43.88
   1272.98083    0.9483200      43.82
   1272.98279    0.9468300      43.75
   1272.98462    0.9455600      43.69
   1272.98645    0.9444600      43.64
   1272.98840    0.9432100      43.58
   1272.99023    0.9416800      43.51
   1272.99207    0.9400700      43.44
   1272.99402    0.9386100      43.37
   1272.99585    0.9373900      43.31
   1272.99768    0.9364900      43.27
   1272.99963    0.9362600      43.26
   1273.00146    0.9370200      43.30
   1273.00330    0.9386500      43.37
   1273.00525    0.9405300      43.46
   1273.00708    0.9422600      43.54
   1273.00891    0.9440100      43.62
   1273.01086    0.9459900      43.71
   1273.01270    0.9478200      43.79
   1273.01453    0.9488600      43.84
   1273.01648    0.9490800      43.85
   1273.01831    0.9492800      43.86
   1273.02014    0.9500400      43.90
   1273.02209    0.9510400      43.94
   1273.02393    0.9516000      43.97
   1273.02576    0.9515600      43.97
   1273.02771    0.9514100      43.96
   1273.02954    0.9514300      43.96
   1273.03137    0.9514400      43.96
   1273.03333    0.9512400      43.95
   1273.03516    0.9510700      43.94
   1273.03699    0.9511200      43.94
   1273.03894    0.9511800      43.95
   1273.04077    0.9508700      43.93
   1273.04260    0.9502300      43.90
   1273.04456    0.9496200      43.87
   1273.04639    0.9493500      43.86
   1273.04822    0.9495300      43.87
   1273.05005    0.9502300      43.90
   1273.05200    0.9514000      43.96
   1273.05383    0.9526500      44.01
   1273.05566    0.9534100      44.05
   1273.05762    0.9535600      44.06
   1273.05945    0.9536200      44.06
   1273.06128    0.9540400      44.08
   1273.06323    0.9545600      44.10
   1273.06506    0.9545300      44.10
   1273.06689    0.9538000      44.07
   1273.06885    0.9529100      44.02
   1273.07068    0.9525100      44.01
   1273.07251    0.9526100      44.01
   1273.07446    0.9527700      44.02
   1273.07629    0.9526200      44.01
   1273.07812    0.9521900      43.99
   1273.08008    0.9517500      43.97
   1273.08191    0.9515100      43.96
   1273.08374    0.9515000      43.96
   1273.08569    0.9516600      43.97
   1273.08752    0.9518700      43.98
   1273.08936    0.9520600      43.98
   1273.09131    0.9522900      43.99
   1273.09314    0.9527100      44.01
   1273.09497    0.9533900      44.04
   1273.09692    0.9542300      44.08
   1273.09875    0.9550100      44.12
   1273.10059    0.9556000      44.15
   1273.10254    0.9559800      44.16
   1273.10437    0.9561900      44.17
   1273.10620    0.9562300      44.18
   1273.10815    0.9561800      44.17
   1273.10999    0.9561400      44.17
   1273.11182    0.9560900      44.17
   1273.11377    0.9558400      44.16
   1273.11560    0.9553300      44.13
   1273.11743    0.9549300      44.11
   1273.11938    0.9551800      44.13
   1273.12122    0.9560300      44.16
   1273.12305    0.9567000      44.20
   1273.12500    0.9564600      44.18
   1273.12683    0.9555100      44.14
   1273.12866    0.9547500      44.11
   1273.13062    0.9548000      44.11
   1273.13245    0.9553600      44.13
   1273.13428    0.9558000      44.15
   1273.13623    0.9559900      44.16
   1273.13806    0.9563200      44.18
   1273.13989    0.9569400      44.21
   1273.14185    0.9575200      44.23
   1273.14368    0.9577200      44.24
   1273.14551    0.9575400      44.23
   1273.14746    0.9572300      44.22
   1273.14929    0.9568200      44.20
   1273.15112    0.9562400      44.17
   1273.15308    0.9556400      44.14
   1273.15491    0.9554300      44.13
   1273.15674    0.9557200      44.15
   1273.15869    0.9561100      44.17
   1273.16052    0.9560800      44.16
   1273.16235    0.9556700      44.15
   1273.16431    0.9554400      44.13
   1273.16614    0.9557000      44.15
   1273.16797    0.9560700      44.16
   1273.16992    0.9559700      44.16
   1273.17175    0.9554100      44.13
   1273.17358    0.9549300      44.11
   1273.17554    0.9549300      44.11
   1273.17737    0.9552400      44.12
   1273.17920    0.9555000      44.14
   1273.18115    0.9557000      44.15
   1273.18298    0.9559800      44.16
   1273.18481    0.9562600      44.17
   1273.18677    0.9562700      44.17
   1273.18860    0.9560500      44.16
   1273.19043    0.9558600      44.15
   1273.19238    0.9556200      44.14
   1273.19421    0.9548900      44.11
   1273.19604    0.9535700      44.05
   1273.19800    0.9523100      43.99
   1273.19983    0.9518200      43.96
   1273.20166    0.9520400      43.97
   1273.20361    0.9522700      43.99
   1273.20544    0.9521900      43.98
   1273.20728    0.9521800      43.98
   1273.20923    0.9526300      44.00
   1273.21106    0.9533800      44.04
   1273.21289    0.9540500      44.07
   1273.21484    0.9545600      44.09
   1273.21667    0.9549700      44.11
   1273.21851    0.9551400      44.12
   1273.22046    0.9549000      44.11
   1273.22229    0.9544900      44.09
   1273.22412    0.9544400      44.08
   1273.22607    0.9548800      44.10
   1273.22791    0.9553300      44.12
   1273.22974    0.9553100      44.12
   1273.23169    0.9548500      44.10
   1273.23352    0.9542300      44.07
   1273.23535    0.9534500      44.04
   1273.23730    0.9524000      43.99
   1273.23914    0.9514100      43.94
   1273.24097    0.9512500      43.94
   1273.24292    0.9522900      43.98
   1273.24475    0.9539000      44.06
   1273.24658    0.9549800      44.11
   1273.24854    0.9550500      44.11
   1273.25037    0.9546000      44.09
   1273.25220    0.9543600      44.08
   1273.25415    0.9544800      44.08
   1273.25598    0.9545500      44.09
   1273.25781    0.9542700      44.07
   1273.25977    0.9537900      44.05
   1273.26160    0.9534400      44.03
   1273.26343    0.9532700      44.03
   1273.26538    0.9530300      44.02
   1273.26721    0.9524200      43.99
   1273.26904    0.9513800      43.94
   1273.27100    0.9501400      43.88
   1273.27283    0.9491100      43.83
   1273.27466    0.9486600      43.81
   1273.27661    0.9488900      43.82
   1273.27844    0.9496400      43.86
   1273.28027    0.9505700      43.90
   1273.28223    0.9514100      43.94
   1273.28406    0.9520200      43.97
   1273.28589    0.9524300      43.99
   1273.28784    0.9527900      44.00
   1273.28967    0.9531400      44.02
   1273.29150    0.9532600      44.02
   1273.29346    0.9529400      44.01
   1273.29529    0.9523700      43.98
   1273.29712    0.9520600      43.97
   1273.29907    0.9521500      43.97
   1273.30090    0.9521700      43.97
   1273.30273    0.9516500      43.95
   1273.30469    0.9506800      43.90
   1273.30652    0.9496500      43.86
   1273.30835    0.9485400      43.81
   1273.31030    0.9468600      43.73
   1273.31213    0.9443300      43.61
   1273.31396    0.9410500      43.46
   1273.31592    0.9371700      43.28
   1273.31775    0.9328100      43.08
   1273.31958    0.9287200      42.89
   1273.32153    0.9262200      42.77
   1273.32336    0.9261500      42.77
   1273.32520    0.9279600      42.85
   1273.32715    0.9304100      42.97
   1273.32898    0.9328700      43.08
   1273.33081    0.9356700      43.21
   1273.33276    0.9389200      43.36
   1273.33459    0.9419900      43.50
   1273.33643    0.9441600      43.60
   1273.33838    0.9455300      43.66
   1273.34021    0.9467600      43.72
   1273.34204    0.9480300      43.78
   1273.34399    0.9489700      43.82
   1273.34583    0.9494100      43.84
   1273.34766    0.9497600      43.86
   1273.34961    0.9503000      43.88
   1273.35144    0.9506100      43.90
   1273.35327    0.9501400      43.88
   1273.35522    0.9491800      43.83
   1273.35706    0.9486100      43.80
   1273.35889    0.9486100      43.80
   1273.36084    0.9483900      43.79
   1273.36267    0.9473200      43.74
   1273.36450    0.9457400      43.67
   1273.36646    0.9441600      43.60
   1273.36829    0.9423200      43.51
   1273.37012    0.9398600      43.40
   1273.37207    0.9373400      43.28
   1273.37390    0.9357000      43.21
   1273.37573    0.9348800      43.17
   1273.37769    0.9341200      43.13
   1273.37952    0.9334300      43.10
   1273.38135    0.9336400      43.11
   1273.38330    0.9347200      43.16
   1273.38513    0.9355900      43.20
   1273.38696    0.9358800      43.21
   1273.38892    0.9366500      43.25
   1273.39075    0.9383800      43.33
   1273.39258    0.9398400      43.40
   1273.39453    0.9400500      43.41
   1273.39636    0.9399000      43.40
   1273.39819    0.9403900      43.42
   1273.40015    0.9406200      43.43
   1273.40198    0.9394100      43.38
   1273.40381    0.9377500      43.30
   1273.40576    0.9370900      43.27
   1273.40759    0.9362600      43.23
   1273.40942    0.9332100      43.09
   1273.41138    0.9290100      42.90
   1273.41321    0.9265100      42.78
   1273.41504    0.9251100      42.72
   1273.41699    0.9212100      42.54
   1273.41882    0.9144400      42.22
   1273.42065    0.9085500      41.95
   1273.42261    0.9041600      41.75
   1273.42444    0.8962800      41.38
   1273.42627    0.8824300      40.74
   1273.42822    0.8670600      40.03
   1273.43005    0.8518600      39.33
   1273.43188    0.8278500      38.22
   1273.43384    0.7855900      36.27
   1273.43567    0.7277900      33.60
   1273.43750    0.6579600      30.38
   1273.43945    0.5598900      25.85
   1273.44128    0.4113600      18.99
   1273.44324    0.2309900      10.67
   1273.44507    0.0947900       4.38
   1273.44690    0.0812400       3.75
   1273.44885    0.1973100       9.11
   1273.45068    0.3725900      17.20
   1273.45251    0.5277900      24.37
   1273.45447    0.6353600      29.33
   1273.45630    0.7118200      32.87
   1273.45813    0.7733400      35.71
   1273.46008    0.8183500      37.78
   1273.46191    0.8448600      39.01
   1273.46375    0.8621400      39.80
   1273.46570    0.8793500      40.60
   1273.46753    0.8948000      41.31
   1273.46936    0.9034500      41.71
   1273.47131    0.9074500      41.90
   1273.47314    0.9126600      42.14
   1273.47498    0.9195000      42.45
   1273.47693    0.9241000      42.66
   1273.47876    0.9258500      42.75
   1273.48059    0.9280700      42.85
   1273.48254    0.9320300      43.03
   1273.48438    0.9353900      43.19
   1273.48621    0.9367200      43.25
   1273.48816    0.9374900      43.28
   1273.48999    0.9389400      43.35
   1273.49182    0.9401200      43.40
   1273.49377    0.9402300      43.41
   1273.49561    0.9403500      43.41
   1273.49744    0.9414200      43.46
   1273.49939    0.9425700      43.52
   1273.50122    0.9428400      43.53
   1273.50305    0.9428900      43.53
   1273.50500    0.9438200      43.57
   1273.50684    0.9452500      43.64
   1273.50867    0.9460900      43.68
   1273.51062    0.9462500      43.68
   1273.51245    0.9464500      43.69
   1273.51428    0.9467700      43.71
   1273.51624    0.9466800      43.70
   1273.51807    0.9463200      43.69
   1273.51990    0.9465400      43.70
   1273.52185    0.9476600      43.75
   1273.52368    0.9490500      43.81
   1273.52551    0.9500900      43.86
   1273.52747    0.9507800      43.89
   1273.52930    0.9513100      43.92
   1273.53113    0.9516500      43.93
   1273.53308    0.9517900      43.94
   1273.53491    0.9518500      43.94
   1273.53674    0.9518000      43.94
   1273.53870    0.9514200      43.92
   1273.54053    0.9507800      43.89
   1273.54236    0.9503700      43.87
   1273.54431    0.9505300      43.88
   1273.54614    0.9509700      43.90
   1273.54810    0.9512600      43.91
   1273.54993    0.9514600      43.92
   1273.55176    0.9520000      43.95
   1273.55371    0.9528500      43.99
   1273.55554    0.9533700      44.01
   1273.55737    0.9530000      43.99
   1273.55933    0.9520500      43.95
   1273.56116    0.9514700      43.92
   1273.56299    0.9517600      43.94
   1273.56494    0.9524600      43.97
   1273.56677    0.9528900      43.99
   1273.56860    0.9530300      43.99
   1273.57056    0.9533700      44.01
   1273.57239    0.9540000      44.04
   1273.57422    0.9544100      44.06
   1273.57617    0.9543600      44.05
   1273.57800    0.9542700      44.05
   1273.57983    0.9545700      44.06
   1273.58179    0.9549600      44.08
   1273.58362    0.9550200      44.08
   1273.58545    0.9549900      44.08
   1273.58740    0.9554200      44.10
   1273.58923    0.9560800      44.13
   1273.59106    0.9561200      44.13
   1273.59302    0.9553600      44.10
   1273.59485    0.9546700      44.07
   1273.59668    0.9547900      44.07
   1273.59863    0.9553700      44.10
   1273.60046    0.9555800      44.11
   1273.60229    0.9552600      44.09
   1273.60425    0.9548800      44.08
   1273.60608    0.9547400      44.07
   1273.60791    0.9547600      44.07
   1273.60986    0.9549100      44.08
   1273.61169    0.9552200      44.09
   1273.61353    0.9554800      44.10
   1273.61548    0.9552800      44.09
   1273.61731    0.9546800      44.07
   1273.61914    0.9542100      44.04
   1273.62109    0.9541100      44.04
   1273.62292    0.9539300      44.03
   1273.62488    0.9532000      44.00
   1273.62671    0.9520600      43.94
   1273.62854    0.9509200      43.89
   1273.63049    0.9497100      43.84
   1273.63232    0.9480500      43.76
   1273.63416    0.9459900      43.66
   1273.63611    0.9441800      43.58
   1273.63794    0.9430000      43.53
   1273.63977    0.9420900      43.48
   1273.64172    0.9409400      43.43
   1273.64355    0.9398200      43.38
   1273.64539    0.9395000      43.36
   1273.64734    0.9402000      43.40
   1273.64917    0.9413200      43.45
   1273.65100    0.9423700      43.50
   1273.65295    0.9435300      43.55
   1273.65479    0.9450500      43.62
   1273.65662    0.9465000      43.69
   1273.65857    0.9473800      43.73
   1273.66040    0.9478900      43.75
   1273.66223    0.9485900      43.78
   1273.66418    0.9493500      43.82
   1273.66602    0.9495600      43.83
   1273.66785    0.9492800      43.81
   1273.66980    0.9492500      43.81
   1273.67163    0.9496100      43.83
   1273.67346    0.9495900      43.83
   1273.67542    0.9489000      43.80
   1273.67725    0.9483100      43.77
   1273.67908    0.9484200      43.77
   1273.68103    0.9487400      43.79
   1273.68286    0.9489100      43.80
   1273.68481    0.9494400      43.82
   1273.68665    0.9504100      43.86
   1273.68848    0.9506400      43.87
   1273.69043    0.9494600      43.82
   1273.69226    0.9481400      43.76
   1273.69409    0.9480500      43.75
   1273.69604    0.9483100      43.77
   1273.69788    0.9473900      43.72
   1273.69971    0.9461000      43.66
   1273.70166    0.9462900      43.67
   1273.70349    0.9472200      43.72
   1273.70532    0.9464400      43.68
   1273.70728    0.9441700      43.57
   1273.70911    0.9432800      43.53
   1273.71094    0.9442200      43.58
   1273.71289    0.9439200      43.56
   1273.71472    0.9411700      43.44
   1273.71655    0.9389100      43.33
   1273.71851    0.9388800      43.33
   1273.72034    0.9381100      43.29
   1273.72217    0.9343400      43.12
   1273.72412    0.9306600      42.95
   1273.72595    0.9300000      42.92
   1273.72778    0.9290000      42.87
   1273.72974    0.9235300      42.62
   1273.73157    0.9168900      42.31
   1273.73340    0.9145000      42.20
   1273.73535    0.9130200      42.13
   1273.73718    0.9044100      41.74
   1273.73914    0.8899100      41.07
   1273.74097    0.8777600      40.51
   1273.74280    0.8652600      39.93
   1273.74475    0.8379800      38.67
   1273.74658    0.7920500      36.55
   1273.74841    0.7394900      34.13
   1273.75037    0.6774800      31.26
   1273.75220    0.5718400      26.39
   1273.75403    0.4021000      18.56
   1273.75598    0.2205500      10.18
   1273.75781    0.1319200       6.09
   1273.75964    0.1952700       9.01
   1273.76160    0.3624800      16.73
   1273.76343    0.5303200      24.47
   1273.76526    0.6390400      29.49
   1273.76721    0.7010200      32.35
   1273.76904    0.7478900      34.51
   1273.77087    0.7845900      36.21
   1273.77283    0.8016200      36.99
   1273.77466    0.8038700      37.10
   1273.77649    0.8061900      37.20
   1273.77844    0.8120000      37.47
   1273.78027    0.8139800      37.56
   1273.78210    0.8117000      37.46
   1273.78406    0.8137500      37.55
   1273.78589    0.8233900      38.00
   1273.78772    0.8342200      38.50
   1273.78967    0.8418100      38.85
   1273.79150    0.8498400      39.22
   1273.79346    0.8616000      39.76
   1273.79529    0.8735800      40.31
   1273.79712    0.8817300      40.69
   1273.79907    0.8879800      40.98
   1273.80090    0.8959500      41.34
   1273.80273    0.9044800      41.74
   1273.80469    0.9102500      42.00
   1273.80652    0.9137100      42.16
   1273.80835    0.9177700      42.35
   1273.81030    0.9224800      42.57
   1273.81213    0.9254100      42.70
   1273.81396    0.9264700      42.75
   1273.81592    0.9280800      42.82
   1273.81775    0.9309400      42.96
   1273.81958    0.9329100      43.05
   1273.82153    0.9328800      43.05
   1273.82336    0.9325100      43.03
   1273.82520    0.9332800      43.06
   1273.82715    0.9341500      43.10
   1273.82898    0.9335000      43.07
   1273.83081    0.9315000      42.98
   1273.83276    0.9292800      42.88
   1273.83459    0.9269700      42.77
   1273.83655    0.9241700      42.64
   1273.83838    0.9214400      42.52
   1273.84021    0.9200200      42.45
   1273.84216    0.9203200      42.46
   1273.84399    0.9217700      42.53
   1273.84583    0.9238100      42.63
   1273.84778    0.9264400      42.75
   1273.84961    0.9296600      42.89
   1273.85144    0.9331900      43.06
   1273.85339    0.9366100      43.22
   1273.85522    0.9395700      43.35
   1273.85706    0.9418400      43.46
   1273.85901    0.9434200      43.53
   1273.86084    0.9445200      43.58
   1273.86267    0.9453400      43.62
   1273.86462    0.9459300      43.64
   1273.86646    0.9463900      43.67
   1273.86829    0.9469400      43.69
   1273.87024    0.9475300      43.72
   1273.87207    0.9478000      43.73
   1273.87390    0.9475900      43.72
   1273.87585    0.9472600      43.70
   1273.87769    0.9471700      43.70
   1273.87964    0.9471900      43.70
   1273.88147    0.9470900      43.70
   1273.88330    0.9470600      43.70
   1273.88525    0.9474400      43.71
   1273.88708    0.9481400      43.74
   1273.88892    0.9487400      43.77
   1273.89087    0.9491300      43.79
   1273.89270    0.9495500      43.81
   1273.89453    0.9500100      43.83
   1273.89648    0.9502000      43.84
   1273.89832    0.9500000      43.83
   1273.90015    0.9497400      43.82
   1273.90210    0.9496100      43.81
   1273.90393    0.9493700      43.80
   1273.90576    0.9488100      43.77
   1273.90771    0.9482900      43.75
   1273.90955    0.9483000      43.75
   1273.91138    0.9487600      43.77
   1273.91333    0.9491000      43.79
   1273.91516    0.9490500      43.78
   1273.91711    0.9489700      43.78
   1273.91895    0.9492400      43.79
   1273.92078    0.9496800      43.81
   1273.92273    0.9498000      43.82
   1273.92456    0.9495500      43.81
   1273.92639    0.9493900      43.80
   1273.92834    0.9497000      43.81
   1273.93018    0.9503700      43.84
   1273.93201    0.9510500      43.88
   1273.93396    0.9515700      43.90
   1273.93579    0.9520100      43.92
   1273.93762    0.9524200      43.94
   1273.93958    0.9529300      43.96
   1273.94141    0.9537900      44.00
   1273.94324    0.9548400      44.05
   1273.94519    0.9552400      44.07
   1273.94702    0.9541500      44.02
   1273.94885    0.9521000      43.92
   1273.95081    0.9509000      43.87
   1273.95264    0.9517000      43.90
   1273.95459    0.9536400      43.99
   1273.95642    0.9549300      44.05
   1273.95825    0.9549600      44.05
   1273.96021    0.9546700      44.04
   1273.96204    0.9549800      44.05
   1273.96387    0.9557300      44.09
   1273.96582    0.9562600      44.11
   1273.96765    0.9563300      44.12
   1273.96948    0.9560900      44.11
   1273.97144    0.9557700      44.09
   1273.97327    0.9556700      44.09
   1273.97510    0.9560800      44.10
   1273.97705    0.9568200      44.14
   1273.97888    0.9571600      44.15
   1273.98071    0.9566700      44.13
   1273.98267    0.9558900      44.10
   1273.98450    0.9557000      44.09
   1273.98633    0.9560000      44.10
   1273.98828    0.9559200      44.10
   1273.99011    0.9550000      44.05
   1273.99207    0.9538200      44.00
   1273.99390    0.9532400      43.97
   1273.99573    0.9533300      43.98
   1273.99768    0.9535200      43.98
   1273.99951    0.9534400      43.98
   1274.00134    0.9532700      43.97
   1274.00330    0.9532900      43.97
   1274.00513    0.9533900      43.98
   1274.00696    0.9533600      43.98
   1274.00891    0.9533000      43.97
   1274.01074    0.9535000      43.98
   1274.01257    0.9538600      44.00
   1274.01453    0.9539500      44.00
   1274.01636    0.9537000      43.99
   1274.01819    0.9535600      43.99
   1274.02014    0.9538600      44.00
   1274.02197    0.9542500      44.02
   1274.02393    0.9544500      44.03
   1274.02576    0.9548400      44.04
   1274.02759    0.9556500      44.08
   1274.02954    0.9561600      44.10
   1274.03137    0.9556200      44.08
   1274.03320    0.9547600      44.04
   1274.03516    0.9549400      44.05
   1274.03699    0.9559300      44.09
   1274.03882    0.9561000      44.10
   1274.04077    0.9551900      44.06
   1274.04260    0.9547400      44.04
   1274.04443    0.9553500      44.07
   1274.04639    0.9554400      44.07
   1274.04822    0.9541100      44.01
   1274.05005    0.9529700      43.96
   1274.05200    0.9533700      43.97
   1274.05383    0.9538200      43.99
   1274.05579    0.9526800      43.94
   1274.05762    0.9514600      43.89
   1274.05945    0.9522600      43.92
   1274.06140    0.9535800      43.98
   1274.06323    0.9524200      43.93
   1274.06506    0.9497600      43.81
   1274.06702    0.9491300      43.78
   1274.06885    0.9502900      43.83
   1274.07068    0.9494500      43.79
   1274.07263    0.9462800      43.65
   1274.07446    0.9448700      43.58
   1274.07629    0.9460400      43.63
   1274.07825    0.9450400      43.59
   1274.08008    0.9399400      43.35
   1274.08191    0.9357300      43.16
   1274.08386    0.9352800      43.14
   1274.08569    0.9331900      43.04
   1274.08765    0.9253500      42.68
   1274.08948    0.9177800      42.33
   1274.09131    0.9169500      42.29
   1274.09326    0.9172400      42.30
   1274.09509    0.9101400      41.98
   1274.09692    0.9010300      41.56
   1274.09888    0.9010500      41.56
   1274.10071    0.9040700      41.70
   1274.10254    0.8917500      41.13
   1274.10449    0.8643400      39.86
   1274.10632    0.8415300      38.81
   1274.10815    0.8195400      37.80
   1274.11011    0.7549700      34.82
   1274.11194    0.6236200      28.76
   1274.11377    0.4830000      22.28
   1274.11572    0.4357000      20.09
   1274.11755    0.5203300      24.00
   1274.11951    0.6678000      30.80
   1274.12134    0.7804800      36.00
   1274.12317    0.8294900      38.26
   1274.12512    0.8530900      39.34
   1274.12695    0.8832000      40.73
   1274.12878    0.9107900      42.00
   1274.13074    0.9199600      42.43
   1274.13257    0.9194300      42.40
   1274.13440    0.9256500      42.69
   1274.13635    0.9367700      43.20
   1274.13818    0.9409700      43.40
   1274.14001    0.9385200      43.28
   1274.14197    0.9392000      43.31
   1274.14380    0.9445400      43.56
   1274.14575    0.9471400      43.68
   1274.14758    0.9451300      43.59
   1274.14941    0.9446900      43.57
   1274.15137    0.9482100      43.73
   1274.15320    0.9507000      43.84
   1274.15503    0.9494600      43.79
   1274.15698    0.9485900      43.75
   1274.15881    0.9509400      43.85
   1274.16064    0.9531900      43.96
   1274.16260    0.9523400      43.92
   1274.16443    0.9511300      43.86
   1274.16626    0.9528000      43.94
   1274.16821    0.9552500      44.05
   1274.17004    0.9548400      44.03
   1274.17188    0.9527500      43.94
   1274.17383    0.9526800      43.93
   1274.17566    0.9546600      44.02
   1274.17761    0.9555600      44.07
   1274.17944    0.9545300      44.02
   1274.18127    0.9538300      43.99
   1274.18323    0.9544500      44.01
   1274.18506    0.9547000      44.03
   1274.18689    0.9536000      43.97
   1274.18884    0.9525500      43.93
   1274.19067    0.9527200      43.93
   1274.19250    0.9532100      43.96
   1274.19446    0.9529500      43.94
   1274.19629    0.9525200      43.92
   1274.19812    0.9527800      43.94
   1274.20007    0.9533700      43.96
   1274.20190    0.9535000      43.97
   1274.20386    0.9533700      43.96
   1274.20569    0.9536200      43.97
   1274.20752    0.9540300      43.99
   1274.20947    0.9540700      43.99
   1274.21130    0.9539300      43.99
   1274.21313    0.9542200      44.00
   1274.21509    0.9548300      44.03
   1274.21692    0.9550500      44.04
   1274.21875    0.9546700      44.02
   1274.22070    0.9542700      44.00
   1274.22253    0.9543100      44.00
   1274.22437    0.9546300      44.02
   1274.22632    0.9549300      44.03
   1274.22815    0.9551200      44.04
   1274.23010    0.9552900      44.05
   1274.23193    0.9555500      44.06
   1274.23376    0.9558800      44.08
   1274.23572    0.9562000      44.09
   1274.23755    0.9563300      44.10
   1274.23938    0.9563000      44.10
   1274.24133    0.9563100      44.10
   1274.24316    0.9564200      44.10
   1274.24500    0.9563900      44.10
   1274.24695    0.9561500      44.09
   1274.24878    0.9561300      44.09
   1274.25061    0.9567600      44.12
   1274.25256    0.9575900      44.15
   1274.25439    0.9575700      44.15
   1274.25635    0.9563900      44.10
   1274.25818    0.9550100      44.03
   1274.26001    0.9546100      44.02
   1274.26196    0.9552800      44.05
   1274.26379    0.9561600      44.09
   1274.26562    0.9565700      44.11
   1274.26758    0.9565300      44.10
   1274.26941    0.9563200      44.09
   1274.27124    0.9560600      44.08
   1274.27319    0.9558800      44.07
   1274.27502    0.9560600      44.08
   1274.27686    0.9566500      44.11
   1274.27881    0.9571500      44.13
   1274.28064    0.9571300      44.13
   1274.28259    0.9567900      44.11
   1274.28442    0.9567100      44.11
   1274.28625    0.9569800      44.12
   1274.28821    0.9570400      44.13
   1274.29004    0.9565900      44.10
   1274.29187    0.9560600      44.08
   1274.29382    0.9559500      44.08
   1274.29565    0.9560700      44.08
   1274.29749    0.9558400      44.07
   1274.29944    0.9551500      44.04
   1274.30127    0.9544700      44.01
   1274.30310    0.9540800      43.99
   1274.30505    0.9537000      43.97
   1274.30688    0.9529800      43.94
   1274.30884    0.9519700      43.89
   1274.31067    0.9507800      43.84
   1274.31250    0.9490900      43.76
   1274.31445    0.9464700      43.64
   1274.31628    0.9429900      43.48
   1274.31812    0.9393400      43.31
   1274.32007    0.9361600      43.16
   1274.32190    0.9335000      43.04
   1274.32373    0.9311000      42.93
   1274.32568    0.9288500      42.82
   1274.32751    0.9270000      42.74
   1274.32947    0.9260100      42.69
   1274.33130    0.9263000      42.71
   1274.33313    0.9280600      42.79
   1274.33508    0.9310400      42.92
   1274.33691    0.9346300      43.09
   1274.33875    0.9381800      43.25
   1274.34070    0.9414000      43.40
   1274.34253    0.9443300      43.54
   1274.34436    0.9469900      43.66
   1274.34631    0.9492500      43.76
   1274.34814    0.9509800      43.84
   1274.34998    0.9522300      43.90
   1274.35193    0.9532400      43.95
   1274.35376    0.9542000      43.99
   1274.35571    0.9550500      44.03
   1274.35754    0.9555800      44.05
   1274.35938    0.9556900      44.06
   1274.36133    0.9555500      44.05
   1274.36316    0.9555000      44.05
   1274.36499    0.9556800      44.06
   1274.36694    0.9559700      44.07
   1274.36877    0.9562000      44.08
   1274.37061    0.9563100      44.09
   1274.37256    0.9563400      44.09
   1274.37439    0.9562000      44.08
   1274.37634    0.9558700      44.07
   1274.37817    0.9555800      44.05
   1274.38000    0.9557000      44.06
   1274.38196    0.9563200      44.09
   1274.38379    0.9571000      44.12
   1274.38562    0.9577200      44.15
   1274.38757    0.9581200      44.17
   1274.38940    0.9583200      44.18
   1274.39124    0.9581700      44.17
   1274.39319    0.9576200      44.14
   1274.39502    0.9569600      44.11
   1274.39685    0.9566900      44.10
   1274.39880    0.9569600      44.11
   1274.40063    0.9574600      44.14
   1274.40259    0.9577600      44.15
   1274.40442    0.9577500      44.15
   1274.40625    0.9576100      44.14
   1274.40820    0.9576000      44.14
   1274.41003    0.9578100      44.15
   1274.41187    0.9581400      44.17
   1274.41382    0.9583500      44.18
   1274.41565    0.9582800      44.17
   1274.41748    0.9579600      44.16
   1274.41943    0.9575800      44.14
   1274.42126    0.9573000      44.13
   1274.42322    0.9572600      44.13
   1274.42505    0.9574900      44.14
   1274.42688    0.9577700      44.15
   1274.42883    0.9577200      44.15
   1274.43066    0.9572900      44.13
   1274.43250    0.9568900      44.11
   1274.43445    0.9568300      44.11
   1274.43628    0.9568600      44.11
   1274.43811    0.9565900      44.09
   1274.44006    0.9560400      44.07
   1274.44189    0.9555400      44.05
   1274.44385    0.9551800      44.03
   1274.44568    0.9549200      44.02
   1274.44751    0.9549300      44.02
   1274.44946    0.9552700      44.03
   1274.45129    0.9555500      44.05
   1274.45312    0.9554300      44.04
   1274.45508    0.9552100      44.03
   1274.45691    0.9552400      44.03
   1274.45874    0.9549500      44.02
   1274.46069    0.9537800      43.96
   1274.46252    0.9525100      43.90
   1274.46448    0.9522400      43.89
   1274.46631    0.9521600      43.89
   1274.46814    0.9504500      43.81
   1274.47009    0.9475300      43.67
   1274.47192    0.9461300      43.61
   1274.47375    0.9470100      43.65
   1274.47571    0.9473400      43.66
   1274.47754    0.9450700      43.56
   1274.47937    0.9422600      43.43
   1274.48132    0.9415600      43.40
   1274.48315    0.9416200      43.40
   1274.48511    0.9396600      43.31
   1274.48694    0.9365700      43.17
   1274.48877    0.9351300      43.10
   1274.49072    0.9344100      43.07
   1274.49255    0.9311800      42.92
   1274.49438    0.9263400      42.70
   1274.49634    0.9242200      42.60
   1274.49817    0.9247400      42.62
   1274.50000    0.9228900      42.54
   1274.50195    0.9176100      42.29
   1274.50378    0.9141100      42.13
   1274.50574    0.9137700      42.12
   1274.50757    0.9097900      41.93
   1274.50940    0.8984300      41.41
   1274.51135    0.8863200      40.85
   1274.51318    0.8774300      40.44
   1274.51501    0.8610700      39.69
   1274.51697    0.8254100      38.04
   1274.51880    0.7756400      35.75
   1274.52063    0.7188600      33.13
   1274.52258    0.6341000      29.22
   1274.52441    0.4878400      22.48
   1274.52637    0.2963400      13.66
   1274.52820    0.1494900       6.89
   1274.53003    0.1408800       6.49
   1274.53198    0.2743500      12.64
   1274.53381    0.4612000      21.26
   1274.53564    0.6105800      28.14
   1274.53760    0.7016400      32.34
   1274.53943    0.7640000      35.21
   1274.54126    0.8176300      37.68
   1274.54321    0.8561700      39.46
   1274.54504    0.8750100      40.33
   1274.54700    0.8859200      40.83
   1274.54883    0.8995900      41.46
   1274.55066    0.9123100      42.05
   1274.55261    0.9177000      42.29
   1274.55444    0.9195200      42.38
   1274.55627    0.9246500      42.61
   1274.55823    0.9316600      42.94
   1274.56006    0.9349500      43.09
   1274.56189    0.9349800      43.09
   1274.56384    0.9366600      43.17
   1274.56567    0.9405900      43.35
   1274.56763    0.9429500      43.46
   1274.56946    0.9428700      43.45
   1274.57129    0.9435500      43.48
   1274.57324    0.9461600      43.60
   1274.57507    0.9479500      43.69
   1274.57690    0.9473500      43.66
   1274.57886    0.9465200      43.62
   1274.58069    0.9474100      43.66
   1274.58252    0.9488600      43.73
   1274.58447    0.9491300      43.74
   1274.58630    0.9488000      43.72
   1274.58826    0.9490500      43.74
   1274.59009    0.9494600      43.75
   1274.59192    0.9491000      43.74
   1274.59387    0.9484900      43.71
   1274.59570    0.9486300      43.72
   1274.59753    0.9491400      43.74
   1274.59949    0.9489500      43.73
   1274.60132    0.9481400      43.69
   1274.60315    0.9475800      43.67
   1274.60510    0.9473700      43.66
   1274.60693    0.9469200      43.64
   1274.60889    0.9462800      43.61
   1274.61072    0.9461800      43.60
   1274.61255    0.9466300      43.62
   1274.61450    0.9468500      43.63
   1274.61633    0.9463600      43.61
   1274.61816    0.9455400      43.57
   1274.62012    0.9449800      43.55
   1274.62195    0.9449100      43.54
   1274.62390    0.9455400      43.57
   1274.62573    0.9470200      43.64
   1274.62756    0.9488800      43.72
   1274.62952    0.9501400      43.78
   1274.63135    0.9503900      43.79
   1274.63318    0.9502900      43.79
   1274.63513    0.9506500      43.81
   1274.63696    0.9513700      43.84
   1274.63879    0.9516900      43.85
   1274.64075    0.9511400      43.83
   1274.64258    0.9499200      43.77
   1274.64453    0.9484300      43.70
   1274.64636    0.9468300      43.63
   1274.64819    0.9451300      43.55
   1274.65015    0.9435200      43.48
   1274.65198    0.9423400      43.42
   1274.65381    0.9418100      43.40
   1274.65576    0.9417900      43.40
   1274.65759    0.9420100      43.41
   1274.65942    0.9425000      43.43
   1274.66138    0.9436800      43.48
   1274.66321    0.9458500      43.58
   1274.66516    0.9486900      43.71
   1274.66699    0.9512700      43.83
   1274.66882    0.9529200      43.91
   1274.67078    0.9537400      43.95
   1274.67261    0.9544000      43.98
   1274.67444    0.9553200      44.02
   1274.67639    0.9563400      44.07
   1274.67822    0.9570400      44.10
   1274.68018    0.9572700      44.11
   1274.68201    0.9572200      44.11
   1274.68384    0.9572000      44.10
   1274.68579    0.9573900      44.11
   1274.68762    0.9576900      44.13
   1274.68945    0.9578800      44.14
   1274.69141    0.9577400      44.13
   1274.69324    0.9573600      44.11
   1274.69507    0.9570400      44.10
   1274.69702    0.9569500      44.09
   1274.69885    0.9569000      44.09
   1274.70081    0.9566300      44.08
   1274.70264    0.9562900      44.06
   1274.70447    0.9562900      44.06
   1274.70642    0.9567300      44.08
   1274.70825    0.9571900      44.10
   1274.71008    0.9573100      44.11
   1274.71204    0.9573100      44.11
   1274.71387    0.9575800      44.12
   1274.71582    0.9581000      44.14
   1274.71765    0.9582800      44.15
   1274.71948    0.9577300      44.13
   1274.72144    0.9567600      44.08
   1274.72327    0.9560300      44.05
   1274.72510    0.9558900      44.04
   1274.72705    0.9560700      44.05
   1274.72888    0.9561100      44.05
   1274.73071    0.9558500      44.04
   1274.73267    0.9555200      44.02
   1274.73450    0.9553500      44.02
   1274.73645    0.9552000      44.01
   1274.73828    0.9549400      44.00
   1274.74011    0.9547200      43.99
   1274.74207    0.9546700      43.98
   1274.74390    0.9545100      43.98
   1274.74573    0.9539300      43.95
   1274.74768    0.9533100      43.92
   1274.74951    0.9533300      43.92
   1274.75146    0.9538400      43.94
   1274.75330    0.9539300      43.95
   1274.75513    0.9533100      43.92
   1274.75708    0.9528200      43.90
   1274.75891    0.9529900      43.90
   1274.76074    0.9532000      43.91
   1274.76270    0.9528900      43.90
   1274.76453    0.9527000      43.89
   1274.76648    0.9531900      43.91
   1274.76831    0.9536500      43.93
   1274.77014    0.9532700      43.92
   1274.77209    0.9526900      43.89
   1274.77393    0.9526800      43.89
   1274.77576    0.9522900      43.87
   1274.77771    0.9506000      43.79
   1274.77954    0.9492700      43.73
   1274.78137    0.9505100      43.79
   1274.78333    0.9530200      43.90
   1274.78516    0.9532600      43.92
   1274.78711    0.9511000      43.82
   1274.78894    0.9501300      43.77
   1274.79077    0.9514800      43.83
   1274.79272    0.9517700      43.85
   1274.79456    0.9493300      43.73
   1274.79639    0.9474900      43.65
   1274.79834    0.9484200      43.69
   1274.80017    0.9483800      43.69
   1274.80212    0.9440600      43.49
   1274.80396    0.9391900      43.27
   1274.80579    0.9384000      43.23
   1274.80774    0.9384500      43.23
   1274.80957    0.9336100      43.01
   1274.81140    0.9268200      42.70
   1274.81335    0.9252500      42.62
   1274.81519    0.9261400      42.66
   1274.81714    0.9193200      42.35
   1274.81897    0.9050400      41.69
   1274.82080    0.8947400      41.22
   1274.82275    0.8889400      40.95
   1274.82458    0.8708900      40.12
   1274.82642    0.8324400      38.35
   1274.82837    0.7874900      36.28
   1274.83020    0.7394000      34.06
   1274.83203    0.6523500      30.05
   1274.83398    0.4927900      22.70
   1274.83582    0.3031000      13.96
   1274.83777    0.1957700       9.02
   1274.83960    0.2479100      11.42
   1274.84143    0.4188700      19.29
   1274.84338    0.5956800      27.44
   1274.84521    0.7071000      32.57
   1274.84705    0.7666800      35.32
   1274.84900    0.8150100      37.54
   1274.85083    0.8598200      39.61
   1274.85278    0.8862800      40.82
   1274.85461    0.8953500      41.24
   1274.85645    0.9039900      41.64
   1274.85840    0.9178700      42.28
   1274.86023    0.9272300      42.71
   1274.86206    0.9279800      42.75
   1274.86401    0.9287100      42.78
   1274.86584    0.9348900      43.06
   1274.86780    0.9406400      43.33
   1274.86963    0.9407000      43.33
   1274.87146    0.9394600      43.27
   1274.87341    0.9422900      43.40
   1274.87524    0.9464200      43.59
   1274.87708    0.9469500      43.62
   1274.87903    0.9456600      43.56
   1274.88086    0.9472500      43.63
   1274.88281    0.9508600      43.80
   1274.88464    0.9519600      43.85
   1274.88647    0.9503000      43.77
   1274.88843    0.9499100      43.75
   1274.89026    0.9520600      43.85
   1274.89209    0.9538200      43.93
   1274.89404    0.9535000      43.92
   1274.89587    0.9530100      43.90
   1274.89783    0.9539100      43.94
   1274.89966    0.9548900      43.98
   1274.90149    0.9546100      43.97
   1274.90344    0.9541900      43.95
   1274.90527    0.9550400      43.99
   1274.90710    0.9564200      44.05
   1274.90906    0.9569000      44.07
   1274.91089    0.9565500      44.06
   1274.91284    0.9563900      44.05
   1274.91467    0.9566400      44.06
   1274.91650    0.9568500      44.07
   1274.91846    0.9569200      44.07
   1274.92029    0.9570300      44.08
   1274.92212    0.9569700      44.08
   1274.92407    0.9566200      44.06
   1274.92590    0.9564500      44.05
   1274.92786    0.9569000      44.07
   1274.92969    0.9575800      44.10
   1274.93152    0.9579500      44.12
   1274.93347    0.9581600      44.13
   1274.93530    0.9585900      44.15
   1274.93713    0.9589100      44.16
   1274.93909    0.9585900      44.15
   1274.94092    0.9579100      44.12
   1274.94275    0.9576600      44.11
   1274.94470    0.9579300      44.12
   1274.94653    0.9580400      44.12
   1274.94849    0.9576100      44.10
   1274.95032    0.9570300      44.08
   1274.95215    0.9566900      44.06
   1274.95410    0.9564600      44.05
   1274.95593    0.9560500      44.03
   1274.95776    0.9554900      44.01
   1274.95972    0.9549500      43.98
   1274.96155    0.9544700      43.96
   1274.96350    0.9539600      43.93
   1274.96533    0.9532100      43.90
   1274.96716    0.9518700      43.84
   1274.96912    0.9496500      43.74
   1274.97095    0.9467100      43.60
   1274.97278    0.9434800      43.45
   1274.97473    0.9401200      43.30
   1274.97656    0.9364400      43.13
   1274.97852    0.9325600      42.95
   1274.98035    0.9291700      42.79
   1274.98218    0.9267100      42.68
   1274.98413    0.9249200      42.60
   1274.98596    0.9234200      42.53
   1274.98779    0.9225400      42.49
   1274.98975    0.9229000      42.50
   1274.99158    0.9243100      42.57
   1274.99353    0.9259000      42.64
   1274.99536    0.9273400      42.71
   1274.99719    0.9293700      42.80
   1274.99915    0.9326600      42.95
   1275.00098    0.9366500      43.13
   1275.00281    0.9400800      43.29
   1275.00476    0.9424800      43.40
   1275.00659    0.9444900      43.50
   1275.00854    0.9467700      43.60
   1275.01038    0.9490300      43.70
   1275.01221    0.9505600      43.77
   1275.01416    0.9512600      43.81
   1275.01599    0.9517900      43.83
   1275.01794    0.9526800      43.87
   1275.01978    0.9537200      43.92
   1275.02161    0.9544300      43.95
   1275.02356    0.9547000      43.96
   1275.02539    0.9548200      43.97
   1275.02722    0.9550800      43.98
   1275.02917    0.9554800      44.00
   1275.03101    0.9559300      44.02
   1275.03296    0.9563800      44.04
   1275.03479    0.9568000      44.06
   1275.03662    0.9571200      44.07
   1275.03857    0.9573500      44.09
   1275.04041    0.9575700      44.10
   1275.04224    0.9577600      44.10
   1275.04419    0.9577800      44.10
   1275.04602    0.9575800      44.10
   1275.04797    0.9573700      44.09
   1275.04980    0.9573900      44.09
   1275.05164    0.9575900      44.10
   1275.05359    0.9577500      44.10
   1275.05542    0.9577800      44.10
   1275.05725    0.9577600      44.10
   1275.05920    0.9576700      44.10
   1275.06104    0.9574300      44.09
   1275.06299    0.9571100      44.07
   1275.06482    0.9570500      44.07
   1275.06665    0.9574200      44.09
   1275.06860    0.9579400      44.11
   1275.07043    0.9582200      44.12
   1275.07227    0.9582800      44.13
   1275.07422    0.9584700      44.13
   1275.07605    0.9588600      44.15
   1275.07800    0.9590500      44.16
   1275.07983    0.9588400      44.15
   1275.08167    0.9586400      44.14
   1275.08362    0.9589600      44.16
   1275.08545    0.9596800      44.19
   1275.08728    0.9601000      44.21
   1275.08923    0.9599000      44.20
   1275.09106    0.9594500      44.18
   1275.09302    0.9592600      44.17
   1275.09485    0.9592800      44.17
   1275.09668    0.9591800      44.17
   1275.09863    0.9589900      44.16
   1275.10046    0.9591600      44.16
   1275.10229    0.9598200      44.19
   1275.10425    0.9604900      44.22
   1275.10608    0.9606300      44.23
   1275.10803    0.9603800      44.22
   1275.10986    0.9603100      44.22
   1275.11169    0.9606200      44.23
   1275.11365    0.9608100      44.24
   1275.11548    0.9605100      44.22
   1275.11743    0.9600200      44.20
   1275.11926    0.9599500      44.20
   1275.12109    0.9603700      44.22
   1275.12305    0.9607000      44.23
   1275.12488    0.9606300      44.23
   1275.12671    0.9605000      44.22
   1275.12866    0.9607100      44.23
   1275.13049    0.9609700      44.25
   1275.13245    0.9608000      44.24
   1275.13428    0.9602400      44.21
   1275.13611    0.9598400      44.19
   1275.13806    0.9597700      44.19
   1275.13989    0.9597400      44.19
   1275.14172    0.9597500      44.19
   1275.14368    0.9602500      44.21
   1275.14551    0.9613300      44.26
   1275.14746    0.9622000      44.30
   1275.14929    0.9621700      44.30
   1275.15112    0.9615700      44.27
   1275.15308    0.9612300      44.26
   1275.15491    0.9613300      44.26
   1275.15674    0.9612900      44.26
   1275.15869    0.9609700      44.24
   1275.16052    0.9609000      44.24
   1275.16248    0.9613000      44.26
   1275.16431    0.9616200      44.27
   1275.16614    0.9613600      44.26
   1275.16809    0.9609600      44.24
   1275.16992    0.9610300      44.24
   1275.17188    0.9613600      44.26
   1275.17371    0.9612600      44.26
   1275.17554    0.9606400      44.23
   1275.17749    0.9601100      44.20
   1275.17932    0.9599500      44.19
   1275.18115    0.9597600      44.19
   1275.18311    0.9592700      44.16
   1275.18494    0.9588900      44.15
   1275.18689    0.9590200      44.15
   1275.18872    0.9594200      44.17
   1275.19055    0.9596200      44.18
   1275.19250    0.9597100      44.18
   1275.19434    0.9600400      44.20
   1275.19617    0.9605400      44.22
   1275.19812    0.9607400      44.23
   1275.19995    0.9605200      44.22
   1275.20190    0.9603200      44.21
   1275.20374    0.9604700      44.22
   1275.20557    0.9607100      44.23
   1275.20752    0.9606900      44.23
   1275.20935    0.9605200      44.22
   1275.21118    0.9605600      44.22
   1275.21313    0.9608400      44.23
   1275.21497    0.9611000      44.24
   1275.21692    0.9612700      44.25
   1275.21875    0.9615400      44.26
   1275.22058    0.9619400      44.28
   1275.22253    0.9622300      44.30
   1275.22437    0.9622100      44.30
   1275.22632    0.9620100      44.29
   1275.22815    0.9618700      44.28
   1275.22998    0.9617900      44.28
   1275.23193    0.9617200      44.27
   1275.23376    0.9617600      44.27
   1275.23560    0.9620400      44.29
   1275.23755    0.9623100      44.30
   1275.23938    0.9621300      44.29
   1275.24133    0.9614200      44.26
   1275.24316    0.9607700      44.23
   1275.24500    0.9607600      44.23
   1275.24695    0.9612300      44.25
   1275.24878    0.9614900      44.26
   1275.25061    0.9612700      44.25
   1275.25256    0.9610300      44.24
   1275.25439    0.9612800      44.25
   1275.25635    0.9618200      44.27
   1275.25818    0.9620600      44.29
   1275.26001    0.9618800      44.28
   1275.26196    0.9617100      44.27
   1275.26379    0.9618300      44.27
   1275.26575    0.9618700      44.28
   1275.26758    0.9614800      44.26
   1275.26941    0.9609200      44.23
   1275.27136    0.9607600      44.23
   1275.27319    0.9610400      44.24
   1275.27502    0.9612700      44.25
   1275.27698    0.9611400      44.24
   1275.27881    0.9609200      44.23
   1275.28076    0.9609600      44.23
   1275.28259    0.9611200      44.24
   1275.28442    0.9610200      44.24
   1275.28638    0.9606100      44.22
   1275.28821    0.9602100      44.20
   1275.29016    0.9600700      44.19
   1275.29199    0.9600800      44.19
   1275.29382    0.9600800      44.19
   1275.29578    0.9599800      44.19
   1275.29761    0.9596500      44.17
   1275.29944    0.9589800      44.14
   1275.30139    0.9581300      44.10
   1275.30322    0.9576500      44.08
   1275.30518    0.9579200      44.09
   1275.30701    0.9586700      44.13
   1275.30884    0.9593200      44.16
   1275.31079    0.9595800      44.17
   1275.31262    0.9596700      44.17
   1275.31445    0.9598100      44.18
   1275.31641    0.9598700      44.18
   1275.31824    0.9595800      44.17
   1275.32019    0.9590200      44.14
   1275.32202    0.9584500      44.11
   1275.32385    0.9579900      44.09
   1275.32581    0.9574200      44.07
   1275.32764    0.9566500      44.03
   1275.32959    0.9558900      44.00
   1275.33142    0.9554800      43.98
   1275.33325    0.9555600      43.98
   1275.33521    0.9560200      44.00
   1275.33704    0.9567100      44.03
   1275.33887    0.9574300      44.07
   1275.34082    0.9578800      44.09
   1275.34265    0.9579200      44.09
   1275.34460    0.9578600      44.09
   1275.34644    0.9583100      44.11
   1275.34827    0.9594500      44.16
   1275.35022    0.9606700      44.22
   1275.35205    0.9611400      44.24
   1275.35400    0.9607400      44.22
   1275.35583    0.9601300      44.19
   1275.35767    0.9600000      44.18
   1275.35962    0.9603500      44.20
   1275.36145    0.9607700      44.22
   1275.36328    0.9610200      44.23
   1275.36523    0.9611600      44.24
   1275.36707    0.9612200      44.24
   1275.36902    0.9611700      44.24
   1275.37085    0.9610600      44.23
   1275.37268    0.9610600      44.23
   1275.37463    0.9612000      44.24
   1275.37646    0.9614100      44.25
   1275.37842    0.9617100      44.26
   1275.38025    0.9622200      44.28
   1275.38208    0.9627400      44.31
   1275.38403    0.9627500      44.31
   1275.38586    0.9620600      44.28
   1275.38770    0.9612100      44.24
   1275.38965    0.9608600      44.22
   1275.39148    0.9609600      44.23
   1275.39343    0.9608800      44.22
   1275.39526    0.9603500      44.20
   1275.39709    0.9597800      44.17
   1275.39905    0.9595700      44.16
   1275.40088    0.9595000      44.16
   1275.40283    0.9591700      44.14
   1275.40466    0.9587000      44.12
   1275.40649    0.9585500      44.11
   1275.40845    0.9588500      44.13
   1275.41028    0.9592500      44.15
   1275.41211    0.9595500      44.16
   1275.41406    0.9598700      44.17
   1275.41589    0.9602100      44.19
   1275.41785    0.9603100      44.19
   1275.41968    0.9600400      44.18
   1275.42151    0.9597500      44.17
   1275.42346    0.9598500      44.17
   1275.42529    0.9602100      44.19
   1275.42725    0.9603700      44.20
   1275.42908    0.9601000      44.18
   1275.43091    0.9595400      44.16
   1275.43286    0.9588900      44.13
   1275.43469    0.9581900      44.09
   1275.43665    0.9574900      44.06
   1275.43848    0.9569400      44.04
   1275.44031    0.9566000      44.02
   1275.44226    0.9562900      44.01
   1275.44409    0.9558900      43.99
   1275.44592    0.9555500      43.97
   1275.44788    0.9555800      43.97
   1275.44971    0.9560800      44.00
   1275.45166    0.9568100      44.03
   1275.45349    0.9574400      44.06
   1275.45532    0.9578400      44.08
   1275.45728    0.9581200      44.09
   1275.45911    0.9582700      44.10
   1275.46106    0.9581600      44.09
   1275.46289    0.9578300      44.08
   1275.46472    0.9577000      44.07
   1275.46667    0.9581600      44.09
   1275.46851    0.9589800      44.13
   1275.47034    0.9595300      44.15
   1275.47229    0.9595100      44.15
   1275.47412    0.9593500      44.15
   1275.47607    0.9594300      44.15
   1275.47791    0.9595300      44.15
   1275.47974    0.9593000      44.14
   1275.48169    0.9589900      44.13
   1275.48352    0.9592200      44.14
   1275.48547    0.9599700      44.17
   1275.48730    0.9605000      44.20
   1275.48914    0.9604100      44.19
   1275.49109    0.9601800      44.18
   1275.49292    0.9604400      44.19
   1275.49475    0.9611000      44.22
   1275.49670    0.9616100      44.25
   1275.49854    0.9617800      44.26
   1275.50049    0.9618600      44.26
   1275.50232    0.9619400      44.26
   1275.50415    0.9618700      44.26
   1275.50610    0.9616400      44.25
   1275.50793    0.9615000      44.24
   1275.50989    0.9615900      44.25
   1275.51172    0.9617400      44.25
   1275.51355    0.9617800      44.25
   1275.51550    0.9618000      44.25
   1275.51733    0.9619800      44.26
   1275.51929    0.9622500      44.28
   1275.52112    0.9622700      44.28
   1275.52295    0.9617800      44.25
   1275.52490    0.9608300      44.21
   1275.52673    0.9596800      44.16
   1275.52856    0.9586500      44.11
   1275.53052    0.9581500      44.09
   1275.53235    0.9585200      44.10
   1275.53430    0.9596300      44.15
   1275.53613    0.9607100      44.20
   1275.53796    0.9610200      44.22
   1275.53992    0.9607400      44.20
   1275.54175    0.9607400      44.20
   1275.54370    0.9612800      44.23
   1275.54553    0.9615500      44.24
   1275.54736    0.9609200      44.21
   1275.54932    0.9600100      44.17
   1275.55115    0.9597600      44.16
   1275.55310    0.9598800      44.16
   1275.55493    0.9595100      44.15
   1275.55676    0.9588100      44.11
   1275.55872    0.9587300      44.11
   1275.56055    0.9591400      44.13
   1275.56238    0.9589100      44.12
   1275.56433    0.9580200      44.08
   1275.56616    0.9578900      44.07
   1275.56812    0.9588900      44.12
   1275.56995    0.9594700      44.14
   1275.57178    0.9586900      44.11
   1275.57373    0.9578700      44.07
   1275.57556    0.9581600      44.08
   1275.57751    0.9584200      44.09
   1275.57935    0.9575000      44.05
   1275.58118    0.9565800      44.01
   1275.58313    0.9569400      44.03
   1275.58496    0.9570900      44.03
   1275.58691    0.9552600      43.95
   1275.58875    0.9531500      43.85
   1275.59058    0.9535000      43.87
   1275.59253    0.9549100      43.93
   1275.59436    0.9539200      43.89
   1275.59619    0.9512600      43.76
   1275.59814    0.9508300      43.74
   1275.59998    0.9521600      43.81
   1275.60193    0.9504400      43.73
   1275.60376    0.9454000      43.49
   1275.60559    0.9429800      43.38
   1275.60754    0.9449100      43.47
   1275.60938    0.9446100      43.46
   1275.61133    0.9385700      43.18
   1275.61316    0.9336600      42.95
   1275.61499    0.9350700      43.02
   1275.61694    0.9350400      43.02
   1275.61877    0.9248800      42.55
   1275.62073    0.9112900      41.92
   1275.62256    0.9052500      41.65
   1275.62439    0.8991100      41.36
   1275.62634    0.8746700      40.24
   1275.62817    0.8333700      38.34
   1275.63013    0.7920500      36.44
   1275.63196    0.7396600      34.03
   1275.63379    0.6302300      28.99
   1275.63574    0.4504000      20.72
   1275.63757    0.2773300      12.76
   1275.63940    0.2268400      10.44
   1275.64136    0.3351000      15.42
   1275.64319    0.5201400      23.93
   1275.64514    0.6719000      30.91
   1275.64697    0.7544000      34.70
   1275.64880    0.8027000      36.93
   1275.65076    0.8481200      39.02
   1275.65259    0.8842000      40.68
   1275.65454    0.8992100      41.37
   1275.65637    0.9041100      41.59
   1275.65820    0.9145600      42.07
   1275.66016    0.9275800      42.67
   1275.66199    0.9321700      42.88
   1275.66394    0.9302800      42.79
   1275.66577    0.9320400      42.87
   1275.66760    0.9380900      43.15
   1275.66956    0.9407200      43.27
   1275.67139    0.9388100      43.19
   1275.67334    0.9392600      43.21
   1275.67517    0.9442600      43.44
   1275.67700    0.9480700      43.61
   1275.67896    0.9475900      43.59
   1275.68079    0.9472200      43.57
   1275.68262    0.9504600      43.72
   1275.68457    0.9541200      43.89
   1275.68640    0.9544600      43.90
   1275.68835    0.9533900      43.86
   1275.69019    0.9543600      43.90
   1275.69202    0.9564200      43.99
   1275.69397    0.9566800      44.01
   1275.69580    0.9556000      43.96
   1275.69775    0.9557600      43.96
   1275.69958    0.9570700      44.02
   1275.70142    0.9572900      44.03
   1275.70337    0.9561600      43.98
   1275.70520    0.9557200      43.96
   1275.70715    0.9565800      44.00
   1275.70898    0.9569900      44.02
   1275.71082    0.9558700      43.97
   1275.71277    0.9542200      43.89
   1275.71460    0.9531000      43.84
   1275.71655    0.9521200      43.79
   1275.71838    0.9508200      43.73
   1275.72021    0.9497400      43.69
   1275.72217    0.9494500      43.67
   1275.72400    0.9495800      43.68
   1275.72595    0.9495300      43.68
   1275.72778    0.9494200      43.67
   1275.72961    0.9496200      43.68
   1275.73157    0.9500900      43.70
   1275.73340    0.9506200      43.72
   1275.73523    0.9512600      43.75
   1275.73718    0.9520700      43.79
   1275.73901    0.9528800      43.83
   1275.74097    0.9537000      43.87
   1275.74280    0.9548300      43.92
   1275.74463    0.9563700      43.99
   1275.74658    0.9578800      44.06
   1275.74841    0.9588900      44.10
   1275.75037    0.9593800      44.13
   1275.75220    0.9596700      44.14
   1275.75403    0.9599200      44.15
   1275.75598    0.9601300      44.16
   1275.75781    0.9602500      44.17
   1275.75977    0.9601900      44.16
   1275.76160    0.9599100      44.15
   1275.76343    0.9597500      44.14
   1275.76538    0.9601300      44.16
   1275.76721    0.9609400      44.20
   1275.76917    0.9615800      44.23
   1275.77100    0.9617500      44.23
   1275.77283    0.9617500      44.23
   1275.77478    0.9618500      44.24
   1275.77661    0.9617500      44.23
   1275.77856    0.9612900      44.21
   1275.78040    0.9609400      44.20
   1275.78223    0.9611800      44.21
   1275.78418    0.9616500      44.23
   1275.78601    0.9615900      44.23
   1275.78796    0.9608600      44.19
   1275.78979    0.9600900      44.16
   1275.79163    0.9597600      44.14
   1275.79358    0.9597500      44.14
   1275.79541    0.9597700      44.14
   1275.79724    0.9597700      44.14
   1275.79919    0.9596700      44.14
   1275.80103    0.9592800      44.12
   1275.80298    0.9586700      44.09
   1275.80481    0.9582300      44.07
   1275.80664    0.9582600      44.07
   1275.80859    0.9585200      44.08
   1275.81042    0.9585200      44.08
   1275.81238    0.9580800      44.06
   1275.81421    0.9575700      44.04
   1275.81604    0.9575600      44.04
   1275.81799    0.9582900      44.07
   1275.81982    0.9593100      44.12
   1275.82178    0.9598400      44.14
   1275.82361    0.9596200      44.13
   1275.82544    0.9592700      44.12
   1275.82739    0.9595000      44.13
   1275.82922    0.9600900      44.15
   1275.83118    0.9601300      44.15
   1275.83301    0.9591400      44.11
   1275.83484    0.9577400      44.04
   1275.83679    0.9569000      44.01
   1275.83862    0.9569800      44.01
   1275.84058    0.9575500      44.04
   1275.84241    0.9579200      44.05
   1275.84424    0.9577900      44.05
   1275.84619    0.9574600      44.03
   1275.84802    0.9573200      44.02
   1275.84998    0.9572000      44.02
   1275.85181    0.9565900      43.99
   1275.85364    0.9556400      43.95
   1275.85559    0.9553300      43.93
   1275.85742    0.9561000      43.97
   1275.85938    0.9569400      44.01
   1275.86121    0.9567500      44.00
   1275.86304    0.9560200      43.96
   1275.86499    0.9560500      43.96
   1275.86682    0.9567200      44.00
   1275.86877    0.9568000      44.00
   1275.87061    0.9562200      43.97
   1275.87244    0.9561800      43.97
   1275.87439    0.9568400      44.00
   1275.87622    0.9569100      44.00
   1275.87817    0.9561500      43.97
   1275.88000    0.9560500      43.96
   1275.88184    0.9569800      44.01
   1275.88379    0.9570700      44.01
   1275.88562    0.9555400      43.94
   1275.88745    0.9546500      43.90
   1275.88940    0.9559200      43.96
   1275.89124    0.9570000      44.01
   1275.89319    0.9555100      43.94
   1275.89502    0.9534300      43.84
   1275.89685    0.9537900      43.86
   1275.89880    0.9548200      43.91
   1275.90063    0.9526800      43.81
   1275.90259    0.9486300      43.62
   1275.90442    0.9472900      43.56
   1275.90625    0.9482500      43.60
   1275.90820    0.9463700      43.52
   1275.91003    0.9414300      43.29
   1275.91199    0.9395000      43.20
   1275.91382    0.9419800      43.31
   1275.91565    0.9420900      43.32
   1275.91760    0.9369200      43.08
   1275.91943    0.9337600      42.94
   1275.92139    0.9369400      43.08
   1275.92322    0.9377300      43.12
   1275.92505    0.9283200      42.69
   1275.92700    0.9169300      42.16
   1275.92883    0.9138300      42.02
   1275.93079    0.9091400      41.80
   1275.93262    0.8852000      40.70
   1275.93445    0.8473300      38.96
   1275.93640    0.8138900      37.42
   1275.93823    0.7696700      35.39
   1275.94019    0.6651300      30.58
   1275.94202    0.4911200      22.58
   1275.94385    0.3320900      15.27
   1275.94580    0.3015800      13.87
   1275.94763    0.4220300      19.40
   1275.94958    0.6005700      27.61
   1275.95142    0.7318100      33.65
   1275.95325    0.7942500      36.52
   1275.95520    0.8313000      38.22
   1275.95703    0.8712200      40.06
   1275.95898    0.9020900      41.48
   1275.96082    0.9120500      41.93
   1275.96265    0.9143400      42.04
   1275.96460    0.9239400      42.48
   1275.96643    0.9356000      43.02
   1275.96838    0.9385800      43.15
   1275.97021    0.9365200      43.06
   1275.97205    0.9392800      43.19
   1275.97400    0.9457200      43.48
   1275.97583    0.9479500      43.58
   1275.97778    0.9461400      43.50
   1275.97961    0.9471600      43.55
   1275.98145    0.9519000      43.77
   1275.98340    0.9545600      43.89
   1275.98523    0.9532700      43.83
   1275.98718    0.9525300      43.79
   1275.98901    0.9546900      43.89
   1275.99084    0.9565600      43.98
   1275.99280    0.9557500      43.94
   1275.99463    0.9544400      43.88
   1275.99658    0.9550000      43.91
   1275.99841    0.9563500      43.97
   1276.00024    0.9566900      43.98
   1276.00220    0.9563500      43.97
   1276.00403    0.9563300      43.97
   1276.00598    0.9565200      43.98
   1276.00781    0.9565600      43.98
   1276.00964    0.9566100      43.98
   1276.01160    0.9566400      43.98
   1276.01343    0.9565000      43.97
   1276.01538    0.9565600      43.98
   1276.01721    0.9568600      43.99
   1276.01904    0.9564200      43.97
   1276.02100    0.9550700      43.91
   1276.02283    0.9545800      43.89
   1276.02478    0.9555800      43.93
   1276.02661    0.9556000      43.93
   1276.02844    0.9531300      43.82
   1276.03040    0.9512400      43.73
   1276.03223    0.9527500      43.80
   1276.03418    0.9544100      43.88
   1276.03601    0.9517400      43.75
   1276.03784    0.9473500      43.55
   1276.03979    0.9470100      43.54
   1276.04163    0.9489600      43.63
   1276.04358    0.9463300      43.50
   1276.04541    0.9401700      43.22
   1276.04724    0.9388400      43.16
   1276.04919    0.9423000      43.32
   1276.05103    0.9399000      43.21
   1276.05298    0.9290600      42.71
   1276.05481    0.9216400      42.37
   1276.05664    0.9218800      42.38
   1276.05859    0.9136100      42.00
   1276.06042    0.8853800      40.70
   1276.06238    0.8525200      39.19
   1276.06421    0.8277300      38.05
   1276.06604    0.7800200      35.86
   1276.06799    0.6634400      30.50
   1276.06982    0.4983400      22.91
   1276.07178    0.3869600      17.79
   1276.07361    0.4160500      19.13
   1276.07544    0.5602600      25.76
   1276.07739    0.7122900      32.74
   1276.07922    0.7987600      36.72
   1276.08118    0.8341800      38.35
   1276.08301    0.8643900      39.74
   1276.08484    0.8988500      41.32
   1276.08679    0.9185200      42.22
   1276.08862    0.9207900      42.33
   1276.09058    0.9239400      42.47
   1276.09241    0.9356800      43.01
   1276.09424    0.9444800      43.42
   1276.09619    0.9431300      43.35
   1276.09802    0.9404000      43.23
   1276.09998    0.9443800      43.41
