   1244.00098    0.9289500      45.07
   1244.00281    0.9310900      45.17
   1244.00464    0.9346600      45.35
   1244.00635    0.9390100      45.56
   1244.00818    0.9435800      45.78
   1244.01001    0.9481600      46.00
   1244.01172    0.9525500      46.21
   1244.01355    0.9564200      46.40
   1244.01538    0.9596300      46.56
   1244.01709    0.9622800      46.68
   1244.01892    0.9645000      46.79
   1244.02063    0.9661800      46.87
   1244.02246    0.9672000      46.92
   1244.02429    0.9676300      46.94
   1244.02600    0.9677300      46.95
   1244.02783    0.9676900      46.95
   1244.02966    0.9676600      46.94
   1244.03137    0.9676700      46.94
   1244.03320    0.9678200      46.95
   1244.03503    0.9683600      46.98
   1244.03674    0.9695300      47.03
   1244.03857    0.9711800      47.11
   1244.04028    0.9726800      47.19
   1244.04211    0.9736100      47.23
   1244.04395    0.9743400      47.27
   1244.04565    0.9755600      47.33
   1244.04749    0.9772700      47.41
   1244.04932    0.9786200      47.47
   1244.05103    0.9789900      47.49
   1244.05286    0.9789000      47.49
   1244.05469    0.9793500      47.51
   1244.05640    0.9806300      47.57
   1244.05823    0.9820000      47.64
   1244.05994    0.9826800      47.67
   1244.06177    0.9826800      47.67
   1244.06360    0.9825400      47.66
   1244.06531    0.9826000      47.67
   1244.06714    0.9827000      47.67
   1244.06897    0.9826400      47.67
   1244.07068    0.9825500      47.66
   1244.07251    0.9827500      47.67
   1244.07434    0.9832400      47.70
   1244.07605    0.9836000      47.71
   1244.07788    0.9834500      47.71
   1244.07971    0.9829800      47.68
   1244.08142    0.9827500      47.67
   1244.08325    0.9830600      47.69
   1244.08496    0.9835300      47.71
   1244.08679    0.9836200      47.71
   1244.08862    0.9832900      47.70
   1244.09033    0.9830700      47.69
   1244.09216    0.9833000      47.70
   1244.09399    0.9837500      47.72
   1244.09570    0.9839800      47.73
   1244.09753    0.9839100      47.73
   1244.09937    0.9838500      47.72
   1244.10107    0.9840300      47.73
   1244.10291    0.9843100      47.75
   1244.10461    0.9844400      47.75
   1244.10645    0.9843800      47.75
   1244.10828    0.9842500      47.74
   1244.10999    0.9841700      47.74
   1244.11182    0.9841600      47.74
   1244.11365    0.9842700      47.74
   1244.11536    0.9844400      47.75
   1244.11719    0.9844800      47.75
   1244.11902    0.9842500      47.74
   1244.12073    0.9839000      47.72
   1244.12256    0.9837800      47.72
   1244.12439    0.9839900      47.73
   1244.12610    0.9842300      47.74
   1244.12793    0.9841900      47.74
   1244.12964    0.9839100      47.72
   1244.13147    0.9836900      47.71
   1244.13330    0.9837100      47.71
   1244.13501    0.9838500      47.72
   1244.13684    0.9839700      47.73
   1244.13867    0.9839700      47.73
   1244.14038    0.9838100      47.72
   1244.14221    0.9835300      47.71
   1244.14404    0.9834400      47.70
   1244.14575    0.9837900      47.72
   1244.14758    0.9843100      47.74
   1244.14929    0.9843700      47.75
   1244.15112    0.9838000      47.72
   1244.15295    0.9833300      47.69
   1244.15466    0.9836100      47.71
   1244.15649    0.9843000      47.74
   1244.15833    0.9844300      47.75
   1244.16003    0.9837700      47.72
   1244.16187    0.9831900      47.69
   1244.16370    0.9834500      47.70
   1244.16541    0.9841800      47.73
   1244.16724    0.9845100      47.75
   1244.16907    0.9841300      47.73
   1244.17078    0.9835600      47.70
   1244.17261    0.9832100      47.69
   1244.17432    0.9829800      47.68
   1244.17615    0.9826700      47.66
   1244.17798    0.9824000      47.65
   1244.17969    0.9824500      47.65
   1244.18152    0.9828100      47.67
   1244.18335    0.9831300      47.68
   1244.18506    0.9830600      47.68
   1244.18689    0.9825300      47.65
   1244.18872    0.9818000      47.62
   1244.19043    0.9812200      47.59
   1244.19226    0.9810100      47.58
   1244.19397    0.9810500      47.58
   1244.19580    0.9811200      47.58
   1244.19763    0.9810900      47.58
   1244.19934    0.9810000      47.58
   1244.20117    0.9808900      47.57
   1244.20300    0.9807800      47.57
   1244.20471    0.9807400      47.56
   1244.20654    0.9807700      47.57
   1244.20837    0.9807600      47.57
   1244.21008    0.9805900      47.56
   1244.21191    0.9803300      47.54
   1244.21375    0.9801300      47.53
   1244.21545    0.9798800      47.52
   1244.21729    0.9793300      47.50
   1244.21899    0.9784200      47.45
   1244.22083    0.9773800      47.40
   1244.22266    0.9763500      47.35
   1244.22437    0.9752200      47.30
   1244.22620    0.9739300      47.23
   1244.22803    0.9724700      47.16
   1244.22974    0.9706600      47.07
   1244.23157    0.9682700      46.96
   1244.23340    0.9655900      46.83
   1244.23511    0.9631800      46.71
   1244.23694    0.9607200      46.59
   1244.23877    0.9569900      46.41
   1244.24048    0.9519300      46.16
   1244.24231    0.9480100      45.97
   1244.24402    0.9483400      45.99
   1244.24585    0.9531600      46.22
   1244.24768    0.9593400      46.52
   1244.24939    0.9637600      46.74
   1244.25122    0.9662400      46.86
   1244.25305    0.9684000      46.96
   1244.25476    0.9708300      47.08
   1244.25659    0.9726400      47.17
   1244.25842    0.9733800      47.20
   1244.26013    0.9738100      47.22
   1244.26196    0.9746900      47.27
   1244.26379    0.9757000      47.32
   1244.26550    0.9763100      47.35
   1244.26733    0.9767200      47.36
   1244.26904    0.9774200      47.40
   1244.27087    0.9781800      47.44
   1244.27271    0.9784400      47.45
   1244.27441    0.9782900      47.44
   1244.27625    0.9783800      47.44
   1244.27808    0.9789400      47.47
   1244.27979    0.9794100      47.49
   1244.28162    0.9792200      47.48
   1244.28345    0.9785800      47.45
   1244.28516    0.9781700      47.43
   1244.28699    0.9784100      47.45
   1244.28882    0.9790800      47.48
   1244.29053    0.9797400      47.51
   1244.29236    0.9801900      47.53
   1244.29407    0.9805700      47.55
   1244.29590    0.9810200      47.57
   1244.29773    0.9814200      47.59
   1244.29944    0.9815200      47.60
   1244.30127    0.9813800      47.59
   1244.30310    0.9813200      47.58
   1244.30481    0.9815100      47.59
   1244.30664    0.9816500      47.60
   1244.30847    0.9815000      47.59
   1244.31018    0.9811800      47.58
   1244.31201    0.9809500      47.57
   1244.31384    0.9807200      47.56
   1244.31555    0.9803200      47.54
   1244.31738    0.9798900      47.51
   1244.31921    0.9796300      47.50
   1244.32092    0.9792700      47.48
   1244.32275    0.9783800      47.44
   1244.32446    0.9772300      47.38
   1244.32629    0.9767000      47.36
   1244.32812    0.9770500      47.38
   1244.32983    0.9775000      47.40
   1244.33167    0.9773400      47.39
   1244.33350    0.9769900      47.37
   1244.33521    0.9772400      47.38
   1244.33704    0.9779600      47.42
   1244.33887    0.9783200      47.44
   1244.34058    0.9781600      47.43
   1244.34241    0.9781800      47.43
   1244.34424    0.9788000      47.46
   1244.34595    0.9795700      47.50
   1244.34778    0.9800400      47.52
   1244.34949    0.9805100      47.54
   1244.35132    0.9813900      47.58
   1244.35315    0.9823800      47.63
   1244.35486    0.9828300      47.65
   1244.35669    0.9826200      47.64
   1244.35852    0.9822900      47.63
   1244.36023    0.9821600      47.62
   1244.36206    0.9820600      47.62
   1244.36389    0.9818000      47.60
   1244.36560    0.9814600      47.59
   1244.36743    0.9812200      47.57
   1244.36926    0.9811000      47.57
   1244.37097    0.9810500      47.57
   1244.37280    0.9811000      47.57
   1244.37463    0.9812500      47.58
   1244.37634    0.9814600      47.59
   1244.37817    0.9817200      47.60
   1244.37988    0.9819700      47.61
   1244.38171    0.9819800      47.61
   1244.38354    0.9816600      47.59
   1244.38525    0.9814100      47.58
   1244.38708    0.9817500      47.60
   1244.38892    0.9825300      47.64
   1244.39062    0.9829400      47.66
   1244.39246    0.9825700      47.64
   1244.39429    0.9820700      47.61
   1244.39600    0.9822700      47.62
   1244.39783    0.9831000      47.66
   1244.39966    0.9837700      47.70
   1244.40137    0.9839000      47.70
   1244.40320    0.9838400      47.70
   1244.40491    0.9838900      47.70
   1244.40674    0.9838100      47.70
   1244.40857    0.9833800      47.68
   1244.41028    0.9829400      47.65
   1244.41211    0.9830400      47.66
   1244.41394    0.9836300      47.69
   1244.41565    0.9841200      47.71
   1244.41748    0.9841100      47.71
   1244.41931    0.9837500      47.69
   1244.42102    0.9834600      47.68
   1244.42285    0.9834900      47.68
   1244.42468    0.9838000      47.70
   1244.42639    0.9841900      47.71
   1244.42822    0.9844100      47.72
   1244.43005    0.9843600      47.72
   1244.43176    0.9841600      47.71
   1244.43359    0.9840700      47.71
   1244.43542    0.9841700      47.71
   1244.43713    0.9843700      47.72
   1244.43896    0.9845000      47.73
   1244.44067    0.9845200      47.73
   1244.44250    0.9843800      47.72
   1244.44434    0.9840200      47.70
   1244.44604    0.9834700      47.68
   1244.44788    0.9830200      47.66
   1244.44971    0.9829400      47.65
   1244.45142    0.9830900      47.66
   1244.45325    0.9830100      47.65
   1244.45508    0.9824000      47.63
   1244.45679    0.9815400      47.58
   1244.45862    0.9810400      47.56
   1244.46045    0.9810900      47.56
   1244.46216    0.9811900      47.57
   1244.46399    0.9807500      47.54
   1244.46582    0.9798400      47.50
   1244.46753    0.9791700      47.47
   1244.46936    0.9792000      47.47
   1244.47107    0.9796300      47.49
   1244.47290    0.9798100      47.50
   1244.47473    0.9795600      47.49
   1244.47644    0.9792500      47.47
   1244.47827    0.9791900      47.47
   1244.48010    0.9792600      47.47
   1244.48181    0.9791900      47.47
   1244.48364    0.9789800      47.46
   1244.48547    0.9788200      47.45
   1244.48718    0.9786700      47.44
   1244.48901    0.9783600      47.43
   1244.49084    0.9778300      47.40
   1244.49255    0.9772700      47.37
   1244.49438    0.9769200      47.36
   1244.49622    0.9768800      47.35
   1244.49792    0.9770800      47.36
   1244.49976    0.9773000      47.37
   1244.50146    0.9772800      47.37
   1244.50330    0.9770300      47.36
   1244.50513    0.9768800      47.35
   1244.50684    0.9771100      47.36
   1244.50867    0.9776600      47.39
   1244.51050    0.9782500      47.42
   1244.51221    0.9789700      47.45
   1244.51404    0.9800100      47.50
   1244.51587    0.9811500      47.56
   1244.51758    0.9817100      47.59
   1244.51941    0.9814600      47.57
   1244.52124    0.9810600      47.55
   1244.52295    0.9812700      47.56
   1244.52478    0.9820000      47.60
   1244.52661    0.9825700      47.63
   1244.52832    0.9827600      47.64
   1244.53015    0.9829400      47.65
   1244.53198    0.9831900      47.66
   1244.53369    0.9830300      47.65
   1244.53552    0.9822600      47.61
   1244.53723    0.9815600      47.58
   1244.53906    0.9816900      47.58
   1244.54089    0.9824400      47.62
   1244.54260    0.9829000      47.64
   1244.54443    0.9827000      47.63
   1244.54626    0.9823600      47.62
   1244.54797    0.9824100      47.62
   1244.54980    0.9826700      47.63
   1244.55164    0.9826200      47.63
   1244.55334    0.9821300      47.60
   1244.55518    0.9815200      47.57
   1244.55701    0.9811500      47.56
   1244.55872    0.9811200      47.55
   1244.56055    0.9812800      47.56
   1244.56238    0.9813700      47.57
   1244.56409    0.9812600      47.56
   1244.56592    0.9811800      47.56
   1244.56775    0.9815000      47.57
   1244.56946    0.9821500      47.60
   1244.57129    0.9825200      47.62
   1244.57300    0.9821500      47.60
   1244.57483    0.9813500      47.56
   1244.57666    0.9807200      47.53
   1244.57837    0.9804300      47.52
   1244.58020    0.9801500      47.51
   1244.58203    0.9797900      47.49
   1244.58374    0.9796200      47.48
   1244.58557    0.9796800      47.48
   1244.58740    0.9796200      47.48
   1244.58911    0.9792200      47.46
   1244.59094    0.9789100      47.44
   1244.59277    0.9791300      47.46
   1244.59448    0.9797200      47.48
   1244.59631    0.9801300      47.50
   1244.59814    0.9802000      47.51
   1244.59985    0.9802100      47.51
   1244.60168    0.9803300      47.51
   1244.60352    0.9804600      47.52
   1244.60522    0.9805100      47.52
   1244.60706    0.9806300      47.53
   1244.60876    0.9808400      47.54
   1244.61060    0.9809600      47.54
   1244.61243    0.9809400      47.54
   1244.61414    0.9809400      47.54
   1244.61597    0.9809200      47.54
   1244.61780    0.9806300      47.53
   1244.61951    0.9801500      47.50
   1244.62134    0.9800200      47.50
   1244.62317    0.9805000      47.52
   1244.62488    0.9810500      47.55
   1244.62671    0.9809900      47.54
   1244.62854    0.9803500      47.51
   1244.63025    0.9797000      47.48
   1244.63208    0.9791400      47.45
   1244.63391    0.9781900      47.41
   1244.63562    0.9767100      47.33
   1244.63745    0.9752300      47.26
   1244.63928    0.9740900      47.21
   1244.64099    0.9729800      47.15
   1244.64282    0.9716300      47.09
   1244.64465    0.9705600      47.04
   1244.64636    0.9705300      47.03
   1244.64819    0.9714700      47.08
   1244.64990    0.9725800      47.13
   1244.65173    0.9734500      47.18
   1244.65356    0.9743200      47.22
   1244.65527    0.9754300      47.27
   1244.65710    0.9765100      47.32
   1244.65894    0.9773400      47.36
   1244.66064    0.9781000      47.40
   1244.66248    0.9790600      47.45
   1244.66431    0.9801300      47.50
   1244.66602    0.9811100      47.55
   1244.66785    0.9820200      47.59
   1244.66968    0.9828600      47.63
   1244.67139    0.9833700      47.65
   1244.67322    0.9834400      47.66
   1244.67505    0.9834400      47.66
   1244.67676    0.9838000      47.67
   1244.67859    0.9843400      47.70
   1244.68042    0.9845200      47.71
   1244.68213    0.9842400      47.70
   1244.68396    0.9839500      47.68
   1244.68579    0.9839200      47.68
   1244.68750    0.9839200      47.68
   1244.68933    0.9837700      47.67
   1244.69104    0.9837100      47.67
   1244.69287    0.9838500      47.68
   1244.69470    0.9838700      47.68
   1244.69641    0.9834300      47.66
   1244.69824    0.9827900      47.62
   1244.70007    0.9823600      47.60
   1244.70178    0.9820300      47.59
   1244.70361    0.9813800      47.56
   1244.70544    0.9804200      47.51
   1244.70715    0.9795700      47.47
   1244.70898    0.9789300      47.44
   1244.71082    0.9781000      47.40
   1244.71252    0.9769300      47.34
   1244.71436    0.9759400      47.29
   1244.71619    0.9757000      47.28
   1244.71790    0.9760900      47.30
   1244.71973    0.9765700      47.32
   1244.72156    0.9769100      47.34
   1244.72327    0.9773200      47.36
   1244.72510    0.9779600      47.39
   1244.72693    0.9786300      47.42
   1244.72864    0.9791400      47.44
   1244.73047    0.9795100      47.46
   1244.73230    0.9798100      47.48
   1244.73401    0.9799400      47.48
   1244.73584    0.9797600      47.47
   1244.73767    0.9792800      47.45
   1244.73938    0.9786100      47.42
   1244.74121    0.9779200      47.38
   1244.74292    0.9774100      47.36
   1244.74475    0.9772600      47.35
   1244.74658    0.9773700      47.36
   1244.74829    0.9774100      47.36
   1244.75012    0.9772500      47.35
   1244.75195    0.9771100      47.34
   1244.75366    0.9772500      47.35
   1244.75549    0.9775800      47.37
   1244.75732    0.9778700      47.38
   1244.75903    0.9782500      47.40
   1244.76086    0.9790100      47.44
   1244.76270    0.9801100      47.49
   1244.76440    0.9810600      47.54
   1244.76624    0.9815200      47.56
   1244.76807    0.9817900      47.57
   1244.76978    0.9822900      47.59
   1244.77161    0.9829300      47.63
   1244.77344    0.9831700      47.64
   1244.77515    0.9828600      47.62
   1244.77698    0.9825300      47.61
   1244.77881    0.9827200      47.61
   1244.78052    0.9832900      47.64
   1244.78235    0.9836600      47.66
   1244.78418    0.9835200      47.65
   1244.78589    0.9830800      47.63
   1244.78772    0.9827100      47.61
   1244.78955    0.9825600      47.61
   1244.79126    0.9825800      47.61
   1244.79309    0.9827200      47.61
   1244.79480    0.9829500      47.62
   1244.79663    0.9831600      47.63
   1244.79846    0.9833200      47.64
   1244.80017    0.9835200      47.65
   1244.80200    0.9837500      47.66
   1244.80383    0.9837900      47.66
   1244.80554    0.9835000      47.65
   1244.80737    0.9831000      47.63
   1244.80920    0.9830800      47.63
   1244.81091    0.9835500      47.65
   1244.81274    0.9841600      47.68
   1244.81458    0.9844900      47.70
   1244.81628    0.9846000      47.70
   1244.81812    0.9847600      47.71
   1244.81995    0.9850200      47.72
   1244.82166    0.9850300      47.72
   1244.82349    0.9845100      47.70
   1244.82532    0.9837100      47.66
   1244.82703    0.9831300      47.63
   1244.82886    0.9830000      47.62
   1244.83069    0.9831000      47.63
   1244.83240    0.9830000      47.62
   1244.83423    0.9826000      47.60
   1244.83606    0.9822600      47.59
   1244.83777    0.9823800      47.59
   1244.83960    0.9829300      47.62
   1244.84143    0.9834200      47.64
   1244.84314    0.9834800      47.65
   1244.84497    0.9832500      47.63
   1244.84680    0.9832200      47.63
   1244.84851    0.9835300      47.65
   1244.85034    0.9838000      47.66
   1244.85205    0.9835700      47.65
   1244.85388    0.9828900      47.62
   1244.85571    0.9821500      47.58
   1244.85742    0.9817200      47.56
   1244.85925    0.9816500      47.56
   1244.86108    0.9817800      47.56
   1244.86279    0.9818400      47.56
   1244.86462    0.9815800      47.55
   1244.86646    0.9809900      47.52
   1244.86816    0.9803300      47.49
   1244.87000    0.9798900      47.47
   1244.87183    0.9796000      47.46
   1244.87354    0.9791500      47.43
   1244.87537    0.9785500      47.40
   1244.87720    0.9781400      47.38
   1244.87891    0.9781000      47.38
   1244.88074    0.9781900      47.39
   1244.88257    0.9781900      47.39
   1244.88428    0.9783400      47.39
   1244.88611    0.9789500      47.42
   1244.88794    0.9798600      47.47
   1244.88965    0.9805700      47.50
   1244.89148    0.9809200      47.52
   1244.89331    0.9811700      47.53
   1244.89502    0.9814300      47.54
   1244.89685    0.9815000      47.55
   1244.89868    0.9812900      47.54
   1244.90039    0.9811000      47.53
   1244.90222    0.9810800      47.52
   1244.90405    0.9809200      47.52
   1244.90576    0.9803600      47.49
   1244.90759    0.9796500      47.46
   1244.90942    0.9792400      47.44
   1244.91113    0.9791700      47.43
   1244.91296    0.9791300      47.43
   1244.91479    0.9789600      47.42
   1244.91650    0.9785700      47.40
   1244.91833    0.9776700      47.36
   1244.92004    0.9761100      47.28
   1244.92188    0.9742600      47.19
   1244.92371    0.9727300      47.12
   1244.92542    0.9715300      47.06
   1244.92725    0.9700200      46.99
   1244.92908    0.9678900      46.88
   1244.93079    0.9654200      46.76
   1244.93262    0.9628500      46.64
   1244.93445    0.9600200      46.50
   1244.93616    0.9569600      46.35
   1244.93799    0.9542200      46.22
   1244.93982    0.9521800      46.12
   1244.94153    0.9506100      46.05
   1244.94336    0.9494600      45.99
   1244.94519    0.9493900      45.99
   1244.94690    0.9507200      46.05
   1244.94873    0.9526400      46.14
   1244.95056    0.9544200      46.23
   1244.95227    0.9567400      46.34
   1244.95410    0.9601500      46.51
   1244.95593    0.9625200      46.62
   1244.95764    0.9603200      46.51
   1244.95947    0.9538100      46.20
   1244.96130    0.9487500      45.95
   1244.96301    0.9510000      46.06
   1244.96484    0.9599800      46.50
   1244.96667    0.9694300      46.96
   1244.96838    0.9744300      47.20
   1244.97021    0.9757300      47.26
   1244.97205    0.9767600      47.31
   1244.97375    0.9787900      47.41
   1244.97559    0.9805000      47.49
   1244.97742    0.9809300      47.51
   1244.97913    0.9808200      47.51
   1244.98096    0.9810200      47.52
   1244.98279    0.9813700      47.53
   1244.98450    0.9814800      47.54
   1244.98633    0.9815600      47.54
   1244.98816    0.9818500      47.56
   1244.98987    0.9820900      47.57
   1244.99170    0.9819800      47.56
   1244.99353    0.9818300      47.55
   1244.99524    0.9820800      47.57
   1244.99707    0.9825100      47.59
   1244.99890    0.9825400      47.59
   1245.00061    0.9821900      47.57
   1245.00244    0.9821500      47.57
   1245.00415    0.9828100      47.60
   1245.00598    0.9836700      47.64
   1245.00781    0.9839600      47.66
   1245.00952    0.9835700      47.64
   1245.01135    0.9830700      47.61
   1245.01318    0.9829200      47.61
   1245.01489    0.9830300      47.61
   1245.01672    0.9830400      47.61
   1245.01855    0.9829100      47.60
   1245.02026    0.9828400      47.60
   1245.02209    0.9828900      47.60
   1245.02393    0.9828200      47.60
   1245.02563    0.9824700      47.58
   1245.02747    0.9820100      47.56
   1245.02930    0.9816200      47.54
   1245.03101    0.9811700      47.52
   1245.03284    0.9803700      47.48
   1245.03467    0.9792800      47.43
   1245.03638    0.9782300      47.38
   1245.03821    0.9773500      47.33
   1245.04004    0.9763700      47.29
   1245.04175    0.9750800      47.22
   1245.04358    0.9736000      47.15
   1245.04541    0.9722600      47.09
   1245.04712    0.9712600      47.04
   1245.04895    0.9706200      47.01
   1245.05078    0.9702700      46.99
   1245.05249    0.9699900      46.98
   1245.05432    0.9695400      46.95
   1245.05615    0.9690600      46.93
   1245.05786    0.9691600      46.94
   1245.05969    0.9701800      46.98
   1245.06152    0.9717000      47.06
   1245.06323    0.9729500      47.12
   1245.06506    0.9737800      47.16
   1245.06689    0.9747400      47.20
   1245.06860    0.9761000      47.27
   1245.07043    0.9774800      47.34
   1245.07227    0.9784000      47.38
   1245.07397    0.9789900      47.41
   1245.07581    0.9796600      47.44
   1245.07764    0.9803900      47.48
   1245.07935    0.9809000      47.50
   1245.08118    0.9811600      47.51
   1245.08301    0.9814800      47.53
   1245.08472    0.9819300      47.55
   1245.08655    0.9822800      47.57
   1245.08838    0.9823700      47.57
   1245.09009    0.9822200      47.56
   1245.09192    0.9818500      47.55
   1245.09375    0.9812200      47.52
   1245.09546    0.9805800      47.49
   1245.09729    0.9803800      47.48
   1245.09912    0.9806500      47.49
   1245.10083    0.9807300      47.49
   1245.10266    0.9801500      47.46
   1245.10449    0.9793000      47.42
   1245.10620    0.9788400      47.40
   1245.10803    0.9787400      47.39
   1245.10986    0.9783300      47.37
   1245.11157    0.9775500      47.34
   1245.11340    0.9771300      47.32
   1245.11523    0.9775700      47.34
   1245.11694    0.9782700      47.37
   1245.11877    0.9783700      47.38
   1245.12061    0.9777900      47.35
   1245.12231    0.9770800      47.31
   1245.12415    0.9763400      47.28
   1245.12598    0.9751400      47.22
   1245.12769    0.9732900      47.13
   1245.12952    0.9711700      47.03
   1245.13135    0.9690000      46.92
   1245.13306    0.9665800      46.80
   1245.13489    0.9640000      46.68
   1245.13660    0.9620000      46.58
   1245.13843    0.9612100      46.54
   1245.14026    0.9612800      46.55
   1245.14197    0.9614800      46.56
   1245.14380    0.9619100      46.58
   1245.14563    0.9633200      46.65
   1245.14734    0.9658700      46.77
   1245.14917    0.9687300      46.91
   1245.15100    0.9711200      47.02
   1245.15271    0.9732500      47.13
   1245.15454    0.9756000      47.24
   1245.15637    0.9778900      47.35
   1245.15808    0.9794700      47.43
   1245.15991    0.9803200      47.47
   1245.16174    0.9811100      47.51
   1245.16345    0.9821000      47.55
   1245.16528    0.9827900      47.59
   1245.16711    0.9828600      47.59
   1245.16882    0.9827700      47.59
   1245.17065    0.9831600      47.60
   1245.17249    0.9838200      47.64
   1245.17419    0.9838900      47.64
   1245.17603    0.9830700      47.60
   1245.17786    0.9820400      47.55
   1245.17957    0.9816100      47.53
   1245.18140    0.9818200      47.54
   1245.18323    0.9820300      47.55
   1245.18494    0.9818400      47.54
   1245.18677    0.9814300      47.52
   1245.18860    0.9811600      47.51
   1245.19031    0.9808400      47.49
   1245.19214    0.9799000      47.44
   1245.19397    0.9781200      47.36
   1245.19568    0.9760600      47.26
   1245.19751    0.9745200      47.18
   1245.19934    0.9737300      47.15
   1245.20105    0.9733100      47.12
   1245.20288    0.9729900      47.11
   1245.20471    0.9730000      47.11
   1245.20642    0.9735800      47.14
   1245.20825    0.9745700      47.19
   1245.21008    0.9755600      47.23
   1245.21179    0.9764900      47.28
   1245.21362    0.9775500      47.33
   1245.21545    0.9787400      47.39
   1245.21716    0.9796900      47.43
   1245.21899    0.9801300      47.45
   1245.22083    0.9802000      47.46
   1245.22253    0.9801500      47.45
   1245.22437    0.9800200      47.45
   1245.22620    0.9798500      47.44
   1245.22791    0.9798900      47.44
   1245.22974    0.9802700      47.46
   1245.23157    0.9807300      47.48
   1245.23328    0.9808200      47.49
   1245.23511    0.9805400      47.47
   1245.23694    0.9804200      47.47
   1245.23865    0.9807600      47.48
   1245.24048    0.9812600      47.51
   1245.24231    0.9814500      47.52
   1245.24402    0.9812700      47.51
   1245.24585    0.9810000      47.49
   1245.24768    0.9807700      47.48
   1245.24939    0.9803800      47.46
   1245.25122    0.9796200      47.43
   1245.25305    0.9786800      47.38
   1245.25476    0.9779400      47.34
   1245.25659    0.9775100      47.32
   1245.25842    0.9771100      47.30
   1245.26013    0.9764200      47.27
   1245.26196    0.9755800      47.23
   1245.26379    0.9751900      47.21
   1245.26550    0.9756700      47.23
   1245.26733    0.9767200      47.28
   1245.26917    0.9776200      47.33
   1245.27087    0.9779800      47.35
   1245.27271    0.9781300      47.35
   1245.27454    0.9786000      47.37
   1245.27625    0.9794300      47.41
   1245.27808    0.9801300      47.45
   1245.27991    0.9802600      47.45
   1245.28162    0.9798600      47.44
   1245.28345    0.9792900      47.41
   1245.28528    0.9789100      47.39
   1245.28699    0.9789300      47.39
   1245.28882    0.9792900      47.41
   1245.29065    0.9797000      47.43
   1245.29236    0.9798900      47.44
   1245.29419    0.9799400      47.44
   1245.29602    0.9802100      47.45
   1245.29773    0.9808000      47.48
   1245.29956    0.9813500      47.51
   1245.30139    0.9815500      47.52
   1245.30310    0.9816400      47.52
   1245.30493    0.9821200      47.54
   1245.30676    0.9829900      47.58
   1245.30847    0.9836400      47.62
   1245.31030    0.9836600      47.62
   1245.31213    0.9832500      47.60
   1245.31384    0.9828900      47.58
   1245.31567    0.9827400      47.57
   1245.31750    0.9826600      47.57
   1245.31921    0.9826500      47.57
   1245.32104    0.9828500      47.58
   1245.32288    0.9832500      47.60
   1245.32458    0.9836000      47.61
   1245.32642    0.9836800      47.62
   1245.32825    0.9834600      47.61
   1245.32996    0.9830400      47.59
   1245.33179    0.9825900      47.56
   1245.33362    0.9822800      47.55
   1245.33533    0.9820700      47.54
   1245.33716    0.9816200      47.52
   1245.33899    0.9806400      47.47
   1245.34070    0.9793700      47.41
   1245.34253    0.9783500      47.36
   1245.34436    0.9777600      47.33
   1245.34607    0.9771900      47.30
   1245.34790    0.9764000      47.26
   1245.34973    0.9757900      47.23
   1245.35144    0.9759000      47.24
   1245.35327    0.9765500      47.27
   1245.35510    0.9770700      47.29
   1245.35681    0.9772600      47.30
   1245.35864    0.9776500      47.32
   1245.36047    0.9786800      47.37
   1245.36218    0.9800500      47.44
   1245.36401    0.9811000      47.49
   1245.36584    0.9816400      47.51
   1245.36755    0.9819500      47.53
   1245.36938    0.9823100      47.55
   1245.37122    0.9826800      47.56
   1245.37292    0.9829400      47.58
   1245.37476    0.9831000      47.58
   1245.37659    0.9832000      47.59
   1245.37842    0.9832000      47.59
   1245.38013    0.9830400      47.58
   1245.38196    0.9828400      47.57
   1245.38379    0.9828300      47.57
   1245.38550    0.9831300      47.59
   1245.38733    0.9835600      47.61
   1245.38916    0.9837800      47.62
   1245.39087    0.9836100      47.61
   1245.39270    0.9833000      47.59
   1245.39453    0.9832300      47.59
   1245.39624    0.9834000      47.60
   1245.39807    0.9834000      47.60
   1245.39990    0.9830600      47.58
   1245.40161    0.9828100      47.57
   1245.40344    0.9831400      47.58
   1245.40527    0.9838300      47.62
   1245.40698    0.9842000      47.64
   1245.40881    0.9840000      47.63
   1245.41064    0.9836800      47.61
   1245.41235    0.9836400      47.61
   1245.41418    0.9836200      47.61
   1245.41602    0.9832400      47.59
   1245.41772    0.9826900      47.56
   1245.41956    0.9825000      47.55
   1245.42139    0.9827100      47.56
   1245.42310    0.9828100      47.57
   1245.42493    0.9825600      47.55
   1245.42676    0.9823300      47.54
   1245.42847    0.9825000      47.55
   1245.43030    0.9828300      47.57
   1245.43213    0.9829400      47.57
   1245.43384    0.9829100      47.57
   1245.43567    0.9831000      47.58
   1245.43750    0.9834900      47.60
   1245.43921    0.9836000      47.60
   1245.44104    0.9833100      47.59
   1245.44287    0.9830500      47.58
   1245.44458    0.9831600      47.58
   1245.44641    0.9833600      47.59
   1245.44824    0.9831800      47.58
   1245.44995    0.9826700      47.56
   1245.45178    0.9823400      47.54
   1245.45361    0.9824100      47.54
   1245.45532    0.9825600      47.55
   1245.45715    0.9823800      47.54
   1245.45898    0.9819900      47.52
   1245.46069    0.9817200      47.51
   1245.46252    0.9816900      47.51
   1245.46436    0.9817100      47.51
   1245.46606    0.9816700      47.51
   1245.46790    0.9817100      47.51
   1245.46973    0.9819000      47.52
   1245.47144    0.9820800      47.53
   1245.47327    0.9820300      47.52
   1245.47510    0.9817800      47.51
   1245.47681    0.9815500      47.50
   1245.47864    0.9815100      47.50
   1245.48047    0.9815800      47.50
   1245.48218    0.9815900      47.50
   1245.48401    0.9815000      47.50
   1245.48584    0.9813300      47.49
   1245.48755    0.9810900      47.48
   1245.48938    0.9807000      47.46
   1245.49121    0.9801800      47.43
   1245.49292    0.9797500      47.41
   1245.49475    0.9797100      47.41
   1245.49658    0.9800300      47.43
   1245.49829    0.9802800      47.44
   1245.50012    0.9800900      47.43
   1245.50195    0.9795600      47.40
   1245.50366    0.9792100      47.39
   1245.50549    0.9793500      47.39
   1245.50732    0.9797200      47.41
   1245.50903    0.9799000      47.42
   1245.51086    0.9798500      47.42
   1245.51270    0.9798800      47.42
   1245.51453    0.9802300      47.43
   1245.51624    0.9808100      47.46
   1245.51807    0.9814200      47.49
   1245.51990    0.9819700      47.52
   1245.52161    0.9823100      47.53
   1245.52344    0.9822900      47.53
   1245.52527    0.9820200      47.52
   1245.52698    0.9819400      47.52
   1245.52881    0.9823600      47.54
   1245.53064    0.9829900      47.57
   1245.53235    0.9833100      47.58
   1245.53418    0.9832600      47.58
   1245.53601    0.9832400      47.58
   1245.53772    0.9834000      47.59
   1245.53955    0.9834000      47.59
   1245.54138    0.9829800      47.57
   1245.54309    0.9825100      47.54
   1245.54492    0.9825500      47.54
   1245.54675    0.9830700      47.57
   1245.54846    0.9835500      47.59
   1245.55029    0.9836600      47.60
   1245.55212    0.9836100      47.59
   1245.55383    0.9836100      47.59
   1245.55566    0.9835800      47.59
   1245.55750    0.9834900      47.59
   1245.55920    0.9835300      47.59
   1245.56104    0.9837100      47.60
   1245.56287    0.9836000      47.59
   1245.56458    0.9828800      47.56
   1245.56641    0.9819900      47.52
   1245.56824    0.9816300      47.50
   1245.56995    0.9818100      47.51
   1245.57178    0.9819100      47.51
   1245.57361    0.9816800      47.50
   1245.57532    0.9817000      47.50
   1245.57715    0.9823900      47.53
   1245.57898    0.9832000      47.57
   1245.58069    0.9833400      47.58
   1245.58252    0.9828600      47.56
   1245.58435    0.9825200      47.54
   1245.58606    0.9825400      47.54
   1245.58789    0.9823100      47.53
   1245.58972    0.9815000      47.49
   1245.59143    0.9806700      47.45
   1245.59326    0.9804700      47.44
   1245.59509    0.9807000      47.45
   1245.59692    0.9807200      47.45
   1245.59863    0.9804400      47.44
   1245.60046    0.9803200      47.43
   1245.60229    0.9804700      47.44
   1245.60400    0.9804000      47.44
   1245.60583    0.9798500      47.41
   1245.60767    0.9792000      47.38
   1245.60938    0.9789300      47.36
   1245.61121    0.9789200      47.36
   1245.61304    0.9788300      47.36
   1245.61475    0.9787100      47.35
   1245.61658    0.9788400      47.36
   1245.61841    0.9791700      47.37
   1245.62012    0.9792900      47.38
   1245.62195    0.9791200      47.37
   1245.62378    0.9789300      47.36
   1245.62549    0.9788500      47.36
   1245.62732    0.9786500      47.35
   1245.62915    0.9782300      47.33
   1245.63086    0.9778800      47.31
   1245.63269    0.9778100      47.31
   1245.63452    0.9776700      47.30
   1245.63623    0.9770400      47.27
   1245.63806    0.9761900      47.23
   1245.63989    0.9758400      47.21
   1245.64160    0.9761700      47.23
   1245.64343    0.9766700      47.25
   1245.64526    0.9769400      47.26
   1245.64697    0.9772500      47.28
   1245.64880    0.9779000      47.31
   1245.65063    0.9784700      47.34
   1245.65234    0.9782600      47.33
   1245.65417    0.9772700      47.28
   1245.65601    0.9762300      47.23
   1245.65771    0.9756500      47.20
   1245.65955    0.9753200      47.19
   1245.66138    0.9748200      47.16
   1245.66309    0.9741500      47.13
   1245.66492    0.9734500      47.09
   1245.66675    0.9726300      47.05
   1245.66858    0.9715500      47.00
   1245.67029    0.9704800      46.95
   1245.67212    0.9697500      46.91
   1245.67395    0.9691000      46.88
   1245.67566    0.9678700      46.82
   1245.67749    0.9658500      46.73
   1245.67932    0.9635600      46.61
   1245.68103    0.9614700      46.51
   1245.68286    0.9593300      46.41
   1245.68469    0.9566100      46.28
   1245.68640    0.9531500      46.11
   1245.68823    0.9490500      45.91
   1245.69006    0.9441400      45.67
   1245.69177    0.9381600      45.38
   1245.69360    0.9312700      45.05
   1245.69543    0.9240400      44.70
   1245.69714    0.9167900      44.35
   1245.69897    0.9094900      44.00
   1245.70081    0.9023600      43.65
   1245.70251    0.8962000      43.35
   1245.70435    0.8918500      43.14
   1245.70618    0.8895600      43.03
   1245.70789    0.8893100      43.02
   1245.70972    0.8913100      43.12
   1245.71155    0.8957900      43.33
   1245.71326    0.9022500      43.65
   1245.71509    0.9095700      44.00
   1245.71692    0.9167800      44.35
   1245.71863    0.9236900      44.68
   1245.72046    0.9304900      45.01
   1245.72229    0.9370500      45.33
   1245.72412    0.9428800      45.61
   1245.72583    0.9476800      45.84
   1245.72766    0.9516400      46.03
   1245.72949    0.9552200      46.21
   1245.73120    0.9587200      46.38
   1245.73303    0.9620000      46.53
   1245.73486    0.9646400      46.66
   1245.73657    0.9664200      46.75
   1245.73840    0.9676400      46.81
   1245.74023    0.9688200      46.86
   1245.74194    0.9701500      46.93
   1245.74377    0.9713900      46.99
   1245.74561    0.9722600      47.03
   1245.74731    0.9728400      47.06
   1245.74915    0.9733700      47.08
   1245.75098    0.9738400      47.11
   1245.75269    0.9740300      47.12
   1245.75452    0.9739000      47.11
   1245.75635    0.9737700      47.10
   1245.75806    0.9739500      47.11
   1245.75989    0.9744300      47.13
   1245.76172    0.9749300      47.16
   1245.76343    0.9752400      47.17
   1245.76526    0.9752900      47.18
   1245.76709    0.9752100      47.17
   1245.76880    0.9750800      47.16
   1245.77063    0.9749200      47.16
   1245.77246    0.9746200      47.14
   1245.77429    0.9742000      47.12
   1245.77600    0.9739000      47.11
   1245.77783    0.9739600      47.11
   1245.77966    0.9743000      47.13
   1245.78137    0.9745100      47.14
   1245.78320    0.9744200      47.13
   1245.78503    0.9742600      47.12
   1245.78674    0.9743500      47.13
   1245.78857    0.9746200      47.14
   1245.79041    0.9747500      47.15
   1245.79211    0.9746000      47.14
   1245.79395    0.9742400      47.12
   1245.79578    0.9736700      47.09
   1245.79749    0.9727700      47.05
   1245.79932    0.9715300      46.99
   1245.80115    0.9700500      46.92
   1245.80286    0.9683200      46.84
   1245.80469    0.9661400      46.73
   1245.80652    0.9635100      46.60
   1245.80823    0.9607600      46.47
   1245.81006    0.9581700      46.34
   1245.81189    0.9557300      46.23
   1245.81360    0.9533200      46.11
   1245.81543    0.9511700      46.00
   1245.81726    0.9496600      45.93
   1245.81897    0.9487800      45.89
   1245.82080    0.9482300      45.86
   1245.82263    0.9479500      45.85
   1245.82446    0.9483300      45.87
   1245.82617    0.9497200      45.93
   1245.82800    0.9519300      46.04
   1245.82983    0.9545700      46.17
   1245.83154    0.9574300      46.31
   1245.83337    0.9604900      46.45
   1245.83521    0.9635600      46.60
   1245.83691    0.9662400      46.73
   1245.83875    0.9683600      46.83
   1245.84058    0.9700700      46.92
   1245.84229    0.9715400      46.99
   1245.84412    0.9727700      47.05
   1245.84595    0.9738100      47.10
   1245.84766    0.9748300      47.15
   1245.84949    0.9758700      47.20
   1245.85132    0.9767400      47.24
   1245.85303    0.9772900      47.26
   1245.85486    0.9776500      47.28
   1245.85669    0.9780000      47.30
   1245.85840    0.9783100      47.31
   1245.86023    0.9784400      47.32
   1245.86206    0.9784900      47.32
   1245.86377    0.9786900      47.33
   1245.86560    0.9790100      47.35
   1245.86743    0.9791200      47.35
   1245.86926    0.9789500      47.34
   1245.87097    0.9787600      47.33
   1245.87280    0.9786900      47.33
   1245.87463    0.9785000      47.32
   1245.87634    0.9780000      47.30
   1245.87817    0.9774600      47.27
   1245.88000    0.9773300      47.26
   1245.88171    0.9775700      47.28
   1245.88354    0.9776600      47.28
   1245.88538    0.9772700      47.26
   1245.88708    0.9765200      47.22
   1245.88892    0.9756100      47.18
   1245.89075    0.9744200      47.12
   1245.89246    0.9726900      47.04
   1245.89429    0.9703600      46.93
   1245.89612    0.9674600      46.79
   1245.89783    0.9640000      46.62
   1245.89966    0.9601200      46.43
   1245.90149    0.9562200      46.24
   1245.90320    0.9527000      46.07
   1245.90503    0.9496900      45.93
   1245.90686    0.9473300      45.81
   1245.90869    0.9462000      45.76
   1245.91040    0.9469900      45.80
   1245.91223    0.9496500      45.92
   1245.91406    0.9531400      46.09
   1245.91577    0.9564200      46.25
   1245.91760    0.9592900      46.39
   1245.91943    0.9621700      46.53
   1245.92114    0.9652500      46.68
   1245.92297    0.9681100      46.82
   1245.92480    0.9703000      46.92
   1245.92651    0.9719600      47.00
   1245.92834    0.9735500      47.08
   1245.93018    0.9752400      47.16
   1245.93188    0.9767900      47.23
   1245.93372    0.9778900      47.29
   1245.93555    0.9784600      47.31
   1245.93726    0.9787300      47.33
   1245.93909    0.9789600      47.34
   1245.94092    0.9792500      47.35
   1245.94275    0.9795400      47.37
   1245.94446    0.9797200      47.38
   1245.94629    0.9797800      47.38
   1245.94812    0.9798200      47.38
   1245.94983    0.9798700      47.38
   1245.95166    0.9798100      47.38
   1245.95349    0.9794700      47.36
   1245.95520    0.9789700      47.34
   1245.95703    0.9785300      47.32
   1245.95886    0.9780200      47.29
   1245.96057    0.9768000      47.23
   1245.96240    0.9744700      47.12
   1245.96423    0.9715000      46.98
   1245.96594    0.9688500      46.85
   1245.96777    0.9668300      46.75
   1245.96960    0.9647300      46.65
   1245.97131    0.9618700      46.51
   1245.97314    0.9585600      46.35
   1245.97498    0.9558700      46.22
   1245.97668    0.9544000      46.15
   1245.97852    0.9538900      46.12
   1245.98035    0.9539900      46.13
   1245.98218    0.9548300      46.17
   1245.98389    0.9566400      46.26
   1245.98572    0.9591300      46.38
   1245.98755    0.9616900      46.50
   1245.98926    0.9640700      46.61
   1245.99109    0.9665200      46.73
   1245.99292    0.9691600      46.86
   1245.99463    0.9716900      46.98
   1245.99646    0.9736400      47.08
   1245.99829    0.9748600      47.14
   1246.00000    0.9754700      47.17
   1246.00183    0.9757100      47.18
   1246.00366    0.9758400      47.18
   1246.00537    0.9760300      47.19
   1246.00720    0.9762200      47.20
   1246.00903    0.9762500      47.20
   1246.01074    0.9762000      47.20
   1246.01257    0.9764400      47.21
   1246.01440    0.9771100      47.24
   1246.01624    0.9778300      47.28
   1246.01794    0.9781500      47.29
   1246.01978    0.9781500      47.29
   1246.02161    0.9783400      47.30
   1246.02332    0.9789200      47.33
   1246.02515    0.9795200      47.36
   1246.02698    0.9797200      47.37
   1246.02869    0.9795200      47.36
   1246.03052    0.9791700      47.34
   1246.03235    0.9787200      47.32
   1246.03406    0.9780700      47.29
   1246.03589    0.9773100      47.25
   1246.03772    0.9766700      47.22
   1246.03943    0.9762200      47.20
   1246.04126    0.9757800      47.18
   1246.04309    0.9751100      47.14
   1246.04480    0.9741700      47.10
   1246.04663    0.9730200      47.04
   1246.04846    0.9716700      46.98
   1246.05029    0.9701100      46.90
   1246.05200    0.9682800      46.81
   1246.05383    0.9660300      46.70
   1246.05566    0.9631600      46.57
   1246.05737    0.9596400      46.40
   1246.05920    0.9556800      46.20
   1246.06104    0.9515600      46.00
   1246.06274    0.9474500      45.81
   1246.06458    0.9434900      45.61
   1246.06641    0.9399800      45.44
   1246.06812    0.9373700      45.32
   1246.06995    0.9359300      45.25
   1246.07178    0.9355500      45.23
   1246.07349    0.9360200      45.25
   1246.07532    0.9373600      45.32
   1246.07715    0.9397500      45.43
   1246.07898    0.9432000      45.60
   1246.08069    0.9472700      45.80
   1246.08252    0.9513900      45.99
   1246.08435    0.9553300      46.18
   1246.08606    0.9591200      46.37
   1246.08789    0.9626900      46.54
   1246.08972    0.9657200      46.69
   1246.09143    0.9680000      46.80
   1246.09326    0.9698200      46.88
   1246.09509    0.9715500      46.97
   1246.09680    0.9731900      47.05
   1246.09863    0.9743800      47.10
   1246.10046    0.9750800      47.14
   1246.10217    0.9756700      47.17
   1246.10400    0.9763900      47.20
   1246.10583    0.9768900      47.23
   1246.10767    0.9767300      47.22
   1246.10938    0.9761700      47.19
   1246.11121    0.9758900      47.18
   1246.11304    0.9761300      47.19
   1246.11475    0.9764300      47.20
   1246.11658    0.9764000      47.20
   1246.11841    0.9762500      47.19
   1246.12012    0.9763400      47.20
   1246.12195    0.9765400      47.21
   1246.12378    0.9764700      47.20
   1246.12549    0.9761900      47.19
   1246.12732    0.9762100      47.19
   1246.12915    0.9767300      47.22
   1246.13086    0.9772900      47.24
   1246.13269    0.9773900      47.25
   1246.13452    0.9771700      47.24
   1246.13623    0.9772000      47.24
   1246.13806    0.9777600      47.26
   1246.13989    0.9785600      47.30
   1246.14172    0.9791900      47.33
   1246.14343    0.9795500      47.35
   1246.14526    0.9798400      47.36
   1246.14709    0.9802000      47.38
   1246.14880    0.9805600      47.40
   1246.15063    0.9808500      47.41
   1246.15247    0.9811100      47.43
   1246.15417    0.9814500      47.44
   1246.15601    0.9818800      47.46
   1246.15784    0.9821900      47.48
   1246.15955    0.9822000      47.48
   1246.16138    0.9820100      47.47
   1246.16321    0.9818500      47.46
   1246.16492    0.9817800      47.46
   1246.16675    0.9816900      47.45
   1246.16858    0.9815000      47.44
   1246.17041    0.9813800      47.44
   1246.17212    0.9813300      47.43
   1246.17395    0.9810900      47.42
   1246.17578    0.9804900      47.39
   1246.17749    0.9798200      47.36
   1246.17932    0.9795600      47.35
   1246.18115    0.9797000      47.36
   1246.18286    0.9798100      47.36
   1246.18469    0.9796200      47.35
   1246.18652    0.9793300      47.34
   1246.18823    0.9791900      47.33
   1246.19006    0.9790600      47.32
   1246.19189    0.9787700      47.31
   1246.19373    0.9784200      47.29
   1246.19543    0.9782800      47.29
   1246.19727    0.9783200      47.29
   1246.19910    0.9783500      47.29
   1246.20081    0.9785000      47.30
   1246.20264    0.9790600      47.32
   1246.20447    0.9799400      47.36
   1246.20618    0.9805900      47.40
   1246.20801    0.9806800      47.40
   1246.20984    0.9805200      47.39
   1246.21155    0.9805800      47.40
   1246.21338    0.9807500      47.40
   1246.21521    0.9805500      47.39
   1246.21692    0.9799300      47.36
   1246.21875    0.9793700      47.34
   1246.22058    0.9792500      47.33
   1246.22241    0.9793900      47.34
   1246.22412    0.9794200      47.34
   1246.22595    0.9794100      47.34
   1246.22778    0.9796400      47.35
   1246.22949    0.9799900      47.37
   1246.23132    0.9800600      47.37
   1246.23315    0.9799000      47.36
   1246.23486    0.9801300      47.37
   1246.23669    0.9810900      47.42
   1246.23853    0.9822100      47.47
   1246.24023    0.9826100      47.49
   1246.24207    0.9823100      47.48
   1246.24390    0.9821400      47.47
   1246.24573    0.9824900      47.48
   1246.24744    0.9827500      47.50
   1246.24927    0.9822500      47.47
   1246.25110    0.9812900      47.43
   1246.25281    0.9807300      47.40
   1246.25464    0.9808200      47.40
   1246.25647    0.9810200      47.41
   1246.25818    0.9809500      47.41
   1246.26001    0.9809400      47.41
   1246.26184    0.9813800      47.43
   1246.26355    0.9819700      47.46
   1246.26538    0.9820900      47.46
   1246.26721    0.9816300      47.44
   1246.26892    0.9810400      47.41
   1246.27075    0.9806500      47.39
   1246.27258    0.9804500      47.38
   1246.27441    0.9804600      47.38
   1246.27612    0.9808000      47.40
   1246.27795    0.9813600      47.43
   1246.27979    0.9817100      47.44
   1246.28149    0.9815800      47.44
   1246.28333    0.9812800      47.42
   1246.28516    0.9811700      47.42
   1246.28687    0.9811100      47.41
   1246.28870    0.9806200      47.39
   1246.29053    0.9797000      47.35
   1246.29224    0.9789300      47.31
   1246.29407    0.9786800      47.30
   1246.29590    0.9786000      47.29
   1246.29773    0.9782000      47.27
   1246.29944    0.9776700      47.25
   1246.30127    0.9774700      47.24
   1246.30310    0.9773100      47.23
   1246.30481    0.9763500      47.18
   1246.30664    0.9746100      47.10
   1246.30847    0.9732600      47.03
   1246.31018    0.9732000      47.03
   1246.31201    0.9738700      47.06
   1246.31384    0.9741000      47.07
   1246.31555    0.9736900      47.05
   1246.31738    0.9733200      47.04
   1246.31921    0.9731200      47.03
   1246.32104    0.9726000      47.00
   1246.32275    0.9718400      46.96
   1246.32458    0.9715800      46.95
   1246.32642    0.9718600      46.96
   1246.32812    0.9717300      46.96
   1246.32996    0.9709700      46.92
   1246.33179    0.9707600      46.91
   1246.33350    0.9718000      46.96
   1246.33533    0.9729300      47.02
   1246.33716    0.9729600      47.02
   1246.33887    0.9727700      47.01
   1246.34070    0.9738100      47.06
   1246.34253    0.9753600      47.13
   1246.34436    0.9755100      47.14
   1246.34607    0.9745500      47.09
   1246.34790    0.9746300      47.10
   1246.34973    0.9757300      47.15
   1246.35144    0.9752200      47.12
   1246.35327    0.9724900      46.99
   1246.35510    0.9705100      46.90
   1246.35681    0.9698800      46.87
   1246.35864    0.9647900      46.62
   1246.36047    0.9501500      45.91
   1246.36218    0.9318200      45.03
   1246.36401    0.9238100      44.64
   1246.36584    0.9331700      45.09
   1246.36768    0.9517200      45.99
   1246.36938    0.9656800      46.66
   1246.37122    0.9701900      46.88
   1246.37305    0.9706300      46.90
   1246.37476    0.9723400      46.98
   1246.37659    0.9746100      47.09
   1246.37842    0.9750000      47.11
   1246.38013    0.9743800      47.08
   1246.38196    0.9749700      47.11
   1246.38379    0.9764200      47.18
   1246.38550    0.9768000      47.20
   1246.38733    0.9760500      47.16
   1246.38916    0.9758100      47.15
   1246.39099    0.9765100      47.18
   1246.39270    0.9767900      47.20
   1246.39453    0.9759100      47.15
   1246.39636    0.9748700      47.10
   1246.39807    0.9746800      47.10
   1246.39990    0.9750400      47.11
   1246.40173    0.9751500      47.12
   1246.40344    0.9749200      47.11
   1246.40527    0.9746800      47.09
   1246.40710    0.9745400      47.09
   1246.40881    0.9745900      47.09
   1246.41064    0.9751000      47.11
   1246.41248    0.9761000      47.16
   1246.41431    0.9770000      47.21
   1246.41602    0.9772800      47.22
   1246.41785    0.9771600      47.21
   1246.41968    0.9772700      47.22
   1246.42139    0.9777900      47.24
   1246.42322    0.9783700      47.27
   1246.42505    0.9787100      47.29
   1246.42676    0.9788000      47.29
   1246.42859    0.9787100      47.29
   1246.43042    0.9785300      47.28
   1246.43213    0.9784100      47.27
   1246.43396    0.9785000      47.28
   1246.43579    0.9787700      47.29
   1246.43762    0.9790600      47.30
   1246.43933    0.9793100      47.32
   1246.44116    0.9794700      47.32
   1246.44299    0.9794900      47.32
   1246.44470    0.9794100      47.32
   1246.44653    0.9794500      47.32
   1246.44836    0.9797000      47.33
   1246.45007    0.9798300      47.34
   1246.45190    0.9795600      47.33
   1246.45374    0.9790700      47.30
   1246.45557    0.9788500      47.29
   1246.45728    0.9789700      47.30
   1246.45911    0.9790300      47.30
   1246.46094    0.9787800      47.29
   1246.46265    0.9785400      47.28
   1246.46448    0.9787000      47.28
   1246.46631    0.9792200      47.31
   1246.46802    0.9796900      47.33
   1246.46985    0.9798800      47.34
   1246.47168    0.9798500      47.34
   1246.47339    0.9796800      47.33
   1246.47522    0.9793900      47.32
   1246.47705    0.9790200      47.30
   1246.47888    0.9787100      47.28
   1246.48059    0.9785300      47.27
   1246.48242    0.9784800      47.27
   1246.48425    0.9784700      47.27
   1246.48596    0.9784200      47.27
   1246.48779    0.9782400      47.26
   1246.48962    0.9779900      47.25
   1246.49133    0.9778900      47.24
   1246.49316    0.9781200      47.25
   1246.49500    0.9786500      47.28
   1246.49683    0.9792600      47.31
   1246.49854    0.9799000      47.34
   1246.50037    0.9805800      47.37
   1246.50220    0.9811100      47.40
   1246.50391    0.9811800      47.40
   1246.50574    0.9808300      47.38
   1246.50757    0.9805800      47.37
   1246.50928    0.9808400      47.38
   1246.51111    0.9813500      47.41
   1246.51294    0.9814700      47.41
   1246.51465    0.9811100      47.40
   1246.51648    0.9808700      47.38
   1246.51831    0.9811900      47.40
   1246.52014    0.9816700      47.42
   1246.52185    0.9816400      47.42
   1246.52368    0.9811000      47.40
   1246.52551    0.9807300      47.38
   1246.52722    0.9809900      47.39
   1246.52905    0.9815700      47.42
   1246.53088    0.9819600      47.44
   1246.53259    0.9821400      47.44
   1246.53442    0.9823800      47.46
   1246.53625    0.9826700      47.47
   1246.53809    0.9826700      47.47
   1246.53979    0.9823400      47.45
   1246.54163    0.9819800      47.44
   1246.54346    0.9817900      47.43
   1246.54517    0.9815800      47.42
   1246.54700    0.9811500      47.40
   1246.54883    0.9807400      47.38
   1246.55054    0.9806400      47.37
   1246.55237    0.9808000      47.38
   1246.55420    0.9808800      47.38
   1246.55603    0.9807800      47.38
   1246.55774    0.9807000      47.37
   1246.55957    0.9807900      47.38
   1246.56140    0.9808800      47.38
   1246.56311    0.9808200      47.38
   1246.56494    0.9806400      47.37
   1246.56677    0.9805400      47.36
   1246.56848    0.9806200      47.37
   1246.57031    0.9809000      47.38
   1246.57214    0.9813000      47.40
   1246.57385    0.9816200      47.42
   1246.57568    0.9816400      47.42
   1246.57751    0.9814000      47.41
   1246.57935    0.9812200      47.40
   1246.58105    0.9813500      47.40
   1246.58289    0.9816300      47.42
   1246.58472    0.9817800      47.42
   1246.58643    0.9817500      47.42
   1246.58826    0.9818000      47.42
   1246.59009    0.9820200      47.43
   1246.59180    0.9822000      47.44
   1246.59363    0.9821300      47.44
   1246.59546    0.9819000      47.43
   1246.59729    0.9817200      47.42
   1246.59900    0.9816700      47.42
   1246.60083    0.9817400      47.42
   1246.60266    0.9819500      47.43
   1246.60437    0.9823400      47.45
   1246.60620    0.9827000      47.47
   1246.60803    0.9827400      47.47
   1246.60974    0.9824000      47.45
   1246.61157    0.9820800      47.44
   1246.61340    0.9821500      47.44
   1246.61523    0.9825800      47.46
   1246.61694    0.9829400      47.48
   1246.61877    0.9829500      47.48
   1246.62061    0.9827700      47.47
   1246.62231    0.9827600      47.47
   1246.62415    0.9829500      47.48
   1246.62598    0.9830200      47.48
   1246.62769    0.9828200      47.47
   1246.62952    0.9826400      47.46
   1246.63135    0.9828300      47.47
   1246.63318    0.9832900      47.49
   1246.63489    0.9835400      47.50
   1246.63672    0.9833600      47.50
   1246.63855    0.9830800      47.48
   1246.64026    0.9831300      47.48
   1246.64209    0.9834400      47.50
   1246.64392    0.9835700      47.50
   1246.64563    0.9833300      47.49
   1246.64746    0.9830300      47.48
   1246.64929    0.9829300      47.47
   1246.65112    0.9828800      47.47
   1246.65283    0.9826500      47.46
   1246.65466    0.9824100      47.45
   1246.65649    0.9825100      47.45
   1246.65820    0.9828800      47.47
   1246.66003    0.9830100      47.48
   1246.66187    0.9826200      47.46
   1246.66357    0.9821500      47.43
   1246.66541    0.9821100      47.43
   1246.66724    0.9823700      47.44
   1246.66907    0.9823600      47.44
   1246.67078    0.9818400      47.42
   1246.67261    0.9812400      47.39
   1246.67444    0.9809500      47.38
   1246.67615    0.9808900      47.37
   1246.67798    0.9807800      47.37
   1246.67981    0.9806500      47.36
   1246.68152    0.9807200      47.36
   1246.68335    0.9809300      47.37
   1246.68518    0.9810300      47.38
   1246.68701    0.9810100      47.38
   1246.68872    0.9811100      47.38
   1246.69055    0.9814200      47.40
   1246.69238    0.9817500      47.41
   1246.69409    0.9819400      47.42
   1246.69592    0.9820500      47.43
   1246.69775    0.9821200      47.43
   1246.69946    0.9820000      47.42
   1246.70129    0.9817200      47.41
   1246.70312    0.9816400      47.41
   1246.70496    0.9820100      47.42
   1246.70667    0.9825100      47.45
   1246.70850    0.9826400      47.45
   1246.71033    0.9824000      47.44
   1246.71204    0.9821800      47.43
   1246.71387    0.9821500      47.43
   1246.71570    0.9820500      47.43
   1246.71741    0.9816800      47.41
   1246.71924    0.9812200      47.39
   1246.72107    0.9809400      47.37
   1246.72290    0.9808500      47.37
   1246.72461    0.9809100      47.37
   1246.72644    0.9812000      47.38
   1246.72827    0.9817400      47.41
   1246.72998    0.9821600      47.43
   1246.73181    0.9820800      47.43
   1246.73364    0.9817300      47.41
   1246.73535    0.9816700      47.41
   1246.73718    0.9821000      47.43
   1246.73901    0.9825600      47.45
   1246.74084    0.9825800      47.45
   1246.74255    0.9822000      47.43
   1246.74438    0.9818000      47.41
   1246.74622    0.9816500      47.40
   1246.74792    0.9817500      47.41
   1246.74976    0.9820000      47.42
   1246.75159    0.9822800      47.43
   1246.75330    0.9824700      47.44
   1246.75513    0.9825200      47.45
   1246.75696    0.9824400      47.44
   1246.75879    0.9822600      47.43
   1246.76050    0.9819900      47.42
   1246.76233    0.9817800      47.41
   1246.76416    0.9818900      47.41
   1246.76587    0.9823400      47.44
   1246.76770    0.9827000      47.45
   1246.76953    0.9825500      47.45
   1246.77124    0.9820800      47.42
   1246.77307    0.9819300      47.42
   1246.77490    0.9822900      47.43
   1246.77673    0.9826400      47.45
   1246.77844    0.9824400      47.44
   1246.78027    0.9819000      47.41
   1246.78210    0.9816200      47.40
   1246.78381    0.9817400      47.41
   1246.78564    0.9817600      47.41
   1246.78748    0.9813000      47.38
   1246.78931    0.9806800      47.35
   1246.79102    0.9804500      47.34
   1246.79285    0.9805900      47.35
   1246.79468    0.9806100      47.35
   1246.79639    0.9802300      47.33
   1246.79822    0.9797100      47.31
   1246.80005    0.9793900      47.29
   1246.80176    0.9791900      47.28
   1246.80359    0.9787400      47.26
   1246.80542    0.9779100      47.22
   1246.80725    0.9769400      47.17
   1246.80896    0.9761800      47.13
   1246.81079    0.9757200      47.11
   1246.81262    0.9755400      47.10
   1246.81433    0.9755800      47.11
   1246.81616    0.9758100      47.12
   1246.81799    0.9762000      47.13
   1246.81970    0.9767300      47.16
   1246.82153    0.9773500      47.19
   1246.82336    0.9779200      47.22
   1246.82520    0.9782100      47.23
   1246.82690    0.9780800      47.22
   1246.82874    0.9776000      47.20
   1246.83057    0.9770100      47.17
   1246.83228    0.9765300      47.15
   1246.83411    0.9762300      47.14
   1246.83594    0.9761000      47.13
   1246.83777    0.9760800      47.13
   1246.83948    0.9762100      47.13
   1246.84131    0.9765600      47.15
   1246.84314    0.9772200      47.18
   1246.84485    0.9781700      47.23
   1246.84668    0.9792600      47.28
   1246.84851    0.9802500      47.33
   1246.85022    0.9809000      47.36
   1246.85205    0.9810700      47.37
   1246.85388    0.9808500      47.36
   1246.85571    0.9806100      47.34
   1246.85742    0.9807900      47.35
   1246.85925    0.9814000      47.38
   1246.86108    0.9819800      47.41
   1246.86279    0.9821400      47.42
   1246.86462    0.9820000      47.41
   1246.86646    0.9819900      47.41
   1246.86816    0.9822800      47.42
   1246.87000    0.9826200      47.44
   1246.87183    0.9827800      47.45
   1246.87366    0.9828900      47.45
   1246.87537    0.9831100      47.46
   1246.87720    0.9833500      47.48
   1246.87903    0.9833200      47.47
   1246.88074    0.9829600      47.46
   1246.88257    0.9825000      47.43
   1246.88440    0.9821600      47.42
   1246.88623    0.9819800      47.41
   1246.88794    0.9818900      47.40
   1246.88977    0.9818800      47.40
   1246.89160    0.9819100      47.40
   1246.89331    0.9819600      47.41
   1246.89514    0.9821000      47.41
   1246.89697    0.9824000      47.43
   1246.89868    0.9827600      47.45
   1246.90051    0.9829500      47.45
   1246.90234    0.9828600      47.45
   1246.90417    0.9826300      47.44
   1246.90588    0.9824100      47.43
   1246.90771    0.9820900      47.41
   1246.90955    0.9814400      47.38
   1246.91125    0.9804300      47.33
   1246.91309    0.9792100      47.27
   1246.91492    0.9777700      47.20
   1246.91675    0.9758700      47.11
   1246.91846    0.9733700      46.99
   1246.92029    0.9705200      46.85
   1246.92212    0.9677600      46.72
   1246.92383    0.9652800      46.60
   1246.92566    0.9629100      46.48
   1246.92749    0.9605800      46.37
   1246.92920    0.9586700      46.28
   1246.93103    0.9576700      46.23
   1246.93286    0.9576300      46.23
   1246.93469    0.9581300      46.25
   1246.93640    0.9589400      46.29
   1246.93823    0.9603200      46.36
   1246.94006    0.9625300      46.47
   1246.94177    0.9651600      46.59
   1246.94360    0.9673500      46.70
   1246.94543    0.9687200      46.76
   1246.94727    0.9697200      46.81
   1246.94897    0.9708200      46.86
   1246.95081    0.9716900      46.91
   1246.95264    0.9716100      46.90
   1246.95435    0.9705600      46.85
   1246.95618    0.9693700      46.79
   1246.95801    0.9687300      46.76
   1246.95972    0.9683900      46.75
   1246.96155    0.9677600      46.72
   1246.96338    0.9668100      46.67
   1246.96521    0.9661900      46.64
   1246.96692    0.9662800      46.64
   1246.96875    0.9668600      46.67
   1246.97058    0.9675500      46.71
   1246.97229    0.9684600      46.75
   1246.97412    0.9698900      46.82
   1246.97595    0.9716600      46.90
   1246.97778    0.9732100      46.98
   1246.97949    0.9742700      47.03
   1246.98132    0.9752100      47.07
   1246.98315    0.9763600      47.13
   1246.98486    0.9774900      47.18
   1246.98669    0.9780900      47.21
   1246.98853    0.9781900      47.22
   1246.99023    0.9783300      47.22
   1246.99207    0.9788500      47.25
   1246.99390    0.9793900      47.27
   1246.99573    0.9794800      47.28
   1246.99744    0.9793200      47.27
   1246.99927    0.9794900      47.28
   1247.00110    0.9800200      47.30
   1247.00281    0.9802200      47.31
   1247.00464    0.9795300      47.28
   1247.00647    0.9782500      47.22
   1247.00830    0.9770700      47.16
   1247.01001    0.9763300      47.13
   1247.01184    0.9758300      47.10
   1247.01367    0.9753600      47.08
   1247.01538    0.9749300      47.06
   1247.01721    0.9744700      47.04
   1247.01904    0.9738300      47.00
   1247.02087    0.9731400      46.97
   1247.02258    0.9728400      46.96
   1247.02441    0.9730900      46.97
   1247.02625    0.9734700      46.99
   1247.02795    0.9734400      46.98
   1247.02979    0.9731900      46.97
   1247.03162    0.9734000      46.98
   1247.03333    0.9743400      47.03
   1247.03516    0.9755000      47.08
   1247.03699    0.9762800      47.12
   1247.03882    0.9768300      47.15
   1247.04053    0.9777300      47.19
   1247.04236    0.9790000      47.25
   1247.04419    0.9799900      47.30
   1247.04590    0.9802200      47.31
   1247.04773    0.9800800      47.30
   1247.04956    0.9802600      47.31
   1247.05139    0.9807900      47.34
   1247.05310    0.9810200      47.35
   1247.05493    0.9805000      47.32
   1247.05676    0.9796200      47.28
   1247.05847    0.9790000      47.25
   1247.06030    0.9786600      47.23
   1247.06213    0.9781800      47.21
   1247.06396    0.9774700      47.18
   1247.06567    0.9770300      47.16
   1247.06750    0.9772700      47.17
   1247.06934    0.9779100      47.20
   1247.07104    0.9783600      47.22
   1247.07288    0.9784300      47.22
   1247.07471    0.9784600      47.22
   1247.07654    0.9787500      47.24
   1247.07825    0.9792300      47.26
   1247.08008    0.9797000      47.28
   1247.08191    0.9800500      47.30
   1247.08362    0.9802600      47.31
   1247.08545    0.9803400      47.31
   1247.08728    0.9803500      47.31
   1247.08899    0.9804900      47.32
   1247.09082    0.9809000      47.34
   1247.09265    0.9813900      47.36
   1247.09448    0.9817300      47.38
   1247.09619    0.9818500      47.39
   1247.09802    0.9819000      47.39
   1247.09985    0.9819700      47.39
   1247.10156    0.9820600      47.40
   1247.10339    0.9821300      47.40
   1247.10522    0.9822300      47.40
   1247.10706    0.9823400      47.41
   1247.10876    0.9824000      47.41
   1247.11060    0.9823800      47.41
   1247.11243    0.9822700      47.40
   1247.11414    0.9819700      47.39
   1247.11597    0.9815000      47.37
   1247.11780    0.9811600      47.35
   1247.11963    0.9813600      47.36
   1247.12134    0.9820500      47.39
   1247.12317    0.9825800      47.42
   1247.12500    0.9823400      47.41
   1247.12671    0.9814700      47.36
   1247.12854    0.9806600      47.33
   1247.13037    0.9802700      47.31
   1247.13220    0.9799900      47.29
   1247.13391    0.9793700      47.26
   1247.13574    0.9784000      47.22
   1247.13757    0.9774900      47.17
   1247.13928    0.9769600      47.15
   1247.14111    0.9768800      47.14
   1247.14294    0.9772000      47.16
   1247.14478    0.9778600      47.19
   1247.14648    0.9786200      47.23
   1247.14832    0.9791400      47.25
   1247.15015    0.9793200      47.26
   1247.15186    0.9793700      47.26
   1247.15369    0.9795900      47.27
   1247.15552    0.9799900      47.29
   1247.15723    0.9803000      47.31
   1247.15906    0.9803600      47.31
   1247.16089    0.9802300      47.30
   1247.16272    0.9801500      47.30
   1247.16443    0.9802200      47.30
   1247.16626    0.9804300      47.31
   1247.16809    0.9807100      47.32
   1247.16980    0.9809600      47.34
   1247.17163    0.9810300      47.34
   1247.17346    0.9807700      47.33
   1247.17529    0.9802800      47.30
   1247.17700    0.9799000      47.28
   1247.17883    0.9798900      47.28
   1247.18066    0.9801300      47.30
   1247.18237    0.9803300      47.31
   1247.18420    0.9804300      47.31
   1247.18604    0.9806900      47.32
   1247.18787    0.9812100      47.35
   1247.18958    0.9817100      47.37
   1247.19141    0.9817200      47.37
   1247.19324    0.9810200      47.34
   1247.19495    0.9798600      47.28
   1247.19678    0.9786900      47.22
   1247.19861    0.9780600      47.19
   1247.20044    0.9783500      47.21
   1247.20215    0.9795200      47.26
   1247.20398    0.9809000      47.33
   1247.20581    0.9816900      47.37
   1247.20752    0.9817000      47.37
   1247.20935    0.9814500      47.36
   1247.21118    0.9814700      47.36
   1247.21301    0.9817100      47.37
   1247.21472    0.9817600      47.37
   1247.21655    0.9815700      47.36
   1247.21838    0.9814500      47.36
   1247.22009    0.9815600      47.36
   1247.22192    0.9817000      47.37
   1247.22375    0.9817100      47.37
   1247.22559    0.9817500      47.37
   1247.22729    0.9819300      47.38
   1247.22913    0.9820500      47.38
   1247.23096    0.9819100      47.38
   1247.23267    0.9817500      47.37
   1247.23450    0.9819500      47.38
   1247.23633    0.9824000      47.40
   1247.23816    0.9825400      47.41
   1247.23987    0.9821300      47.39
   1247.24170    0.9815800      47.36
   1247.24353    0.9813600      47.35
   1247.24524    0.9814400      47.35
   1247.24707    0.9814500      47.35
   1247.24890    0.9813500      47.35
   1247.25073    0.9814000      47.35
   1247.25244    0.9816400      47.36
   1247.25427    0.9818200      47.37
   1247.25610    0.9818200      47.37
   1247.25781    0.9818700      47.37
   1247.25964    0.9821400      47.39
   1247.26147    0.9823700      47.40
   1247.26331    0.9822700      47.39
   1247.26501    0.9819500      47.38
   1247.26685    0.9817100      47.36
   1247.26868    0.9815000      47.35
   1247.27039    0.9810300      47.33
   1247.27222    0.9803800      47.30
   1247.27405    0.9800200      47.28
   1247.27588    0.9801800      47.29
   1247.27759    0.9804100      47.30
   1247.27942    0.9801900      47.29
   1247.28125    0.9796400      47.26
   1247.28296    0.9793000      47.25
   1247.28479    0.9793800      47.25
   1247.28662    0.9795100      47.26
   1247.28845    0.9793700      47.25
   1247.29016    0.9790700      47.24
   1247.29199    0.9789200      47.23
   1247.29382    0.9789200      47.23
   1247.29553    0.9788000      47.22
   1247.29736    0.9783600      47.20
   1247.29919    0.9776600      47.17
   1247.30103    0.9768800      47.13
   1247.30273    0.9763000      47.10
   1247.30457    0.9761800      47.10
   1247.30640    0.9765900      47.11
   1247.30811    0.9772000      47.14
   1247.30994    0.9776400      47.17
   1247.31177    0.9778200      47.17
   1247.31360    0.9779900      47.18
   1247.31531    0.9783300      47.20
   1247.31714    0.9787500      47.22
   1247.31897    0.9790600      47.23
   1247.32068    0.9793100      47.24
   1247.32251    0.9796200      47.26
   1247.32434    0.9800300      47.28
   1247.32617    0.9803700      47.30
   1247.32788    0.9804700      47.30
   1247.32971    0.9803500      47.29
   1247.33154    0.9801300      47.28
   1247.33325    0.9799200      47.27
   1247.33508    0.9797300      47.26
   1247.33691    0.9795600      47.26
   1247.33875    0.9794900      47.25
   1247.34045    0.9796900      47.26
   1247.34229    0.9801700      47.28
   1247.34412    0.9806100      47.31
   1247.34583    0.9806000      47.30
   1247.34766    0.9801000      47.28
   1247.34949    0.9795200      47.25
   1247.35132    0.9793600      47.24
   1247.35303    0.9796800      47.26
   1247.35486    0.9801500      47.28
   1247.35669    0.9804900      47.30
   1247.35840    0.9806600      47.31
   1247.36023    0.9806600      47.31
   1247.36206    0.9804700      47.30
   1247.36389    0.9801800      47.28
   1247.36560    0.9800400      47.28
   1247.36743    0.9802400      47.29
   1247.36926    0.9807100      47.31
   1247.37097    0.9811500      47.33
   1247.37280    0.9813000      47.34
   1247.37463    0.9810800      47.33
   1247.37646    0.9806700      47.31
   1247.37817    0.9803400      47.29
   1247.38000    0.9802000      47.28
   1247.38184    0.9799100      47.27
   1247.38354    0.9790000      47.22
   1247.38538    0.9775600      47.16
   1247.38721    0.9764200      47.10
   1247.38904    0.9763100      47.09
   1247.39075    0.9770300      47.13
   1247.39258    0.9776700      47.16
   1247.39441    0.9777000      47.16
   1247.39612    0.9774300      47.15
   1247.39795    0.9774300      47.15
   1247.39978    0.9777900      47.17
   1247.40161    0.9781500      47.18
   1247.40332    0.9782900      47.19
   1247.40515    0.9782900      47.19
   1247.40698    0.9782800      47.19
   1247.40881    0.9782900      47.19
   1247.41052    0.9782700      47.19
   1247.41235    0.9781100      47.18
   1247.41418    0.9777000      47.16
   1247.41589    0.9771000      47.13
   1247.41772    0.9766900      47.11
   1247.41956    0.9766700      47.11
   1247.42139    0.9767600      47.11
   1247.42310    0.9764400      47.10
   1247.42493    0.9757500      47.06
   1247.42676    0.9754300      47.05
   1247.42847    0.9759500      47.07
   1247.43030    0.9769200      47.12
   1247.43213    0.9776200      47.15
   1247.43396    0.9779000      47.17
   1247.43567    0.9781600      47.18
   1247.43750    0.9785200      47.20
   1247.43933    0.9786500      47.20
   1247.44104    0.9783800      47.19
   1247.44287    0.9781600      47.18
   1247.44470    0.9785200      47.20
   1247.44653    0.9793600      47.24
   1247.44824    0.9800500      47.27
   1247.45007    0.9802700      47.28
   1247.45190    0.9802300      47.28
   1247.45361    0.9802700      47.28
   1247.45544    0.9803300      47.28
   1247.45728    0.9802300      47.28
   1247.45911    0.9799800      47.27
   1247.46082    0.9799000      47.26
   1247.46265    0.9802200      47.28
   1247.46448    0.9808300      47.31
   1247.46619    0.9814300      47.34
   1247.46802    0.9818100      47.35
   1247.46985    0.9819900      47.36
   1247.47168    0.9821700      47.37
   1247.47339    0.9823700      47.38
   1247.47522    0.9823900      47.38
   1247.47705    0.9821300      47.37
   1247.47888    0.9817700      47.35
   1247.48059    0.9816900      47.35
   1247.48242    0.9819500      47.36
   1247.48425    0.9822200      47.37
   1247.48596    0.9822100      47.37
   1247.48779    0.9820500      47.36
   1247.48962    0.9820900      47.37
   1247.49146    0.9823700      47.38
   1247.49316    0.9826400      47.39
   1247.49500    0.9827000      47.39
   1247.49683    0.9825200      47.39
   1247.49854    0.9821800      47.37
   1247.50037    0.9816800      47.34
   1247.50220    0.9811800      47.32
   1247.50403    0.9809500      47.31
   1247.50574    0.9810900      47.32
   1247.50757    0.9813800      47.33
   1247.50940    0.9815100      47.34
   1247.51111    0.9814600      47.33
   1247.51294    0.9814600      47.33
   1247.51477    0.9815700      47.34
   1247.51660    0.9816200      47.34
   1247.51831    0.9814400      47.33
   1247.52014    0.9810900      47.31
   1247.52197    0.9807500      47.30
   1247.52380    0.9805400      47.29
   1247.52551    0.9804200      47.28
   1247.52734    0.9802700      47.27
   1247.52917    0.9799600      47.26
   1247.53088    0.9794300      47.23
   1247.53271    0.9788500      47.21
   1247.53455    0.9784600      47.19
   1247.53638    0.9783000      47.18
   1247.53809    0.9782000      47.17
   1247.53992    0.9780700      47.17
   1247.54175    0.9780500      47.17
   1247.54346    0.9782000      47.17
   1247.54529    0.9783600      47.18
   1247.54712    0.9782800      47.18
   1247.54895    0.9780100      47.16
   1247.55066    0.9778400      47.16
   1247.55249    0.9779600      47.16
   1247.55432    0.9782200      47.17
   1247.55603    0.9783600      47.18
   1247.55786    0.9782900      47.18
   1247.55969    0.9780700      47.17
   1247.56152    0.9777900      47.15
   1247.56323    0.9775000      47.14
   1247.56506    0.9770900      47.12
   1247.56689    0.9763400      47.08
   1247.56873    0.9750400      47.02
   1247.57043    0.9731500      46.93
   1247.57227    0.9710200      46.82
   1247.57410    0.9690300      46.73
   1247.57581    0.9673000      46.65
   1247.57764    0.9655600      46.56
   1247.57947    0.9636400      46.47
   1247.58130    0.9617100      46.38
   1247.58301    0.9602200      46.30
   1247.58484    0.9594500      46.27
   1247.58667    0.9593700      46.26
   1247.58838    0.9597900      46.28
   1247.59021    0.9607000      46.33
   1247.59204    0.9621600      46.40
   1247.59387    0.9641800      46.49
   1247.59558    0.9664700      46.60
   1247.59741    0.9686400      46.71
   1247.59924    0.9704300      46.79
   1247.60107    0.9718700      46.86
   1247.60278    0.9732000      46.93
   1247.60461    0.9745500      46.99
   1247.60645    0.9757600      47.05
   1247.60815    0.9764800      47.09
   1247.60999    0.9766600      47.09
   1247.61182    0.9767700      47.10
   1247.61365    0.9773200      47.13
   1247.61536    0.9783000      47.17
   1247.61719    0.9791100      47.21
   1247.61902    0.9792100      47.22
   1247.62073    0.9787300      47.19
   1247.62256    0.9781900      47.17
   1247.62439    0.9778800      47.15
   1247.62622    0.9775800      47.14
   1247.62793    0.9770800      47.11
   1247.62976    0.9765500      47.09
   1247.63159    0.9764400      47.08
   1247.63342    0.9769700      47.11
   1247.63513    0.9777900      47.15
   1247.63696    0.9782400      47.17
   1247.63879    0.9780000      47.16
   1247.64050    0.9773300      47.12
   1247.64233    0.9768500      47.10
   1247.64417    0.9768400      47.10
   1247.64600    0.9770000      47.11
   1247.64771    0.9769100      47.10
   1247.64954    0.9766200      47.09
   1247.65137    0.9765400      47.08
   1247.65308    0.9767700      47.10
   1247.65491    0.9768400      47.10
   1247.65674    0.9763200      47.07
   1247.65857    0.9753400      47.03
   1247.66028    0.9743400      46.98
   1247.66211    0.9734700      46.94
   1247.66394    0.9724900      46.89
   1247.66577    0.9712800      46.83
   1247.66748    0.9700100      46.77
   1247.66931    0.9686900      46.70
   1247.67114    0.9670200      46.62
   1247.67285    0.9647400      46.51
   1247.67468    0.9619900      46.38
   1247.67651    0.9589600      46.24
   1247.67834    0.9555300      46.07
   1247.68005    0.9514900      45.87
   1247.68188    0.9468700      45.65
   1247.68372    0.9417700      45.41
   1247.68542    0.9361000      45.13
   1247.68726    0.9297900      44.83
   1247.68909    0.9233300      44.52
   1247.69092    0.9175700      44.24
   1247.69263    0.9129300      44.01
   1247.69446    0.9092800      43.84
   1247.69629    0.9069000      43.72
   1247.69812    0.9067200      43.71
   1247.69983    0.9093400      43.84
   1247.70166    0.9140000      44.07
   1247.70349    0.9192800      44.32
   1247.70520    0.9245500      44.57
   1247.70703    0.9300800      44.84
   1247.70886    0.9358900      45.12
   1247.71069    0.9412800      45.38
   1247.71240    0.9458400      45.60
   1247.71423    0.9499400      45.80
   1247.71606    0.9539400      45.99
   1247.71790    0.9574300      46.16
   1247.71960    0.9600000      46.28
   1247.72144    0.9620200      46.38
   1247.72327    0.9640400      46.48
   1247.72498    0.9658600      46.56
   1247.72681    0.9670400      46.62
   1247.72864    0.9679100      46.66
   1247.73047    0.9691400      46.72
   1247.73218    0.9705300      46.79
   1247.73401    0.9713600      46.83
   1247.73584    0.9717600      46.85
   1247.73767    0.9725600      46.89
   1247.73938    0.9737100      46.94
   1247.74121    0.9741000      46.96
   1247.74304    0.9733300      46.92
   1247.74475    0.9724400      46.88
   1247.74658    0.9720500      46.86
   1247.74841    0.9713200      46.83
   1247.75024    0.9695500      46.74
   1247.75195    0.9677800      46.65
   1247.75378    0.9675400      46.64
   1247.75562    0.9686800      46.70
   1247.75732    0.9701200      46.77
   1247.75916    0.9716700      46.84
   1247.76099    0.9736200      46.94
   1247.76282    0.9752400      47.01
   1247.76453    0.9755600      47.03
   1247.76636    0.9752000      47.01
   1247.76819    0.9754700      47.02
   1247.77002    0.9758300      47.04
   1247.77173    0.9748800      47.00
   1247.77356    0.9734000      46.92
   1247.77539    0.9736500      46.94
   1247.77710    0.9750000      47.00
   1247.77893    0.9741400      46.96
   1247.78076    0.9706300      46.79
   1247.78259    0.9683700      46.68
   1247.78430    0.9688700      46.70
   1247.78613    0.9676900      46.65
   1247.78796    0.9616600      46.36
   1247.78979    0.9552900      46.05
   1247.79150    0.9526900      45.92
   1247.79333    0.9461400      45.61
   1247.79517    0.9231800      44.50
   1247.79688    0.8878500      42.80
   1247.79871    0.8647600      41.68
   1247.80054    0.8741400      42.14
   1247.80237    0.9081500      43.78
   1247.80408    0.9400800      45.32
   1247.80591    0.9540700      45.99
   1247.80774    0.9568200      46.12
   1247.80957    0.9609000      46.32
   1247.81128    0.9676300      46.64
   1247.81311    0.9710100      46.81
   1247.81494    0.9703600      46.77
   1247.81665    0.9706900      46.79
   1247.81848    0.9736900      46.93
   1247.82031    0.9758200      47.04
   1247.82214    0.9751500      47.00
   1247.82385    0.9742800      46.96
   1247.82568    0.9754200      47.02
   1247.82751    0.9770300      47.09
   1247.82935    0.9771300      47.10
   1247.83105    0.9765900      47.07
   1247.83289    0.9770000      47.09
   1247.83472    0.9777900      47.13
   1247.83643    0.9776000      47.12
   1247.83826    0.9769200      47.09
   1247.84009    0.9770500      47.09
   1247.84192    0.9776600      47.12
   1247.84363    0.9774200      47.11
   1247.84546    0.9764100      47.06
   1247.84729    0.9759900      47.04
   1247.84912    0.9764800      47.07
   1247.85083    0.9766700      47.08
   1247.85266    0.9758800      47.04
   1247.85449    0.9748300      46.99
   1247.85620    0.9742500      46.96
   1247.85803    0.9737800      46.94
   1247.85986    0.9728300      46.89
   1247.86169    0.9714500      46.82
   1247.86340    0.9699500      46.75
   1247.86523    0.9681600      46.66
   1247.86707    0.9657700      46.55
   1247.86890    0.9630300      46.42
   1247.87061    0.9604600      46.29
   1247.87244    0.9582400      46.19
   1247.87427    0.9562900      46.09
   1247.87598    0.9547100      46.01
   1247.87781    0.9537300      45.97
   1247.87964    0.9534300      45.95
   1247.88147    0.9537700      45.97
   1247.88318    0.9548400      46.02
   1247.88501    0.9566700      46.11
   1247.88684    0.9589900      46.22
   1247.88867    0.9614200      46.34
   1247.89038    0.9638200      46.45
   1247.89221    0.9662800      46.57
   1247.89404    0.9686800      46.69
   1247.89575    0.9707400      46.79
   1247.89758    0.9723600      46.86
   1247.89941    0.9737100      46.93
   1247.90125    0.9749600      46.99
   1247.90295    0.9760800      47.04
   1247.90479    0.9769600      47.08
   1247.90662    0.9775200      47.11
   1247.90845    0.9778100      47.13
   1247.91016    0.9780000      47.13
   1247.91199    0.9783400      47.15
   1247.91382    0.9788900      47.18
   1247.91565    0.9793700      47.20
   1247.91736    0.9795000      47.21
   1247.91919    0.9794000      47.20
   1247.92102    0.9794400      47.20
   1247.92273    0.9796800      47.21
   1247.92456    0.9798000      47.22
   1247.92639    0.9797300      47.22
   1247.92822    0.9798300      47.22
   1247.92993    0.9803800      47.25
   1247.93176    0.9809600      47.28
   1247.93359    0.9810500      47.28
   1247.93542    0.9807300      47.26
   1247.93713    0.9806300      47.26
   1247.93896    0.9809800      47.28
   1247.94080    0.9813500      47.29
   1247.94250    0.9814500      47.30
   1247.94434    0.9815400      47.30
   1247.94617    0.9818200      47.32
   1247.94800    0.9819500      47.32
   1247.94971    0.9815500      47.30
   1247.95154    0.9809400      47.27
   1247.95337    0.9807900      47.27
   1247.95520    0.9810400      47.28
   1247.95691    0.9810100      47.28
   1247.95874    0.9805000      47.25
   1247.96057    0.9800900      47.23
   1247.96228    0.9802600      47.24
   1247.96411    0.9806700      47.26
   1247.96594    0.9808900      47.27
   1247.96777    0.9811300      47.28
   1247.96948    0.9817400      47.31
   1247.97131    0.9823100      47.34
   1247.97314    0.9821200      47.33
   1247.97498    0.9813200      47.29
   1247.97668    0.9808700      47.27
   1247.97852    0.9811500      47.28
   1247.98035    0.9813900      47.29
   1247.98218    0.9808400      47.27
   1247.98389    0.9797900      47.21
   1247.98572    0.9791100      47.18
   1247.98755    0.9791100      47.18
   1247.98926    0.9794300      47.20
   1247.99109    0.9797100      47.21
   1247.99292    0.9799000      47.22
   1247.99475    0.9798900      47.22
   1247.99646    0.9795900      47.20
   1247.99829    0.9792100      47.19
   1248.00012    0.9791600      47.18
   1248.00195    0.9793800      47.19
   1248.00366    0.9793600      47.19
   1248.00549    0.9789000      47.17
   1248.00732    0.9784500      47.15
   1248.00903    0.9784400      47.15
   1248.01086    0.9787500      47.16
   1248.01270    0.9790000      47.17
   1248.01453    0.9791600      47.18
   1248.01624    0.9794200      47.19
   1248.01807    0.9797900      47.21
   1248.01990    0.9801100      47.23
   1248.02173    0.9804200      47.24
   1248.02344    0.9808900      47.26
   1248.02527    0.9814200      47.29
   1248.02710    0.9817100      47.30
   1248.02893    0.9816700      47.30
   1248.03064    0.9815600      47.30
   1248.03247    0.9816000      47.30
   1248.03430    0.9816800      47.30
   1248.03601    0.9815800      47.30
   1248.03784    0.9813800      47.29
   1248.03967    0.9813600      47.29
   1248.04150    0.9815700      47.30
   1248.04321    0.9817900      47.31
   1248.04504    0.9817600      47.30
   1248.04688    0.9814900      47.29
   1248.04871    0.9811800      47.28
   1248.05042    0.9809700      47.27
   1248.05225    0.9808400      47.26
   1248.05408    0.9807400      47.25
   1248.05591    0.9807300      47.25
   1248.05762    0.9809000      47.26
   1248.05945    0.9812000      47.28
   1248.06128    0.9814200      47.29
   1248.06299    0.9814900      47.29
   1248.06482    0.9815900      47.30
   1248.06665    0.9819100      47.31
   1248.06848    0.9823300      47.33
   1248.07019    0.9825200      47.34
   1248.07202    0.9823200      47.33
   1248.07385    0.9818600      47.31
   1248.07568    0.9813400      47.28
   1248.07739    0.9808500      47.26
   1248.07922    0.9805300      47.24
   1248.08105    0.9805900      47.25
   1248.08289    0.9810100      47.27
   1248.08459    0.9813800      47.28
   1248.08643    0.9813800      47.28
   1248.08826    0.9811300      47.27
   1248.08997    0.9809200      47.26
   1248.09180    0.9807800      47.25
   1248.09363    0.9805400      47.24
   1248.09546    0.9802600      47.23
   1248.09717    0.9801400      47.22
   1248.09900    0.9801900      47.22
