   1204.00049    0.8262200      42.95
   1204.00220    0.8684000      45.14
   1204.00378    0.8896500      46.25
   1204.00549    0.9053900      47.07
   1204.00720    0.9235300      48.01
   1204.00879    0.9382700      48.78
   1204.01050    0.9450900      49.13
   1204.01221    0.9487800      49.32
   1204.01392    0.9545100      49.62
   1204.01550    0.9602700      49.92
   1204.01721    0.9624500      50.03
   1204.01892    0.9626100      50.04
   1204.02051    0.9642000      50.12
   1204.02222    0.9665300      50.24
   1204.02393    0.9667500      50.25
   1204.02551    0.9651500      50.17
   1204.02722    0.9642700      50.13
   1204.02893    0.9642000      50.12
   1204.03064    0.9626700      50.04
   1204.03223    0.9591700      49.86
   1204.03394    0.9554600      49.67
   1204.03564    0.9519900      49.49
   1204.03723    0.9468900      49.22
   1204.03894    0.9390700      48.81
   1204.04065    0.9297000      48.33
   1204.04236    0.9196700      47.81
   1204.04395    0.9079500      47.20
   1204.04565    0.8937900      46.46
   1204.04736    0.8792000      45.70
   1204.04895    0.8678700      45.11
   1204.05066    0.8625100      44.83
   1204.05237    0.8639900      44.91
   1204.05408    0.8719700      45.32
   1204.05566    0.8848000      45.99
   1204.05737    0.8995300      46.76
   1204.05908    0.9133100      47.47
   1204.06067    0.9250700      48.08
   1204.06238    0.9352800      48.62
   1204.06409    0.9443000      49.08
   1204.06580    0.9517500      49.47
   1204.06738    0.9574100      49.77
   1204.06909    0.9618400      50.00
   1204.07080    0.9657700      50.20
   1204.07239    0.9692300      50.38
   1204.07410    0.9718600      50.52
   1204.07581    0.9736900      50.61
   1204.07751    0.9751400      50.69
   1204.07910    0.9764000      50.75
   1204.08081    0.9772700      50.80
   1204.08252    0.9777900      50.82
   1204.08411    0.9786100      50.87
   1204.08582    0.9801400      50.94
   1204.08752    0.9816800      51.02
   1204.08923    0.9822900      51.06
   1204.09082    0.9823300      51.06
   1204.09253    0.9830500      51.10
   1204.09424    0.9845100      51.17
   1204.09583    0.9853200      51.21
   1204.09753    0.9850100      51.20
   1204.09924    0.9850600      51.20
   1204.10095    0.9864800      51.27
   1204.10254    0.9879400      51.35
   1204.10425    0.9879100      51.35
   1204.10596    0.9873900      51.32
   1204.10754    0.9880400      51.35
   1204.10925    0.9889100      51.40
   1204.11096    0.9879600      51.35
   1204.11267    0.9861600      51.26
   1204.11426    0.9864000      51.27
   1204.11597    0.9881900      51.36
   1204.11768    0.9877300      51.34
   1204.11926    0.9844200      51.16
   1204.12097    0.9826000      51.07
   1204.12268    0.9842400      51.15
   1204.12439    0.9850200      51.20
   1204.12598    0.9816300      51.02
   1204.12769    0.9780500      50.83
   1204.12939    0.9784800      50.85
   1204.13098    0.9783200      50.85
   1204.13269    0.9708100      50.46
   1204.13440    0.9597500      49.88
   1204.13611    0.9538000      49.57
   1204.13770    0.9469300      49.21
   1204.13940    0.9193200      47.78
   1204.14111    0.8669000      45.05
   1204.14270    0.8194600      42.59
   1204.14441    0.8142900      42.32
   1204.14612    0.8543500      44.40
   1204.14783    0.9057500      47.07
   1204.14941    0.9370600      48.70
   1204.15112    0.9481900      49.28
   1204.15283    0.9564500      49.71
   1204.15442    0.9684300      50.33
   1204.15613    0.9768800      50.77
   1204.15784    0.9780800      50.83
   1204.15955    0.9779900      50.83
   1204.16113    0.9812200      50.99
   1204.16284    0.9845200      51.17
   1204.16455    0.9841900      51.15
   1204.16614    0.9826300      51.07
   1204.16785    0.9833400      51.10
   1204.16956    0.9848300      51.18
   1204.17126    0.9838500      51.13
   1204.17285    0.9810700      50.99
   1204.17456    0.9793800      50.90
   1204.17627    0.9788200      50.87
   1204.17786    0.9772000      50.78
   1204.17957    0.9745600      50.65
   1204.18127    0.9731600      50.57
   1204.18298    0.9735700      50.59
   1204.18457    0.9740500      50.62
   1204.18628    0.9739400      50.61
   1204.18799    0.9746900      50.65
   1204.18958    0.9770500      50.78
   1204.19128    0.9796600      50.91
   1204.19299    0.9813500      51.00
   1204.19470    0.9828700      51.08
   1204.19629    0.9851300      51.19
   1204.19800    0.9874800      51.32
   1204.19971    0.9889700      51.39
   1204.20129    0.9900100      51.45
   1204.20300    0.9913900      51.52
   1204.20471    0.9927200      51.59
   1204.20642    0.9931700      51.61
   1204.20801    0.9931200      51.61
   1204.20972    0.9935800      51.63
   1204.21143    0.9944200      51.68
   1204.21301    0.9946300      51.69
   1204.21472    0.9940600      51.66
   1204.21643    0.9936400      51.63
   1204.21814    0.9937900      51.64
   1204.21973    0.9938400      51.64
   1204.22144    0.9934300      51.62
   1204.22314    0.9931200      51.61
   1204.22473    0.9932200      51.61
   1204.22644    0.9931600      51.61
   1204.22815    0.9925500      51.58
   1204.22986    0.9920100      51.55
   1204.23145    0.9921800      51.56
   1204.23315    0.9926400      51.58
   1204.23486    0.9927400      51.59
   1204.23645    0.9927500      51.59
   1204.23816    0.9931200      51.61
   1204.23987    0.9934900      51.62
   1204.24158    0.9932100      51.61
   1204.24316    0.9926900      51.58
   1204.24487    0.9928400      51.59
   1204.24658    0.9935100      51.63
   1204.24817    0.9937400      51.64
   1204.24988    0.9933900      51.62
   1204.25159    0.9931600      51.61
   1204.25330    0.9931300      51.60
   1204.25488    0.9926200      51.58
   1204.25659    0.9917100      51.53
   1204.25830    0.9913500      51.51
   1204.25989    0.9914600      51.52
   1204.26160    0.9908300      51.48
   1204.26331    0.9893700      51.41
   1204.26501    0.9886700      51.37
   1204.26660    0.9891200      51.40
   1204.26831    0.9888800      51.38
   1204.27002    0.9870900      51.29
   1204.27161    0.9858800      51.23
   1204.27332    0.9868200      51.28
   1204.27502    0.9877900      51.33
   1204.27673    0.9863800      51.25
   1204.27832    0.9845600      51.16
   1204.28003    0.9855000      51.21
   1204.28174    0.9874200      51.31
   1204.28345    0.9858900      51.23
   1204.28503    0.9818000      51.01
   1204.28674    0.9804300      50.94
   1204.28845    0.9815300      51.00
   1204.29004    0.9780000      50.82
   1204.29175    0.9680100      50.30
   1204.29346    0.9595300      49.86
   1204.29517    0.9550400      49.62
   1204.29675    0.9397700      48.83
   1204.29846    0.8993900      46.73
   1204.30017    0.8478900      44.05
   1204.30176    0.8224700      42.73
   1204.30347    0.8439900      43.85
   1204.30518    0.8928600      46.39
   1204.30688    0.9325700      48.45
   1204.30847    0.9488100      49.30
   1204.31018    0.9548000      49.61
   1204.31189    0.9642600      50.10
   1204.31348    0.9746200      50.64
   1204.31519    0.9784100      50.83
   1204.31689    0.9777000      50.80
   1204.31860    0.9793400      50.88
   1204.32019    0.9834500      51.10
   1204.32190    0.9850800      51.18
   1204.32361    0.9836700      51.11
   1204.32520    0.9834600      51.10
   1204.32690    0.9857700      51.22
   1204.32861    0.9873000      51.30
   1204.33032    0.9863200      51.24
   1204.33191    0.9852300      51.19
   1204.33362    0.9859800      51.23
   1204.33533    0.9870600      51.28
   1204.33691    0.9867200      51.26
   1204.33862    0.9859700      51.23
   1204.34033    0.9863200      51.24
   1204.34204    0.9872000      51.29
   1204.34363    0.9875100      51.30
   1204.34534    0.9878400      51.32
   1204.34705    0.9891800      51.39
   1204.34875    0.9907700      51.47
   1204.35034    0.9911700      51.49
   1204.35205    0.9906800      51.47
   1204.35376    0.9907900      51.47
   1204.35535    0.9917600      51.52
   1204.35706    0.9924500      51.56
   1204.35876    0.9924100      51.56
   1204.36047    0.9924400      51.56
   1204.36206    0.9930800      51.59
   1204.36377    0.9937800      51.63
   1204.36548    0.9939800      51.64
   1204.36707    0.9939700      51.64
   1204.36877    0.9942500      51.65
   1204.37048    0.9946400      51.67
   1204.37219    0.9946100      51.67
   1204.37378    0.9941200      51.65
   1204.37549    0.9935800      51.62
   1204.37720    0.9933000      51.60
   1204.37878    0.9931900      51.60
   1204.38049    0.9929300      51.58
   1204.38220    0.9924000      51.56
   1204.38391    0.9917600      51.52
   1204.38550    0.9912300      51.49
   1204.38721    0.9907700      51.47
   1204.38892    0.9901200      51.44
   1204.39062    0.9892500      51.39
   1204.39221    0.9883900      51.35
   1204.39392    0.9875600      51.30
   1204.39563    0.9864800      51.25
   1204.39722    0.9850700      51.17
   1204.39893    0.9835600      51.09
   1204.40063    0.9818900      51.01
   1204.40234    0.9795700      50.89
   1204.40393    0.9765600      50.73
   1204.40564    0.9736900      50.58
   1204.40735    0.9714400      50.46
   1204.40894    0.9692300      50.35
   1204.41064    0.9666800      50.22
   1204.41235    0.9648000      50.12
   1204.41406    0.9647300      50.12
   1204.41565    0.9658500      50.17
   1204.41736    0.9666900      50.22
   1204.41907    0.9672600      50.25
   1204.42065    0.9688900      50.33
   1204.42236    0.9717200      50.48
   1204.42407    0.9742800      50.61
   1204.42578    0.9759600      50.70
   1204.42737    0.9777400      50.79
   1204.42908    0.9799300      50.90
   1204.43079    0.9811900      50.97
   1204.43250    0.9809800      50.96
   1204.43408    0.9808300      50.95
   1204.43579    0.9817400      51.00
   1204.43750    0.9823000      51.03
   1204.43909    0.9813000      50.97
   1204.44080    0.9803500      50.92
   1204.44250    0.9811000      50.96
   1204.44421    0.9818200      51.00
   1204.44580    0.9800700      50.91
   1204.44751    0.9771500      50.76
   1204.44922    0.9760800      50.70
   1204.45081    0.9759600      50.70
   1204.45251    0.9733700      50.56
   1204.45422    0.9689900      50.33
   1204.45593    0.9671200      50.24
   1204.45752    0.9673500      50.25
   1204.45923    0.9637100      50.06
   1204.46094    0.9549500      49.60
   1204.46252    0.9479500      49.24
   1204.46423    0.9441900      49.04
   1204.46594    0.9304000      48.33
   1204.46765    0.8948300      46.48
   1204.46924    0.8511300      44.21
   1204.47095    0.8321000      43.22
   1204.47266    0.8543800      44.38
   1204.47437    0.8990500      46.70
   1204.47595    0.9341400      48.52
   1204.47766    0.9485200      49.27
   1204.47937    0.9547000      49.59
   1204.48096    0.9643400      50.09
   1204.48267    0.9744900      50.62
   1204.48438    0.9785900      50.83
   1204.48608    0.9786600      50.83
   1204.48767    0.9805800      50.93
   1204.48938    0.9842300      51.12
   1204.49109    0.9855400      51.19
   1204.49268    0.9843300      51.13
   1204.49438    0.9840700      51.11
   1204.49609    0.9854000      51.18
   1204.49780    0.9854900      51.19
   1204.49939    0.9833600      51.08
   1204.50110    0.9811700      50.96
   1204.50281    0.9798300      50.89
   1204.50452    0.9774000      50.77
   1204.50610    0.9728700      50.53
   1204.50781    0.9682100      50.29
   1204.50952    0.9651100      50.13
   1204.51111    0.9624500      49.99
   1204.51282    0.9588300      49.80
   1204.51453    0.9554900      49.63
   1204.51624    0.9546700      49.58
   1204.51782    0.9563800      49.67
   1204.51953    0.9588200      49.80
   1204.52124    0.9612400      49.92
   1204.52283    0.9644300      50.09
   1204.52454    0.9686000      50.31
   1204.52625    0.9727200      50.52
   1204.52795    0.9760200      50.69
   1204.52954    0.9788500      50.84
   1204.53125    0.9816800      50.99
   1204.53296    0.9842000      51.12
   1204.53467    0.9858700      51.20
   1204.53625    0.9866500      51.24
   1204.53796    0.9869100      51.26
   1204.53967    0.9869700      51.26
   1204.54126    0.9870800      51.26
   1204.54297    0.9873700      51.28
   1204.54468    0.9876100      51.29
   1204.54639    0.9874200      51.28
   1204.54797    0.9867600      51.25
   1204.54968    0.9860200      51.21
   1204.55139    0.9854900      51.18
   1204.55310    0.9850300      51.16
   1204.55469    0.9845800      51.13
   1204.55640    0.9843900      51.12
   1204.55811    0.9845900      51.13
   1204.55969    0.9848800      51.15
   1204.56140    0.9849500      51.15
   1204.56311    0.9850300      51.16
   1204.56482    0.9854900      51.18
   1204.56641    0.9862100      51.22
   1204.56812    0.9867300      51.24
   1204.56982    0.9869100      51.25
   1204.57141    0.9869300      51.25
   1204.57312    0.9868100      51.25
   1204.57483    0.9864000      51.23
   1204.57654    0.9858800      51.20
   1204.57812    0.9857100      51.19
   1204.57983    0.9858600      51.20
   1204.58154    0.9857100      51.19
   1204.58325    0.9850800      51.16
   1204.58484    0.9846900      51.14
   1204.58655    0.9850100      51.15
   1204.58826    0.9853300      51.17
   1204.58984    0.9846500      51.13
   1204.59155    0.9833800      51.07
   1204.59326    0.9828300      51.04
   1204.59497    0.9831300      51.05
   1204.59656    0.9829800      51.05
   1204.59827    0.9817100      50.98
   1204.59998    0.9803900      50.91
   1204.60156    0.9800300      50.89
   1204.60327    0.9799800      50.89
   1204.60498    0.9791100      50.85
   1204.60669    0.9777100      50.77
   1204.60828    0.9768900      50.73
   1204.60999    0.9766600      50.72
   1204.61169    0.9761900      50.69
   1204.61340    0.9755700      50.66
   1204.61499    0.9755300      50.66
   1204.61670    0.9757600      50.67
   1204.61841    0.9752700      50.64
   1204.62000    0.9743400      50.60
   1204.62170    0.9741900      50.59
   1204.62341    0.9744900      50.60
   1204.62512    0.9735000      50.55
   1204.62671    0.9713200      50.44
   1204.62842    0.9701200      50.38
   1204.63013    0.9702000      50.38
   1204.63184    0.9688800      50.31
   1204.63342    0.9651900      50.12
   1204.63513    0.9623400      49.97
   1204.63684    0.9622000      49.96
   1204.63843    0.9607600      49.89
   1204.64014    0.9540400      49.54
   1204.64185    0.9456300      49.10
   1204.64355    0.9408200      48.85
   1204.64514    0.9339300      48.50
   1204.64685    0.9115800      47.33
   1204.64856    0.8735300      45.36
   1204.65027    0.8419300      43.72
   1204.65186    0.8405800      43.65
   1204.65356    0.8679400      45.07
   1204.65527    0.8994600      46.70
   1204.65686    0.9156700      47.55
   1204.65857    0.9191500      47.73
   1204.66028    0.9221600      47.88
   1204.66199    0.9278800      48.18
   1204.66357    0.9306300      48.32
   1204.66528    0.9285200      48.21
   1204.66699    0.9263200      48.10
   1204.66870    0.9268500      48.13
   1204.67029    0.9270800      48.14
   1204.67200    0.9242900      47.99
   1204.67371    0.9206400      47.80
   1204.67529    0.9190100      47.72
   1204.67700    0.9183500      47.68
   1204.67871    0.9159500      47.56
   1204.68042    0.9119000      47.35
   1204.68201    0.9083000      47.16
   1204.68372    0.9054600      47.01
   1204.68542    0.9016700      46.82
   1204.68713    0.8961800      46.53
   1204.68872    0.8899100      46.21
   1204.69043    0.8835000      45.87
   1204.69214    0.8763000      45.50
   1204.69373    0.8677500      45.06
   1204.69543    0.8581700      44.56
   1204.69714    0.8477700      44.02
   1204.69885    0.8360100      43.41
   1204.70044    0.8222800      42.69
   1204.70215    0.8064400      41.87
   1204.70386    0.7882500      40.93
   1204.70544    0.7670200      39.82
   1204.70715    0.7422200      38.54
   1204.70886    0.7137300      37.06
   1204.71057    0.6812200      35.37
   1204.71216    0.6437900      33.43
   1204.71387    0.6005200      31.18
   1204.71558    0.5516900      28.64
   1204.71729    0.4995300      25.94
   1204.71887    0.4484200      23.28
   1204.72058    0.4040800      20.98
   1204.72229    0.3708400      19.25
   1204.72400    0.3485600      18.10
   1204.72559    0.3319200      17.23
   1204.72729    0.3134500      16.27
   1204.72900    0.2876600      14.93
   1204.73059    0.2531300      13.14
   1204.73230    0.2119900      11.01
   1204.73401    0.1685100       8.75
   1204.73572    0.1278100       6.64
   1204.73730    0.0946200       4.91
   1204.73901    0.0721700       3.75
   1204.74072    0.0620600       3.22
   1204.74243    0.0649000       3.37
   1204.74402    0.0809000       4.20
   1204.74573    0.1100200       5.71
   1204.74744    0.1516400       7.87
   1204.74902    0.2041100      10.60
   1204.75073    0.2643400      13.72
   1204.75244    0.3280800      17.03
   1204.75415    0.3911400      20.31
   1204.75574    0.4507500      23.40
   1204.75745    0.5056700      26.25
   1204.75916    0.5554600      28.84
   1204.76086    0.5999300      31.15
   1204.76245    0.6392300      33.19
   1204.76416    0.6738900      34.99
   1204.76587    0.7044000      36.57
   1204.76746    0.7310900      37.95
   1204.76917    0.7543800      39.16
   1204.77087    0.7749100      40.23
   1204.77258    0.7931900      41.18
   1204.77417    0.8095000      42.02
   1204.77588    0.8240900      42.78
   1204.77759    0.8372400      43.46
   1204.77930    0.8490500      44.08
   1204.78088    0.8595200      44.62
   1204.78259    0.8689100      45.11
   1204.78430    0.8776900      45.56
   1204.78589    0.8859700      45.99
   1204.78760    0.8933400      46.38
   1204.78931    0.8996000      46.70
   1204.79102    0.9051100      46.99
   1204.79260    0.9101900      47.25
   1204.79431    0.9147200      47.49
   1204.79602    0.9187600      47.70
   1204.79773    0.9228400      47.91
   1204.79932    0.9270500      48.13
   1204.80103    0.9306000      48.31
   1204.80273    0.9329800      48.43
   1204.80432    0.9351100      48.54
   1204.80603    0.9380400      48.70
   1204.80774    0.9411500      48.86
   1204.80945    0.9431100      48.96
   1204.81104    0.9442700      49.02
   1204.81274    0.9462200      49.12
   1204.81445    0.9491400      49.27
   1204.81616    0.9514200      49.39
   1204.81775    0.9524900      49.44
   1204.81946    0.9537500      49.51
   1204.82117    0.9557200      49.61
   1204.82275    0.9567000      49.66
   1204.82446    0.9559800      49.62
   1204.82617    0.9557400      49.61
   1204.82788    0.9572900      49.69
   1204.82947    0.9577100      49.71
   1204.83118    0.9541000      49.53
   1204.83289    0.9491200      49.27
   1204.83459    0.9467400      49.14
   1204.83618    0.9428000      48.94
   1204.83789    0.9273600      48.14
   1204.83960    0.9002000      46.73
   1204.84131    0.8779400      45.57
   1204.84290    0.8786800      45.61
   1204.84460    0.9016600      46.80
   1204.84631    0.9285900      48.20
   1204.84790    0.9444700      49.03
   1204.84961    0.9505800      49.34
   1204.85132    0.9557500      49.61
   1204.85303    0.9625600      49.96
   1204.85461    0.9672100      50.21
   1204.85632    0.9684000      50.27
   1204.85803    0.9693500      50.32
   1204.85974    0.9719100      50.45
   1204.86133    0.9741100      50.56
   1204.86304    0.9744500      50.58
   1204.86475    0.9746200      50.59
   1204.86633    0.9762900      50.68
   1204.86804    0.9783400      50.78
   1204.86975    0.9790800      50.82
   1204.87146    0.9791600      50.82
   1204.87305    0.9801100      50.87
   1204.87476    0.9816900      50.95
   1204.87646    0.9825500      51.00
   1204.87817    0.9826900      51.01
   1204.87976    0.9832200      51.03
   1204.88147    0.9843800      51.09
   1204.88318    0.9852800      51.14
   1204.88489    0.9856900      51.16
   1204.88647    0.9863300      51.19
   1204.88818    0.9874300      51.25
   1204.88989    0.9882000      51.29
   1204.89148    0.9881900      51.29
   1204.89319    0.9879700      51.28
   1204.89490    0.9881300      51.29
   1204.89661    0.9884300      51.30
   1204.89819    0.9884400      51.30
   1204.89990    0.9884000      51.30
   1204.90161    0.9887400      51.32
   1204.90332    0.9892700      51.35
   1204.90491    0.9894500      51.36
   1204.90662    0.9892000      51.34
   1204.90833    0.9889600      51.33
   1204.90991    0.9891000      51.34
   1204.91162    0.9895800      51.36
   1204.91333    0.9901900      51.39
   1204.91504    0.9906900      51.42
   1204.91663    0.9908800      51.43
   1204.91833    0.9907300      51.42
   1204.92004    0.9905300      51.41
   1204.92175    0.9906400      51.42
   1204.92334    0.9910100      51.43
   1204.92505    0.9912200      51.45
   1204.92676    0.9910600      51.44
   1204.92847    0.9907200      51.42
   1204.93005    0.9905800      51.41
   1204.93176    0.9906800      51.42
   1204.93347    0.9907600      51.42
   1204.93506    0.9906000      51.41
   1204.93677    0.9904000      51.40
   1204.93848    0.9905700      51.41
   1204.94019    0.9911900      51.44
   1204.94177    0.9918100      51.47
   1204.94348    0.9919200      51.48
   1204.94519    0.9914700      51.46
   1204.94690    0.9909100      51.43
   1204.94849    0.9906100      51.41
   1204.95020    0.9905200      51.41
   1204.95190    0.9904200      51.40
   1204.95361    0.9903000      51.39
   1204.95520    0.9903000      51.39
   1204.95691    0.9904800      51.40
   1204.95862    0.9907900      51.42
   1204.96021    0.9912300      51.44
   1204.96191    0.9918700      51.48
   1204.96362    0.9925900      51.51
   1204.96533    0.9931000      51.54
   1204.96692    0.9932000      51.54
   1204.96863    0.9929500      51.53
   1204.97034    0.9926800      51.52
   1204.97205    0.9925600      51.51
   1204.97363    0.9924200      51.50
   1204.97534    0.9919500      51.48
   1204.97705    0.9911100      51.43
   1204.97876    0.9902100      51.39
   1204.98035    0.9895100      51.35
   1204.98206    0.9889900      51.32
   1204.98376    0.9885500      51.30
   1204.98535    0.9882700      51.29
   1204.98706    0.9882900      51.29
   1204.98877    0.9885100      51.30
   1204.99048    0.9888300      51.32
   1204.99207    0.9893300      51.34
   1204.99377    0.9901000      51.38
   1204.99548    0.9908300      51.42
   1204.99719    0.9911400      51.43
   1204.99878    0.9912700      51.44
   1205.00049    0.9917300      51.46
   1205.00220    0.9924200      51.50
   1205.00391    0.9926300      51.51
   1205.00549    0.9922400      51.49
   1205.00720    0.9919100      51.47
   1205.00891    0.9919800      51.48
   1205.01050    0.9919100      51.47
   1205.01221    0.9914500      51.45
   1205.01392    0.9913300      51.44
   1205.01562    0.9919000      51.47
   1205.01721    0.9920900      51.48
   1205.01892    0.9909500      51.42
   1205.02063    0.9893400      51.34
   1205.02234    0.9886500      51.30
   1205.02393    0.9883100      51.29
   1205.02563    0.9866500      51.20
   1205.02734    0.9839500      51.06
   1205.02905    0.9820800      50.96
   1205.03064    0.9808900      50.90
   1205.03235    0.9777200      50.73
   1205.03406    0.9721400      50.45
   1205.03564    0.9676300      50.21
   1205.03735    0.9658400      50.12
   1205.03906    0.9617800      49.91
   1205.04077    0.9499200      49.29
   1205.04236    0.9343600      48.48
   1205.04407    0.9275700      48.13
   1205.04578    0.9367100      48.61
   1205.04749    0.9549800      49.55
   1205.04907    0.9697100      50.32
   1205.05078    0.9760400      50.65
   1205.05249    0.9788100      50.79
   1205.05420    0.9830200      51.01
   1205.05579    0.9876500      51.25
   1205.05750    0.9896800      51.35
   1205.05920    0.9895200      51.34
   1205.06079    0.9898300      51.36
   1205.06250    0.9911800      51.43
   1205.06421    0.9920100      51.47
   1205.06592    0.9917200      51.46
   1205.06750    0.9915000      51.45
   1205.06921    0.9920600      51.48
   1205.07092    0.9927600      51.51
   1205.07263    0.9929400      51.52
   1205.07422    0.9930200      51.53
   1205.07593    0.9934800      51.55
   1205.07764    0.9940600      51.58
   1205.07935    0.9942600      51.59
   1205.08093    0.9940400      51.58
   1205.08264    0.9937000      51.56
   1205.08435    0.9935000      51.55
   1205.08606    0.9937300      51.56
   1205.08765    0.9945200      51.60
   1205.08936    0.9953800      51.65
   1205.09106    0.9955600      51.66
   1205.09265    0.9949800      51.63
   1205.09436    0.9944900      51.60
   1205.09607    0.9947200      51.61
   1205.09778    0.9952400      51.64
   1205.09937    0.9953300      51.64
   1205.10107    0.9950500      51.63
   1205.10278    0.9949300      51.62
   1205.10449    0.9950700      51.63
   1205.10608    0.9950900      51.63
   1205.10779    0.9949200      51.62
   1205.10950    0.9949100      51.62
   1205.11121    0.9952100      51.64
   1205.11279    0.9954800      51.65
   1205.11450    0.9954700      51.65
   1205.11621    0.9953300      51.64
   1205.11792    0.9953100      51.64
   1205.11951    0.9953300      51.64
   1205.12122    0.9952400      51.64
   1205.12292    0.9950900      51.63
   1205.12451    0.9949200      51.62
   1205.12622    0.9945500      51.60
   1205.12793    0.9939100      51.57
   1205.12964    0.9932800      51.53
   1205.13123    0.9929400      51.52
   1205.13293    0.9927900      51.51
   1205.13464    0.9925000      51.49
   1205.13635    0.9920500      51.47
   1205.13794    0.9917600      51.45
   1205.13965    0.9917100      51.45
   1205.14136    0.9916300      51.45
   1205.14307    0.9912600      51.43
   1205.14465    0.9906800      51.40
   1205.14636    0.9901000      51.37
   1205.14807    0.9894800      51.33
   1205.14966    0.9886600      51.29
   1205.15137    0.9875800      51.24
   1205.15308    0.9863700      51.17
   1205.15479    0.9851500      51.11
   1205.15637    0.9838900      51.04
   1205.15808    0.9824100      50.97
   1205.15979    0.9805200      50.87
   1205.16150    0.9781400      50.75
   1205.16309    0.9753300      50.60
   1205.16479    0.9721900      50.44
   1205.16650    0.9686600      50.25
   1205.16821    0.9644200      50.03
   1205.16980    0.9591400      49.76
   1205.17151    0.9527400      49.43
   1205.17322    0.9452100      49.04
   1205.17493    0.9364400      48.58
   1205.17651    0.9260900      48.04
   1205.17822    0.9141800      47.43
   1205.17993    0.9018100      46.78
   1205.18164    0.8913700      46.24
   1205.18323    0.8857300      45.95
   1205.18494    0.8866300      46.00
   1205.18665    0.8935600      46.36
   1205.18823    0.9041700      46.91
   1205.18994    0.9159800      47.52
   1205.19165    0.9275600      48.12
   1205.19336    0.9382900      48.68
   1205.19495    0.9476800      49.16
   1205.19666    0.9552200      49.55
   1205.19836    0.9609600      49.85
   1205.20007    0.9654000      50.08
   1205.20166    0.9687900      50.26
   1205.20337    0.9710100      50.37
   1205.20508    0.9721500      50.43
   1205.20679    0.9728200      50.47
   1205.20837    0.9734800      50.50
   1205.21008    0.9738900      50.52
   1205.21179    0.9736600      50.51
   1205.21350    0.9730600      50.48
   1205.21509    0.9728000      50.46
   1205.21680    0.9730300      50.48
   1205.21851    0.9733700      50.49
   1205.22009    0.9736400      50.51
   1205.22180    0.9742500      50.54
   1205.22351    0.9756200      50.61
   1205.22522    0.9776200      50.71
   1205.22681    0.9797900      50.82
   1205.22852    0.9818700      50.93
   1205.23022    0.9838500      51.04
   1205.23193    0.9857800      51.14
   1205.23352    0.9876500      51.23
   1205.23523    0.9892700      51.32
   1205.23694    0.9901900      51.36
   1205.23865    0.9901700      51.36
   1205.24023    0.9896700      51.34
   1205.24194    0.9894300      51.32
   1205.24365    0.9893700      51.32
   1205.24536    0.9886300      51.28
   1205.24695    0.9870300      51.20
   1205.24866    0.9856200      51.13
   1205.25037    0.9848500      51.09
   1205.25208    0.9831400      51.00
   1205.25366    0.9787300      50.77
   1205.25537    0.9729900      50.47
   1205.25708    0.9701200      50.32
   1205.25867    0.9727400      50.46
   1205.26038    0.9789200      50.78
   1205.26208    0.9844600      51.06
   1205.26379    0.9873500      51.21
   1205.26538    0.9886900      51.28
   1205.26709    0.9899700      51.35
   1205.26880    0.9911200      51.41
   1205.27051    0.9914600      51.43
   1205.27209    0.9912100      51.41
   1205.27380    0.9910600      51.41
   1205.27551    0.9911000      51.41
   1205.27722    0.9908300      51.39
   1205.27881    0.9900900      51.35
   1205.28052    0.9891600      51.31
   1205.28223    0.9881200      51.25
   1205.28394    0.9866000      51.17
   1205.28552    0.9841400      51.05
   1205.28723    0.9805500      50.86
   1205.28894    0.9758300      50.61
   1205.29065    0.9699300      50.31
   1205.29224    0.9627200      49.93
   1205.29395    0.9537700      49.47
   1205.29565    0.9425600      48.89
   1205.29736    0.9288600      48.18
   1205.29895    0.9130100      47.35
   1205.30066    0.8956700      46.46
   1205.30237    0.8775400      45.51
   1205.30396    0.8595400      44.58
   1205.30566    0.8431400      43.73
   1205.30737    0.8301900      43.06
   1205.30908    0.8221300      42.64
   1205.31067    0.8198000      42.52
   1205.31238    0.8234900      42.71
   1205.31409    0.8329200      43.20
   1205.31580    0.8469000      43.92
   1205.31738    0.8635200      44.79
   1205.31909    0.8810300      45.69
   1205.32080    0.8983500      46.59
   1205.32251    0.9148000      47.45
   1205.32410    0.9296900      48.22
   1205.32581    0.9425300      48.88
   1205.32751    0.9533100      49.44
   1205.32922    0.9623200      49.91
   1205.33081    0.9697200      50.29
   1205.33252    0.9755300      50.59
   1205.33423    0.9800100      50.83
   1205.33594    0.9835700      51.01
   1205.33752    0.9864400      51.16
   1205.33923    0.9885800      51.27
   1205.34094    0.9900800      51.35
   1205.34265    0.9912600      51.41
   1205.34424    0.9923500      51.47
   1205.34595    0.9933100      51.52
   1205.34766    0.9940300      51.55
   1205.34924    0.9945800      51.58
   1205.35095    0.9950900      51.61
   1205.35266    0.9955400      51.63
   1205.35437    0.9958500      51.65
   1205.35596    0.9960200      51.66
   1205.35767    0.9961400      51.66
   1205.35938    0.9962800      51.67
   1205.36108    0.9965100      51.68
   1205.36267    0.9968600      51.70
   1205.36438    0.9972200      51.72
   1205.36609    0.9974000      51.73
   1205.36780    0.9973700      51.72
   1205.36938    0.9974000      51.73
   1205.37109    0.9976700      51.74
   1205.37280    0.9980200      51.76
   1205.37451    0.9980900      51.76
   1205.37610    0.9978400      51.75
   1205.37781    0.9976400      51.74
   1205.37952    0.9977900      51.74
   1205.38123    0.9982100      51.77
   1205.38281    0.9985300      51.78
   1205.38452    0.9985300      51.78
   1205.38623    0.9983200      51.77
   1205.38794    0.9981800      51.76
   1205.38953    0.9983000      51.77
   1205.39124    0.9985700      51.78
   1205.39294    0.9986700      51.79
   1205.39465    0.9984100      51.78
   1205.39624    0.9980000      51.75
   1205.39795    0.9978700      51.75
   1205.39966    0.9980900      51.76
   1205.40125    0.9983800      51.77
   1205.40295    0.9984500      51.78
   1205.40466    0.9983900      51.77
   1205.40637    0.9983500      51.77
   1205.40796    0.9983100      51.77
   1205.40967    0.9981300      51.76
   1205.41138    0.9979400      51.75
   1205.41309    0.9979700      51.75
   1205.41467    0.9982100      51.76
   1205.41638    0.9983500      51.77
   1205.41809    0.9982000      51.76
   1205.41980    0.9978300      51.74
   1205.42139    0.9973600      51.72
   1205.42310    0.9968600      51.69
   1205.42480    0.9964000      51.67
   1205.42651    0.9960600      51.65
   1205.42810    0.9957600      51.64
   1205.42981    0.9953600      51.61
   1205.43152    0.9948900      51.59
   1205.43323    0.9945600      51.57
   1205.43481    0.9944100      51.56
   1205.43652    0.9942300      51.56
   1205.43823    0.9939800      51.54
   1205.43994    0.9940100      51.54
   1205.44153    0.9945800      51.57
   1205.44324    0.9953600      51.61
   1205.44495    0.9958500      51.64
   1205.44666    0.9960700      51.65
   1205.44824    0.9964900      51.67
   1205.44995    0.9971700      51.71
   1205.45166    0.9976500      51.73
   1205.45337    0.9976400      51.73
   1205.45496    0.9975300      51.72
   1205.45667    0.9977200      51.73
   1205.45837    0.9980700      51.75
   1205.46008    0.9982000      51.76
   1205.46167    0.9981800      51.76
   1205.46338    0.9983000      51.76
   1205.46509    0.9984100      51.77
   1205.46680    0.9980900      51.75
   1205.46838    0.9974200      51.72
   1205.47009    0.9970900      51.70
   1205.47180    0.9974100      51.72
   1205.47339    0.9978400      51.74
   1205.47510    0.9977800      51.74
   1205.47681    0.9974400      51.72
   1205.47852    0.9974800      51.72
   1205.48010    0.9979700      51.75
   1205.48181    0.9983900      51.77
   1205.48352    0.9984600      51.77
   1205.48523    0.9985100      51.77
   1205.48682    0.9988100      51.79
   1205.48853    0.9991000      51.80
   1205.49023    0.9990400      51.80
   1205.49194    0.9987200      51.78
   1205.49353    0.9984800      51.77
   1205.49524    0.9983700      51.76
   1205.49695    0.9981400      51.75
   1205.49866    0.9977600      51.73
   1205.50024    0.9974700      51.72
   1205.50195    0.9974500      51.72
   1205.50366    0.9975900      51.72
   1205.50537    0.9977000      51.73
   1205.50696    0.9977800      51.73
   1205.50867    0.9978200      51.73
   1205.51038    0.9976200      51.72
   1205.51208    0.9970900      51.70
   1205.51367    0.9964400      51.66
   1205.51538    0.9960700      51.64
   1205.51709    0.9961100      51.65
   1205.51880    0.9962400      51.65
   1205.52039    0.9961500      51.65
   1205.52209    0.9959800      51.64
   1205.52380    0.9961100      51.64
   1205.52551    0.9965500      51.67
   1205.52710    0.9967900      51.68
   1205.52881    0.9963400      51.66
   1205.53052    0.9953300      51.60
   1205.53223    0.9943100      51.55
   1205.53381    0.9935000      51.51
   1205.53552    0.9926200      51.46
   1205.53723    0.9913200      51.40
   1205.53894    0.9897000      51.31
   1205.54053    0.9882600      51.24
   1205.54224    0.9874900      51.20
   1205.54395    0.9876900      51.21
   1205.54565    0.9887900      51.26
   1205.54724    0.9903000      51.34
   1205.54895    0.9914500      51.40
   1205.55066    0.9919700      51.43
   1205.55237    0.9923000      51.44
   1205.55396    0.9929000      51.48
   1205.55566    0.9935100      51.51
   1205.55737    0.9936500      51.51
   1205.55908    0.9934700      51.50
   1205.56067    0.9934900      51.51
   1205.56238    0.9935900      51.51
   1205.56409    0.9931800      51.49
   1205.56567    0.9923900      51.45
   1205.56738    0.9920300      51.43
   1205.56909    0.9920600      51.43
   1205.57080    0.9912900      51.39
   1205.57239    0.9892600      51.29
   1205.57410    0.9874900      51.19
   1205.57581    0.9875100      51.19
   1205.57751    0.9884300      51.24
   1205.57910    0.9881800      51.23
   1205.58081    0.9865100      51.14
   1205.58252    0.9849600      51.06
   1205.58423    0.9839600      51.01
   1205.58582    0.9821400      50.91
   1205.58752    0.9791900      50.76
   1205.58923    0.9767800      50.64
   1205.59094    0.9748700      50.54
   1205.59253    0.9697800      50.27
   1205.59424    0.9590100      49.72
   1205.59595    0.9470600      49.10
   1205.59766    0.9426200      48.87
   1205.59924    0.9491400      49.20
   1205.60095    0.9608100      49.81
   1205.60266    0.9694200      50.25
   1205.60437    0.9726900      50.42
   1205.60596    0.9740600      50.49
   1205.60767    0.9763900      50.61
   1205.60938    0.9789800      50.75
   1205.61108    0.9803700      50.82
   1205.61267    0.9809000      50.85
   1205.61438    0.9815600      50.88
   1205.61609    0.9822500      50.92
   1205.61780    0.9824400      50.93
   1205.61938    0.9824900      50.93
   1205.62109    0.9830600      50.96
   1205.62280    0.9839600      51.01
   1205.62451    0.9844600      51.03
   1205.62610    0.9843600      51.03
   1205.62781    0.9840100      51.01
   1205.62952    0.9835600      50.98
   1205.63123    0.9830200      50.96
   1205.63281    0.9826500      50.94
   1205.63452    0.9827000      50.94
   1205.63623    0.9826800      50.94
   1205.63794    0.9819200      50.90
   1205.63953    0.9806000      50.83
   1205.64124    0.9796600      50.78
   1205.64294    0.9795800      50.78
   1205.64465    0.9799000      50.79
   1205.64624    0.9800400      50.80
   1205.64795    0.9800100      50.80
   1205.64966    0.9800200      50.80
   1205.65137    0.9799700      50.80
   1205.65295    0.9795200      50.77
   1205.65466    0.9785100      50.72
   1205.65637    0.9769600      50.64
   1205.65808    0.9747700      50.53
   1205.65967    0.9717500      50.37
   1205.66138    0.9677900      50.16
   1205.66309    0.9625500      49.89
   1205.66479    0.9554000      49.52
   1205.66638    0.9455500      49.01
   1205.66809    0.9325600      48.34
   1205.66980    0.9170300      47.53
   1205.67151    0.9013200      46.72
   1205.67310    0.8895800      46.11
   1205.67480    0.8859900      45.92
   1205.67651    0.8919400      46.23
   1205.67822    0.9048400      46.90
   1205.67981    0.9201400      47.69
   1205.68152    0.9344500      48.43
   1205.68323    0.9467000      49.07
   1205.68494    0.9569400      49.60
   1205.68652    0.9651000      50.02
   1205.68823    0.9712400      50.34
   1205.68994    0.9759300      50.58
   1205.69165    0.9797800      50.78
   1205.69324    0.9828800      50.94
   1205.69495    0.9850800      51.06
   1205.69666    0.9866400      51.14
   1205.69836    0.9880400      51.21
   1205.69995    0.9894200      51.28
   1205.70166    0.9905500      51.34
   1205.70337    0.9913900      51.38
   1205.70508    0.9921800      51.42
   1205.70667    0.9929100      51.46
   1205.70837    0.9932800      51.48
   1205.71008    0.9932700      51.48
   1205.71179    0.9933400      51.48
   1205.71338    0.9937400      51.50
   1205.71509    0.9940800      51.52
   1205.71680    0.9938900      51.51
   1205.71851    0.9934600      51.49
   1205.72009    0.9934700      51.49
   1205.72180    0.9939900      51.52
   1205.72351    0.9943200      51.53
   1205.72522    0.9939000      51.51
   1205.72681    0.9930200      51.47
   1205.72852    0.9923700      51.43
   1205.73022    0.9922100      51.42
   1205.73193    0.9922600      51.43
   1205.73352    0.9923600      51.43
   1205.73523    0.9926300      51.45
   1205.73694    0.9931600      51.47
   1205.73865    0.9937400      51.50
   1205.74023    0.9941700      51.52
   1205.74194    0.9946700      51.55
   1205.74365    0.9955000      51.59
   1205.74536    0.9964800      51.64
   1205.74695    0.9969600      51.67
   1205.74866    0.9966200      51.65
   1205.75037    0.9959200      51.61
   1205.75208    0.9955500      51.60
   1205.75366    0.9957000      51.60
   1205.75537    0.9960700      51.62
   1205.75708    0.9963700      51.64
   1205.75879    0.9964800      51.64
   1205.76038    0.9962300      51.63
   1205.76208    0.9954900      51.59
   1205.76379    0.9945900      51.54
   1205.76550    0.9941800      51.52
   1205.76709    0.9943500      51.53
   1205.76880    0.9943600      51.53
   1205.77051    0.9936100      51.49
   1205.77222    0.9925100      51.44
   1205.77380    0.9916800      51.39
   1205.77551    0.9908700      51.35
   1205.77722    0.9893200      51.27
   1205.77893    0.9869700      51.15
   1205.78052    0.9844800      51.02
   1205.78223    0.9819600      50.89
   1205.78394    0.9786900      50.72
   1205.78564    0.9744300      50.50
   1205.78723    0.9700900      50.27
   1205.78894    0.9665300      50.09
   1205.79065    0.9635800      49.93
   1205.79236    0.9608700      49.79
   1205.79395    0.9590300      49.70
   1205.79565    0.9590300      49.70
   1205.79736    0.9608600      49.79
   1205.79907    0.9637500      49.94
   1205.80066    0.9674000      50.13
   1205.80237    0.9717100      50.36
   1205.80408    0.9759400      50.57
   1205.80579    0.9792200      50.74
   1205.80737    0.9818800      50.88
   1205.80908    0.9847900      51.03
   1205.81079    0.9877100      51.18
   1205.81250    0.9895200      51.28
   1205.81409    0.9903900      51.32
   1205.81580    0.9916200      51.39
   1205.81750    0.9930700      51.46
   1205.81921    0.9929300      51.45
   1205.82080    0.9909900      51.35
   1205.82251    0.9897000      51.29
   1205.82422    0.9900800      51.31
   1205.82593    0.9893900      51.27
   1205.82751    0.9855500      51.07
   1205.82922    0.9814400      50.86
   1205.83093    0.9798900      50.78
   1205.83264    0.9760700      50.58
   1205.83423    0.9615700      49.83
   1205.83594    0.9382400      48.62
   1205.83765    0.9216100      47.76
   1205.83936    0.9254500      47.95
   1205.84094    0.9458400      49.01
   1205.84265    0.9661600      50.06
   1205.84436    0.9759600      50.57
   1205.84607    0.9790200      50.73
   1205.84766    0.9830100      50.94
   1205.84937    0.9885000      51.22
   1205.85107    0.9914300      51.37
   1205.85278    0.9913400      51.37
   1205.85437    0.9916400      51.38
   1205.85608    0.9935800      51.48
   1205.85779    0.9950200      51.56
   1205.85950    0.9948300      51.55
   1205.86108    0.9946700      51.54
   1205.86279    0.9956700      51.59
   1205.86450    0.9964800      51.63
   1205.86621    0.9958700      51.60
   1205.86792    0.9949200      51.55
   1205.86951    0.9950300      51.56
   1205.87122    0.9956700      51.59
   1205.87292    0.9955600      51.58
   1205.87463    0.9950000      51.56
   1205.87622    0.9952200      51.57
   1205.87793    0.9962600      51.62
   1205.87964    0.9970600      51.66
   1205.88135    0.9972200      51.67
   1205.88293    0.9972800      51.67
   1205.88464    0.9974900      51.68
   1205.88635    0.9974800      51.68
   1205.88806    0.9971500      51.67
   1205.88965    0.9968100      51.65
   1205.89136    0.9963200      51.62
   1205.89307    0.9952200      51.57
   1205.89478    0.9938800      51.50
   1205.89636    0.9934900      51.48
   1205.89807    0.9944500      51.52
   1205.89978    0.9957500      51.59
   1205.90149    0.9963000      51.62
   1205.90308    0.9962300      51.62
   1205.90479    0.9962700      51.62
   1205.90649    0.9965100      51.63
   1205.90820    0.9964400      51.63
   1205.90979    0.9959400      51.60
   1205.91150    0.9954300      51.57
   1205.91321    0.9951700      51.56
   1205.91492    0.9951100      51.56
   1205.91650    0.9952300      51.56
   1205.91821    0.9956000      51.58
   1205.91992    0.9959800      51.60
   1205.92163    0.9958700      51.60
   1205.92322    0.9952700      51.57
   1205.92493    0.9948800      51.54
   1205.92664    0.9951900      51.56
   1205.92834    0.9959000      51.60
   1205.92993    0.9963100      51.62
   1205.93164    0.9961700      51.61
   1205.93335    0.9959100      51.60
   1205.93506    0.9960200      51.60
   1205.93665    0.9964500      51.63
   1205.93835    0.9967000      51.64
   1205.94006    0.9963300      51.62
   1205.94177    0.9954600      51.57
   1205.94336    0.9947500      51.54
   1205.94507    0.9947900      51.54
   1205.94678    0.9953700      51.57
   1205.94849    0.9956500      51.58
   1205.95007    0.9951200      51.55
   1205.95178    0.9942900      51.51
   1205.95349    0.9939400      51.49
   1205.95520    0.9940600      51.50
   1205.95679    0.9937800      51.48
   1205.95850    0.9926000      51.42
   1205.96021    0.9911200      51.35
   1205.96191    0.9903600      51.31
   1205.96362    0.9904800      51.31
   1205.96521    0.9907000      51.32
   1205.96692    0.9903000      51.30
   1205.96863    0.9894900      51.26
   1205.97034    0.9888400      51.23
   1205.97192    0.9884400      51.21
   1205.97363    0.9878100      51.17
   1205.97534    0.9865600      51.11
   1205.97705    0.9847300      51.01
   1205.97864    0.9824500      50.90
   1205.98035    0.9796900      50.75
   1205.98206    0.9765100      50.59
   1205.98376    0.9734200      50.43
   1205.98535    0.9710900      50.31
   1205.98706    0.9699300      50.25
   1205.98877    0.9700300      50.25
   1205.99048    0.9714200      50.32
   1205.99207    0.9740400      50.46
   1205.99377    0.9774800      50.64
   1205.99548    0.9809100      50.81
   1205.99719    0.9836100      50.95
   1205.99878    0.9855400      51.05
   1206.00049    0.9871700      51.14
   1206.00220    0.9888900      51.23
   1206.00391    0.9904900      51.31
   1206.00549    0.9915100      51.36
   1206.00720    0.9918800      51.38
   1206.00891    0.9921300      51.39
   1206.01062    0.9927100      51.42
   1206.01221    0.9934000      51.46
   1206.01392    0.9936800      51.47
   1206.01562    0.9936000      51.47
   1206.01733    0.9937000      51.48
   1206.01892    0.9941300      51.50
   1206.02063    0.9943400      51.51
   1206.02234    0.9939900      51.49
   1206.02405    0.9936300      51.47
   1206.02576    0.9938100      51.48
   1206.02734    0.9942200      51.50
   1206.02905    0.9942200      51.50
   1206.03076    0.9939000      51.48
   1206.03247    0.9938300      51.48
   1206.03406    0.9939600      51.49
   1206.03577    0.9937000      51.47
   1206.03748    0.9931700      51.45
   1206.03918    0.9930800      51.44
   1206.04077    0.9934400      51.46
   1206.04248    0.9932600      51.45
   1206.04419    0.9922200      51.40
   1206.04590    0.9912800      51.35
   1206.04749    0.9910300      51.33
   1206.04919    0.9905900      51.31
   1206.05090    0.9892000      51.24
   1206.05261    0.9876400      51.16
   1206.05420    0.9867200      51.11
   1206.05591    0.9856900      51.06
   1206.05762    0.9836200      50.95
   1206.05933    0.9815500      50.84
   1206.06091    0.9810300      50.82
   1206.06262    0.9812300      50.83
   1206.06433    0.9800000      50.76
   1206.06604    0.9777200      50.64
   1206.06763    0.9768300      50.60
   1206.06934    0.9773500      50.62
   1206.07104    0.9763900      50.57
   1206.07275    0.9732500      50.41
   1206.07434    0.9710900      50.30
   1206.07605    0.9711600      50.30
   1206.07776    0.9696500      50.22
   1206.07947    0.9640000      49.93
   1206.08118    0.9583200      49.64
   1206.08276    0.9561300      49.52
   1206.08447    0.9501800      49.22
   1206.08618    0.9292200      48.13
   1206.08789    0.8971100      46.47
   1206.08948    0.8759600      45.37
   1206.09119    0.8836300      45.77
   1206.09290    0.9128800      47.28
   1206.09460    0.9402200      48.70
   1206.09619    0.9523200      49.32
   1206.09790    0.9556700      49.50
   1206.09961    0.9611200      49.78
   1206.10132    0.9689800      50.19
   1206.10291    0.9732800      50.41
   1206.10461    0.9733200      50.41
   1206.10632    0.9738100      50.44
   1206.10803    0.9765400      50.58
   1206.10962    0.9785600      50.68
   1206.11133    0.9781100      50.66
   1206.11304    0.9772700      50.62
   1206.11475    0.9778000      50.64
   1206.11633    0.9784000      50.67
   1206.11804    0.9776200      50.63
   1206.11975    0.9765200      50.58
   1206.12146    0.9765500      50.58
   1206.12305    0.9770200      50.60
   1206.12476    0.9765000      50.57
   1206.12646    0.9751800      50.51
   1206.12817    0.9740600      50.45
   1206.12988    0.9730500      50.40
   1206.13147    0.9714000      50.31
   1206.13318    0.9694300      50.21
   1206.13489    0.9680200      50.13
   1206.13660    0.9669100      50.08
   1206.13818    0.9649900      49.98
   1206.13989    0.9622000      49.83
   1206.14160    0.9595800      49.70
   1206.14331    0.9573800      49.58
   1206.14490    0.9546000      49.44
   1206.14661    0.9505900      49.23
   1206.14832    0.9461300      49.00
   1206.15002    0.9420900      48.79
   1206.15161    0.9380000      48.58
   1206.15332    0.9327700      48.31
   1206.15503    0.9261000      47.96
   1206.15674    0.9185100      47.57
   1206.15833    0.9101900      47.14
   1206.16003    0.9008100      46.65
   1206.16174    0.8900000      46.09
   1206.16345    0.8775900      45.45
   1206.16504    0.8631500      44.70
   1206.16675    0.8459200      43.81
   1206.16846    0.8254400      42.75
   1206.17017    0.8016700      41.52
   1206.17188    0.7742700      40.10
   1206.17346    0.7421600      38.43
   1206.17517    0.7041000      36.46
   1206.17688    0.6596900      34.16
   1206.17859    0.6096000      31.57
   1206.18018    0.5554600      28.77
   1206.18188    0.5002700      25.91
   1206.18359    0.4494600      23.28
   1206.18530    0.4107000      21.27
   1206.18689    0.3915500      20.28
   1206.18860    0.3959000      20.50
   1206.19031    0.4221700      21.86
   1206.19202    0.4644100      24.05
   1206.19360    0.5152800      26.68
   1206.19531    0.5685700      29.44
   1206.19702    0.6200600      32.11
   1206.19873    0.6673400      34.56
   1206.20032    0.7093500      36.73
   1206.20203    0.7459300      38.63
   1206.20374    0.7774400      40.26
   1206.20544    0.8044200      41.66
   1206.20703    0.8275200      42.85
   1206.20874    0.8473400      43.88
   1206.21045    0.8641900      44.75
   1206.21216    0.8781400      45.47
   1206.21387    0.8894700      46.06
   1206.21545    0.8990200      46.55
   1206.21716    0.9078000      47.01
   1206.21887    0.9162900      47.45
   1206.22058    0.9242000      47.86
   1206.22217    0.9311000      48.22
   1206.22388    0.9369800      48.52
   1206.22559    0.9421400      48.79
   1206.22729    0.9467200      49.02
   1206.22888    0.9507400      49.23
   1206.23059    0.9543600      49.42
   1206.23230    0.9576700      49.59
   1206.23401    0.9604600      49.73
   1206.23560    0.9624800      49.84
   1206.23730    0.9639900      49.92
   1206.23901    0.9657100      50.01
   1206.24072    0.9678600      50.12
   1206.24231    0.9699000      50.22
   1206.24402    0.9713800      50.30
   1206.24573    0.9726200      50.36
   1206.24744    0.9741800      50.44
   1206.24915    0.9759000      50.53
   1206.25073    0.9771200      50.60
   1206.25244    0.9777200      50.63
   1206.25415    0.9782200      50.65
   1206.25586    0.9788500      50.68
   1206.25745    0.9792700      50.71
   1206.25916    0.9793200      50.71
   1206.26086    0.9794400      50.71
   1206.26257    0.9799700      50.74
   1206.26416    0.9805200      50.77
   1206.26587    0.9805700      50.77
   1206.26758    0.9802700      50.76
   1206.26929    0.9801700      50.75
   1206.27087    0.9803200      50.76
   1206.27258    0.9804500      50.77
   1206.27429    0.9805700      50.77
   1206.27600    0.9809400      50.79
   1206.27771    0.9814400      50.82
   1206.27930    0.9816300      50.83
   1206.28101    0.9814600      50.82
   1206.28271    0.9813500      50.81
   1206.28442    0.9814000      50.81
   1206.28601    0.9812000      50.80
   1206.28772    0.9804800      50.77
   1206.28943    0.9796900      50.73
   1206.29114    0.9795300      50.72
   1206.29272    0.9802000      50.75
   1206.29443    0.9812800      50.81
   1206.29614    0.9821800      50.85
   1206.29785    0.9826500      50.88
   1206.29944    0.9830300      50.90
   1206.30115    0.9838000      50.94
   1206.30286    0.9849000      50.99
   1206.30457    0.9856900      51.03
   1206.30615    0.9860000      51.05
   1206.30786    0.9865500      51.08
   1206.30957    0.9878200      51.14
   1206.31128    0.9889800      51.20
   1206.31299    0.9890200      51.21
   1206.31458    0.9885400      51.18
   1206.31628    0.9888600      51.20
   1206.31799    0.9897400      51.24
   1206.31970    0.9895100      51.23
   1206.32129    0.9878700      51.15
   1206.32300    0.9863300      51.07
   1206.32471    0.9853600      51.02
   1206.32642    0.9833700      50.91
   1206.32800    0.9796300      50.72
   1206.32971    0.9758700      50.52
   1206.33142    0.9729300      50.37
   1206.33313    0.9684800      50.14
   1206.33472    0.9609500      49.75
   1206.33643    0.9531800      49.35
   1206.33813    0.9482100      49.09
   1206.33984    0.9434100      48.84
   1206.34155    0.9344100      48.38
   1206.34314    0.9239600      47.84
   1206.34485    0.9187600      47.57
   1206.34656    0.9157700      47.41
   1206.34827    0.9008700      46.64
   1206.34985    0.8687900      44.98
   1206.35156    0.8382600      43.40
   1206.35327    0.8362000      43.29
   1206.35498    0.8672700      44.90
   1206.35657    0.9083200      47.02
   1206.35828    0.9350900      48.41
   1206.35999    0.9455200      48.95
   1206.36169    0.9522700      49.30
   1206.36328    0.9614300      49.77
   1206.36499    0.9678600      50.11
   1206.36670    0.9679600      50.11
   1206.36841    0.9661400      50.02
   1206.37012    0.9670600      50.06
   1206.37170    0.9690600      50.17
   1206.37341    0.9688200      50.16
   1206.37512    0.9675600      50.09
   1206.37683    0.9684900      50.14
   1206.37842    0.9712500      50.28
   1206.38013    0.9730500      50.37
   1206.38184    0.9735200      50.40
   1206.38354    0.9748400      50.47
   1206.38513    0.9777300      50.62
   1206.38684    0.9804800      50.76
   1206.38855    0.9820900      50.84
   1206.39026    0.9835300      50.92
   1206.39185    0.9855400      51.02
   1206.39355    0.9872800      51.11
   1206.39526    0.9880200      51.15
   1206.39697    0.9884000      51.17
   1206.39868    0.9892000      51.21
   1206.40027    0.9900700      51.25
   1206.40198    0.9905200      51.28
   1206.40369    0.9909500      51.30
   1206.40540    0.9919300      51.35
   1206.40698    0.9930100      51.40
   1206.40869    0.9934100      51.43
   1206.41040    0.9932100      51.41
   1206.41211    0.9930700      51.41
   1206.41370    0.9931100      51.41
   1206.41541    0.9928800      51.40
   1206.41711    0.9921100      51.36
   1206.41882    0.9910900      51.30
   1206.42041    0.9900700      51.25
   1206.42212    0.9892500      51.21
   1206.42383    0.9889800      51.19
   1206.42554    0.9895600      51.22
   1206.42725    0.9905700      51.28
   1206.42883    0.9911200      51.30
   1206.43054    0.9908600      51.29
   1206.43225    0.9904200      51.27
   1206.43396    0.9904900      51.27
   1206.43555    0.9910000      51.30
   1206.43726    0.9914900      51.32
   1206.43896    0.9918800      51.34
   1206.44067    0.9924300      51.37
   1206.44226    0.9931900      51.41
   1206.44397    0.9938400      51.44
   1206.44568    0.9941900      51.46
   1206.44739    0.9944600      51.48
   1206.44910    0.9949700      51.50
   1206.45068    0.9956200      51.54
   1206.45239    0.9960000      51.56
   1206.45410    0.9959400      51.55
   1206.45581    0.9957200      51.54
   1206.45740    0.9957700      51.54
   1206.45911    0.9961700      51.56
   1206.46082    0.9965400      51.58
   1206.46252    0.9964900      51.58
   1206.46411    0.9959600      51.55
   1206.46582    0.9952100      51.51
   1206.46753    0.9945900      51.48
   1206.46924    0.9941500      51.46
   1206.47083    0.9937100      51.43
   1206.47253    0.9931100      51.40
   1206.47424    0.9924700      51.37
   1206.47595    0.9920500      51.35
   1206.47766    0.9918500      51.34
   1206.47925    0.9914000      51.31
   1206.48096    0.9903400      51.26
   1206.48267    0.9890200      51.19
   1206.48438    0.9883200      51.15
   1206.48596    0.9886600      51.17
   1206.48767    0.9895400      51.22
   1206.48938    0.9902200      51.25
   1206.49109    0.9905400      51.27
   1206.49268    0.9907800      51.28
   1206.49438    0.9908700      51.29
   1206.49609    0.9905600      51.27
   1206.49780    0.9900500      51.24
   1206.49951    0.9900700      51.24
   1206.50110    0.9909700      51.29
   1206.50281    0.9921600      51.35
   1206.50452    0.9928100      51.39
   1206.50623    0.9928300      51.39
   1206.50781    0.9927400      51.38
   1206.50952    0.9929400      51.39
   1206.51123    0.9934000      51.42
   1206.51294    0.9939000      51.44
   1206.51453    0.9942800      51.46
   1206.51624    0.9944500      51.47
   1206.51794    0.9944700      51.47
   1206.51965    0.9945700      51.48
   1206.52136    0.9948900      51.49
   1206.52295    0.9952500      51.51
   1206.52466    0.9954100      51.52
   1206.52637    0.9953800      51.52
   1206.52808    0.9953800      51.52
   1206.52966    0.9954400      51.52
   1206.53137    0.9954500      51.52
   1206.53308    0.9954400      51.52
   1206.53479    0.9955800      51.53
   1206.53638    0.9958400      51.54
   1206.53809    0.9959800      51.55
   1206.53979    0.9959400      51.54
   1206.54150    0.9957700      51.54
   1206.54321    0.9953300      51.51
   1206.54480    0.9943500      51.46
   1206.54651    0.9930100      51.39
   1206.54822    0.9919600      51.34
   1206.54993    0.9916100      51.32
   1206.55151    0.9916000      51.32
   1206.55322    0.9913400      51.30
   1206.55493    0.9907400      51.27
   1206.55664    0.9902000      51.25
   1206.55823    0.9900200      51.24
   1206.55994    0.9900700      51.24
   1206.56165    0.9900700      51.24
   1206.56335    0.9898000      51.22
   1206.56506    0.9894800      51.21
   1206.56665    0.9896300      51.22
   1206.56836    0.9903700      51.25
   1206.57007    0.9910100      51.29
   1206.57178    0.9908400      51.28
   1206.57336    0.9902400      51.25
   1206.57507    0.9902400      51.25
   1206.57678    0.9907900      51.27
   1206.57849    0.9906700      51.27
   1206.58008    0.9895700      51.21
   1206.58179    0.9887300      51.17
   1206.58350    0.9888200      51.17
   1206.58521    0.9885700      51.16
   1206.58691    0.9870200      51.08
   1206.58850    0.9856800      51.01
   1206.59021    0.9862500      51.04
   1206.59192    0.9874900      51.10
   1206.59363    0.9870100      51.08
   1206.59521    0.9854700      51.00
   1206.59692    0.9856800      51.01
   1206.59863    0.9875200      51.10
   1206.60034    0.9877100      51.11
   1206.60193    0.9855200      51.00
   1206.60364    0.9845000      50.95
   1206.60535    0.9862200      51.04
   1206.60706    0.9868100      51.07
   1206.60876    0.9833900      50.89
   1206.61035    0.9795600      50.69
   1206.61206    0.9792400      50.67
   1206.61377    0.9786900      50.64
   1206.61548    0.9720000      50.30
   1206.61707    0.9622300      49.79
   1206.61877    0.9567700      49.51
   1206.62048    0.9507000      49.20
   1206.62219    0.9273200      47.99
   1206.62378    0.8831300      45.70
   1206.62549    0.8431200      43.63
   1206.62720    0.8384300      43.39
   1206.62891    0.8710000      45.07
   1206.63062    0.9120400      47.19
   1206.63220    0.9357400      48.42
   1206.63391    0.9432500      48.81
   1206.63562    0.9498400      49.15
   1206.63733    0.9605600      49.70
   1206.63892    0.9683100      50.11
   1206.64062    0.9694900      50.17
   1206.64233    0.9694200      50.16
   1206.64404    0.9724000      50.32
   1206.64563    0.9757600      50.49
   1206.64734    0.9762700      50.52
   1206.64905    0.9758200      50.49
   1206.65076    0.9772000      50.56
   1206.65247    0.9790400      50.66
   1206.65405    0.9786300      50.64
   1206.65576    0.9768100      50.54
   1206.65747    0.9761600      50.51
   1206.65918    0.9765000      50.53
   1206.66077    0.9756900      50.49
   1206.66248    0.9737000      50.38
   1206.66418    0.9725000      50.32
   1206.66589    0.9724600      50.32
   1206.66760    0.9717700      50.28
   1206.66919    0.9696700      50.17
   1206.67090    0.9675300      50.06
   1206.67261    0.9662700      50.00
   1206.67432    0.9649200      49.93
   1206.67590    0.9625900      49.81
   1206.67761    0.9599700      49.67
   1206.67932    0.9578300      49.56
   1206.68103    0.9555200      49.44
   1206.68262    0.9521900      49.27
   1206.68433    0.9483000      49.07
   1206.68604    0.9447800      48.88
   1206.68774    0.9413300      48.71
   1206.68945    0.9368600      48.47
   1206.69104    0.9310500      48.17
   1206.69275    0.9244700      47.83
   1206.69446    0.9172600      47.46
   1206.69617    0.9088000      47.02
   1206.69775    0.8986600      46.50
   1206.69946    0.8868600      45.89
   1206.70117    0.8731000      45.17
   1206.70288    0.8564600      44.31
   1206.70459    0.8362000      43.26
   1206.70618    0.8121100      42.02
   1206.70789    0.7838900      40.56
   1206.70959    0.7507300      38.84
   1206.71130    0.7119900      36.84
   1206.71289    0.6680700      34.57
   1206.71460    0.6204800      32.10
   1206.71631    0.5719500      29.59
   1206.71802    0.5273200      27.28
   1206.71960    0.4937700      25.55
   1206.72131    0.4785900      24.76
   1206.72302    0.4854000      25.11
   1206.72473    0.5122100      26.50
   1206.72644    0.5529100      28.61
   1206.72803    0.6005400      31.07
   1206.72974    0.6493700      33.60
   1206.73145    0.6954400      35.98
   1206.73315    0.7365000      38.10
   1206.73474    0.7719400      39.94
   1206.73645    0.8022800      41.51
   1206.73816    0.8281700      42.85
   1206.73987    0.8499300      43.97
   1206.74158    0.8679400      44.90
   1206.74316    0.8829400      45.68
   1206.74487    0.8957200      46.34
   1206.74658    0.9067000      46.91
   1206.74829    0.9160900      47.39
   1206.74988    0.9242300      47.82
   1206.75159    0.9313900      48.19
   1206.75330    0.9375600      48.50
   1206.75500    0.9427300      48.77
   1206.75659    0.9472600      49.01
   1206.75830    0.9515000      49.23
   1206.76001    0.9552200      49.42
   1206.76172    0.9580100      49.56
   1206.76343    0.9602300      49.68
   1206.76501    0.9627800      49.81
   1206.76672    0.9658000      49.96
   1206.76843    0.9682800      50.09
   1206.77014    0.9694800      50.15
   1206.77173    0.9700300      50.18
   1206.77344    0.9710800      50.24
   1206.77515    0.9726900      50.32
   1206.77686    0.9738600      50.38
   1206.77856    0.9740900      50.39
   1206.78015    0.9740000      50.39
   1206.78186    0.9743000      50.40
   1206.78357    0.9748800      50.43
   1206.78528    0.9753500      50.46
   1206.78687    0.9757300      50.48
   1206.78857    0.9762400      50.50
   1206.79028    0.9767100      50.53
   1206.79199    0.9767700      50.53
   1206.79370    0.9765600      50.52
   1206.79529    0.9766400      50.52
   1206.79700    0.9771800      50.55
   1206.79871    0.9778500      50.59
   1206.80042    0.9784800      50.62
   1206.80200    0.9793000      50.66
   1206.80371    0.9804900      50.72
   1206.80542    0.9815800      50.78
   1206.80713    0.9820500      50.80
   1206.80872    0.9820800      50.80
   1206.81042    0.9823900      50.82
   1206.81213    0.9833100      50.87
   1206.81384    0.9843000      50.92
   1206.81555    0.9847500      50.94
   1206.81714    0.9847100      50.94
   1206.81885    0.9847700      50.94
   1206.82056    0.9852100      50.96
   1206.82227    0.9857900      50.99
   1206.82385    0.9861500      51.01
   1206.82556    0.9861800      51.01
   1206.82727    0.9859600      51.00
   1206.82898    0.9857600      50.99
   1206.83069    0.9858900      51.00
   1206.83228    0.9863600      51.02
   1206.83398    0.9867400      51.04
   1206.83569    0.9865600      51.03
   1206.83740    0.9860400      51.01
   1206.83899    0.9858000      50.99
   1206.84070    0.9859500      51.00
   1206.84241    0.9858800      51.00
   1206.84412    0.9852800      50.97
   1206.84583    0.9846100      50.93
   1206.84741    0.9841800      50.91
   1206.84912    0.9835200      50.87
   1206.85083    0.9823100      50.81
   1206.85254    0.9811000      50.75
   1206.85413    0.9802700      50.71
   1206.85583    0.9790500      50.64
   1206.85754    0.9766400      50.52
   1206.85925    0.9736800      50.36
   1206.86096    0.9712300      50.24
   1206.86255    0.9686700      50.10
   1206.86426    0.9644400      49.89
   1206.86597    0.9586300      49.58
   1206.86768    0.9527800      49.28
   1206.86926    0.9470400      48.99
   1206.87097    0.9398500      48.61
   1206.87268    0.9314900      48.18
   1206.87439    0.9253000      47.86
   1206.87610    0.9237800      47.78
   1206.87769    0.9256700      47.88
   1206.87939    0.9287700      48.04
   1206.88110    0.9334700      48.28
   1206.88281    0.9406400      48.65
   1206.88440    0.9481200      49.04
   1206.88611    0.9531000      49.30
   1206.88782    0.9566400      49.48
   1206.88953    0.9615400      49.73
   1206.89111    0.9665500      49.99
   1206.89282    0.9679300      50.06
   1206.89453    0.9664400      49.99
   1206.89624    0.9668700      50.01
   1206.89795    0.9689900      50.12
   1206.89954    0.9664300      49.99
   1206.90125    0.9577400      49.54
   1206.90295    0.9504800      49.16
   1206.90466    0.9467500      48.97
   1206.90625    0.9323100      48.22
   1206.90796    0.8936500      46.22
   1206.90967    0.8444700      43.68
   1206.91138    0.8203900      42.43
   1206.91309    0.8410100      43.50
   1206.91467    0.8872500      45.89
   1206.91638    0.9243900      47.81
   1206.91809    0.9394000      48.59
   1206.91980    0.9453700      48.89
   1206.92139    0.9552200      49.40
   1206.92310    0.9659000      49.96
   1206.92480    0.9700000      50.17
   1206.92651    0.9697800      50.16
   1206.92822    0.9721600      50.28
   1206.92981    0.9771800      50.54
   1206.93152    0.9797000      50.67
   1206.93323    0.9788800      50.63
   1206.93494    0.9788000      50.62
   1206.93652    0.9808600      50.73
   1206.93823    0.9819200      50.78
   1206.93994    0.9802400      50.70
   1206.94165    0.9781400      50.59
   1206.94336    0.9776400      50.56
   1206.94495    0.9776300      50.56
   1206.94666    0.9769900      50.53
   1206.94836    0.9771600      50.54
   1206.95007    0.9795500      50.66
   1206.95166    0.9827100      50.82
   1206.95337    0.9845000      50.92
   1206.95508    0.9851600      50.95
   1206.95679    0.9862300      51.00
   1206.95850    0.9877100      51.08
   1206.96008    0.9882900      51.11
   1206.96179    0.9878600      51.09
   1206.96350    0.9875900      51.07
   1206.96521    0.9879500      51.09
   1206.96692    0.9882400      51.11
   1206.96851    0.9881800      51.10
   1206.97021    0.9883900      51.11
   1206.97192    0.9891000      51.15
   1206.97363    0.9897000      51.18
   1206.97522    0.9898100      51.19
   1206.97693    0.9898800      51.19
   1206.97864    0.9901900      51.21
   1206.98035    0.9902500      51.21
   1206.98206    0.9897700      51.19
   1206.98364    0.9893400      51.16
   1206.98535    0.9895300      51.17
   1206.98706    0.9899500      51.19
   1206.98877    0.9898800      51.19
   1206.99036    0.9893600      51.16
   1206.99207    0.9889300      51.14
   1206.99377    0.9886800      51.13
   1206.99548    0.9882400      51.10
   1206.99719    0.9876200      51.07
   1206.99878    0.9872500      51.05
   1207.00049    0.9871500      51.05
   1207.00220    0.9867800      51.03
   1207.00391    0.9858900      50.98
   1207.00549    0.9850300      50.94
   1207.00720    0.9848100      50.93
   1207.00891    0.9850100      50.94
   1207.01062    0.9849400      50.93
   1207.01233    0.9844400      50.91
   1207.01392    0.9840000      50.88
   1207.01562    0.9840000      50.88
   1207.01733    0.9841800      50.89
   1207.01904    0.9841000      50.89
   1207.02063    0.9836600      50.87
   1207.02234    0.9830600      50.83
   1207.02405    0.9823700      50.80
   1207.02576    0.9815900      50.76
   1207.02747    0.9808200      50.72
   1207.02905    0.9803100      50.69
   1207.03076    0.9800800      50.68
   1207.03247    0.9799900      50.67
   1207.03418    0.9799000      50.67
   1207.03577    0.9797400      50.66
   1207.03748    0.9793800      50.64
   1207.03918    0.9787000      50.61
   1207.04089    0.9778600      50.56
   1207.04260    0.9771300      50.53
   1207.04419    0.9764900      50.49
   1207.04590    0.9755100      50.44
   1207.04761    0.9740200      50.36
   1207.04932    0.9724400      50.28
   1207.05090    0.9712300      50.22
   1207.05261    0.9700900      50.16
   1207.05432    0.9682900      50.07
   1207.05603    0.9657600      49.94
   1207.05774    0.9633300      49.81
   1207.05933    0.9616800      49.73
   1207.06104    0.9604800      49.66
   1207.06274    0.9589100      49.58
   1207.06445    0.9567500      49.47
   1207.06604    0.9544200      49.35
   1207.06775    0.9521500      49.23
   1207.06946    0.9495900      49.10
   1207.07117    0.9463300      48.93
   1207.07288    0.9423900      48.73
   1207.07446    0.9379700      48.50
   1207.07617    0.9330000      48.24
   1207.07788    0.9273000      47.95
   1207.07959    0.9207900      47.61
   1207.08130    0.9135000      47.23
   1207.08289    0.9052700      46.81
   1207.08459    0.8958200      46.32
   1207.08630    0.8849000      45.75
   1207.08801    0.8721600      45.09
   1207.08960    0.8571000      44.32
   1207.09131    0.8392300      43.39
   1207.09302    0.8183500      42.31
   1207.09473    0.7942200      41.06
   1207.09644    0.7663000      39.62
   1207.09802    0.7338700      37.94
   1207.09973    0.6964000      36.01
   1207.10144    0.6535400      33.79
   1207.10315    0.6049500      31.28
   1207.10474    0.5507800      28.48
   1207.10645    0.4928900      25.48
   1207.10815    0.4356700      22.53
   1207.10986    0.3855700      19.94
   1207.11157    0.3498800      18.09
   1207.11316    0.3348500      17.31
   1207.11487    0.3434700      17.76
   1207.11658    0.3738500      19.33
   1207.11829    0.4198600      21.71
   1207.12000    0.4740800      24.51
   1207.12158    0.5306100      27.43
   1207.12329    0.5855900      30.28
   1207.12500    0.6362800      32.90
   1207.12671    0.6807100      35.19
   1207.12830    0.7182400      37.13
   1207.13000    0.7494000      38.74
   1207.13171    0.7750000      40.07
   1207.13342    0.7956000      41.13
   1207.13513    0.8118500      41.97
   1207.13672    0.8249300      42.65
   1207.13843    0.8364300      43.24
   1207.14014    0.8477900      43.83
   1207.14185    0.8596300      44.44
   1207.14343    0.8714300      45.05
   1207.14514    0.8820800      45.60
   1207.14685    0.8910600      46.07
   1207.14856    0.8989900      46.48
   1207.15027    0.9064900      46.86
   1207.15186    0.9131200      47.21
   1207.15356    0.9182100      47.47
   1207.15527    0.9221900      47.68
   1207.15698    0.9260600      47.88
   1207.15869    0.9296500      48.06
   1207.16028    0.9318900      48.18
   1207.16199    0.9326700      48.22
   1207.16370    0.9331900      48.24
   1207.16541    0.9340500      48.29
   1207.16699    0.9346900      48.32
   1207.16870    0.9352700      48.35
   1207.17041    0.9371100      48.45
   1207.17212    0.9402800      48.61
   1207.17383    0.9427500      48.74
   1207.17542    0.9433900      48.77
   1207.17712    0.9438000      48.79
   1207.17883    0.9452900      48.87
   1207.18054    0.9460300      48.91
   1207.18213    0.9440900      48.81
   1207.18384    0.9414000      48.67
   1207.18555    0.9409800      48.64
   1207.18726    0.9418500      48.69
   1207.18896    0.9411200      48.65
   1207.19055    0.9402100      48.60
   1207.19226    0.9430300      48.75
   1207.19397    0.9476000      48.99
   1207.19568    0.9468500      48.95
   1207.19739    0.9401500      48.60
   1207.19897    0.9353800      48.35
   1207.20068    0.9332400      48.24
   1207.20239    0.9183800      47.48
   1207.20410    0.8787500      45.43
   1207.20569    0.8309800      42.96
   1207.20740    0.8114000      41.94
   1207.20911    0.8369900      43.27
   1207.21082    0.8857900      45.79
   1207.21252    0.9231600      47.72
   1207.21411    0.9383300      48.51
   1207.21582    0.9456000      48.88
   1207.21753    0.9569700      49.47
   1207.21924    0.9682200      50.05
   1207.22095    0.9721900      50.26
   1207.22253    0.9719600      50.24
   1207.22424    0.9744100      50.37
   1207.22595    0.9790300      50.61
   1207.22766    0.9807800      50.70
   1207.22925    0.9795300      50.63
   1207.23096    0.9796500      50.64
   1207.23267    0.9821000      50.77
   1207.23438    0.9835000      50.84
   1207.23608    0.9826100      50.79
   1207.23767    0.9822300      50.77
   1207.23938    0.9839500      50.86
   1207.24109    0.9855600      50.94
   1207.24280    0.9852000      50.93
   1207.24438    0.9843400      50.88
   1207.24609    0.9848700      50.91
   1207.24780    0.9858900      50.96
   1207.24951    0.9856700      50.95
   1207.25122    0.9847400      50.90
   1207.25281    0.9846500      50.90
   1207.25452    0.9852300      50.93
   1207.25623    0.9851200      50.92
   1207.25793    0.9843100      50.88
   1207.25964    0.9840200      50.86
   1207.26123    0.9844700      50.89
   1207.26294    0.9846800      50.90
   1207.26465    0.9843800      50.88
   1207.26636    0.9845300      50.89
   1207.26794    0.9856300      50.95
   1207.26965    0.9868400      51.01
   1207.27136    0.9874200      51.04
   1207.27307    0.9877600      51.06
   1207.27478    0.9886000      51.10
   1207.27637    0.9898100      51.16
   1207.27808    0.9907600      51.21
   1207.27979    0.9912300      51.23
   1207.28149    0.9915300      51.25
   1207.28320    0.9918900      51.27
   1207.28479    0.9923600      51.29
   1207.28650    0.9929100      51.32
   1207.28821    0.9933800      51.34
   1207.28992    0.9935100      51.35
   1207.29150    0.9932900      51.34
   1207.29321    0.9931800      51.33
   1207.29492    0.9935800      51.35
   1207.29663    0.9942400      51.39
   1207.29834    0.9945300      51.40
   1207.29993    0.9942100      51.39
   1207.30164    0.9936800      51.36
   1207.30334    0.9934700      51.35
   1207.30505    0.9936500      51.36
   1207.30676    0.9939100      51.37
   1207.30835    0.9939500      51.37
   1207.31006    0.9938300      51.37
   1207.31177    0.9938000      51.36
   1207.31348    0.9939100      51.37
   1207.31506    0.9939600      51.37
   1207.31677    0.9937500      51.36
   1207.31848    0.9934300      51.34
   1207.32019    0.9932000      51.33
   1207.32190    0.9929400      51.32
   1207.32349    0.9922900      51.28
   1207.32520    0.9913600      51.24
   1207.32690    0.9907500      51.21
   1207.32861    0.9908000      51.21
   1207.33032    0.9911000      51.22
   1207.33191    0.9911500      51.23
   1207.33362    0.9910700      51.22
   1207.33533    0.9913100      51.23
   1207.33704    0.9917400      51.26
   1207.33875    0.9917800      51.26
   1207.34033    0.9913300      51.23
   1207.34204    0.9911600      51.22
   1207.34375    0.9918500      51.26
   1207.34546    0.9929200      51.32
   1207.34705    0.9934200      51.34
   1207.34875    0.9931700      51.33
   1207.35046    0.9929300      51.32
   1207.35217    0.9933800      51.34
   1207.35388    0.9942700      51.38
   1207.35547    0.9948400      51.41
   1207.35718    0.9947300      51.41
   1207.35889    0.9942500      51.38
   1207.36060    0.9939500      51.37
   1207.36230    0.9941100      51.38
   1207.36389    0.9945700      51.40
   1207.36560    0.9948600      51.41
   1207.36731    0.9946100      51.40
   1207.36902    0.9939200      51.37
   1207.37061    0.9934000      51.34
   1207.37231    0.9935200      51.34
   1207.37402    0.9940700      51.37
   1207.37573    0.9945100      51.39
   1207.37744    0.9946100      51.40
   1207.37903    0.9946100      51.40
   1207.38074    0.9946800      51.40
   1207.38245    0.9946100      51.40
   1207.38416    0.9942400      51.38
   1207.38586    0.9937700      51.36
   1207.38745    0.9934800      51.34
   1207.38916    0.9931100      51.32
   1207.39087    0.9921300      51.27
   1207.39258    0.9905400      51.19
   1207.39417    0.9887900      51.10
   1207.39587    0.9870500      51.01
   1207.39758    0.9847900      50.89
   1207.39929    0.9814500      50.72
   1207.40100    0.9771700      50.50
   1207.40259    0.9725400      50.26
   1207.40430    0.9679300      50.02
   1207.40601    0.9633100      49.78
   1207.40771    0.9588000      49.55
   1207.40942    0.9550000      49.35
   1207.41101    0.9526700      49.23
   1207.41272    0.9522000      49.21
   1207.41443    0.9533500      49.26
   1207.41614    0.9555900      49.38
   1207.41785    0.9586500      49.54
   1207.41943    0.9626900      49.75
   1207.42114    0.9678000      50.01
   1207.42285    0.9733800      50.30
   1207.42456    0.9784100      50.56
   1207.42615    0.9823100      50.76
   1207.42786    0.9853100      50.91
   1207.42957    0.9877700      51.04
   1207.43127    0.9895500      51.13
   1207.43298    0.9904000      51.18
   1207.43457    0.9905400      51.18
   1207.43628    0.9904400      51.18
   1207.43799    0.9903100      51.17
   1207.43970    0.9902400      51.17
   1207.44141    0.9906500      51.19
   1207.44299    0.9918700      51.25
   1207.44470    0.9934400      51.33
   1207.44641    0.9943700      51.38
   1207.44812    0.9944000      51.38
   1207.44983    0.9941700      51.37
   1207.45142    0.9942700      51.38
   1207.45312    0.9946500      51.40
   1207.45483    0.9950800      51.42
   1207.45654    0.9953900      51.43
   1207.45813    0.9953300      51.43
   1207.45984    0.9948000      51.40
   1207.46155    0.9943800      51.38
   1207.46326    0.9947500      51.40
   1207.46497    0.9953400      51.43
   1207.46655    0.9949700      51.41
   1207.46826    0.9938700      51.35
   1207.46997    0.9936800      51.34
   1207.47168    0.9947200      51.40
   1207.47339    0.9951800      51.42
   1207.47498    0.9940400      51.36
   1207.47668    0.9930200      51.31
   1207.47839    0.9937300      51.35
   1207.48010    0.9945600      51.39
   1207.48181    0.9932900      51.32
   1207.48340    0.9911300      51.21
   1207.48511    0.9909700      51.20
   1207.48682    0.9922300      51.27
   1207.48853    0.9917700      51.24
   1207.49011    0.9895700      51.13
   1207.49182    0.9890200      51.10
   1207.49353    0.9904500      51.17
   1207.49524    0.9897300      51.14
   1207.49695    0.9856800      50.93
   1207.49854    0.9830500      50.79
   1207.50024    0.9841000      50.85
   1207.50195    0.9829500      50.79
   1207.50366    0.9747900      50.36
   1207.50537    0.9653400      49.88
   1207.50696    0.9608700      49.65
   1207.50867    0.9515300      49.16
   1207.51038    0.9194100      47.50
   1207.51208    0.8678700      44.84
   1207.51379    0.8299300      42.88
   1207.51538    0.8358600      43.19
   1207.51709    0.8787700      45.40
   1207.51880    0.9235700      47.72
   1207.52051    0.9468300      48.92
   1207.52222    0.9549500      49.34
   1207.52380    0.9637800      49.79
   1207.52551    0.9751100      50.38
   1207.52722    0.9811000      50.69
   1207.52893    0.9810500      50.69
   1207.53052    0.9820800      50.74
   1207.53223    0.9867000      50.98
   1207.53394    0.9899900      51.15
   1207.53564    0.9892200      51.11
   1207.53735    0.9880900      51.05
   1207.53894    0.9896500      51.13
   1207.54065    0.9913800      51.22
   1207.54236    0.9903200      51.16
   1207.54407    0.9883000      51.06
   1207.54578    0.9885300      51.07
   1207.54736    0.9903100      51.16
   1207.54907    0.9907300      51.18
   1207.55078    0.9896100      51.13
   1207.55249    0.9891900      51.10
   1207.55420    0.9901100      51.15
   1207.55579    0.9908700      51.19
   1207.55750    0.9908300      51.19
   1207.55920    0.9910700      51.20
   1207.56091    0.9920800      51.25
   1207.56262    0.9929100      51.30
   1207.56421    0.9930600      51.30
   1207.56592    0.9933100      51.32
   1207.56763    0.9941300      51.36
   1207.56934    0.9947300      51.39
   1207.57092    0.9945000      51.38
   1207.57263    0.9941400      51.36
   1207.57434    0.9944600      51.37
   1207.57605    0.9951500      51.41
   1207.57776    0.9954400      51.42
   1207.57935    0.9953200      51.42
   1207.58105    0.9953300      51.42
   1207.58276    0.9955000      51.43
   1207.58447    0.9954400      51.42
   1207.58618    0.9951300      51.41
   1207.58777    0.9949700      51.40
   1207.58948    0.9950200      51.40
   1207.59119    0.9949600      51.40
   1207.59290    0.9946800      51.38
   1207.59460    0.9945200      51.38
   1207.59619    0.9947900      51.39
   1207.59790    0.9953100      51.42
   1207.59961    0.9956400      51.43
   1207.60132    0.9954500      51.42
   1207.60303    0.9948600      51.39
   1207.60461    0.9942500      51.36
   1207.60632    0.9939100      51.34
   1207.60803    0.9936600      51.33
   1207.60974    0.9931400      51.30
   1207.61145    0.9923500      51.26
   1207.61304    0.9917000      51.23
   1207.61475    0.9914000      51.21
   1207.61646    0.9911400      51.20
   1207.61816    0.9905700      51.17
   1207.61975    0.9898600      51.13
   1207.62146    0.9894000      51.11
   1207.62317    0.9892000      51.10
   1207.62488    0.9890900      51.09
   1207.62659    0.9892000      51.10
   1207.62817    0.9897600      51.13
   1207.62988    0.9905700      51.17
   1207.63159    0.9910500      51.19
   1207.63330    0.9911300      51.20
   1207.63501    0.9914100      51.21
   1207.63660    0.9921800      51.25
   1207.63831    0.9929600      51.29
   1207.64001    0.9932100      51.30
   1207.64172    0.9931100      51.30
   1207.64343    0.9932500      51.31
   1207.64502    0.9936400      51.33
   1207.64673    0.9937500      51.33
   1207.64844    0.9934500      51.32
   1207.65015    0.9932200      51.30
   1207.65186    0.9933700      51.31
   1207.65344    0.9935700      51.32
   1207.65515    0.9934400      51.31
   1207.65686    0.9931400      51.30
   1207.65857    0.9931200      51.30
   1207.66028    0.9933700      51.31
   1207.66187    0.9934200      51.31
   1207.66357    0.9930400      51.29
   1207.66528    0.9924900      51.26
   1207.66699    0.9920000      51.24
   1207.66870    0.9915000      51.21
   1207.67029    0.9908800      51.18
   1207.67200    0.9903200      51.15
   1207.67371    0.9900100      51.14
   1207.67542    0.9898400      51.13
   1207.67700    0.9895400      51.11
   1207.67871    0.9891500      51.09
   1207.68042    0.9889600      51.08
   1207.68213    0.9890200      51.08
   1207.68384    0.9889700      51.08
   1207.68542    0.9885800      51.06
   1207.68713    0.9880700      51.03
   1207.68884    0.9877800      51.02
   1207.69055    0.9877000      51.01
   1207.69226    0.9875300      51.01
   1207.69385    0.9871400      50.99
   1207.69556    0.9867500      50.97
   1207.69727    0.9865400      50.95
   1207.69897    0.9864200      50.95
   1207.70068    0.9863500      50.94
   1207.70227    0.9864800      50.95
   1207.70398    0.9870000      50.98
   1207.70569    0.9876800      51.01
   1207.70740    0.9880000      51.03
   1207.70911    0.9877100      51.01
   1207.71069    0.9870900      50.98
   1207.71240    0.9865500      50.95
   1207.71411    0.9862000      50.94
   1207.71582    0.9859200      50.92
   1207.71753    0.9856000      50.90
   1207.71912    0.9852600      50.89
   1207.72083    0.9848900      50.87
   1207.72253    0.9844000      50.84
   1207.72424    0.9837800      50.81
   1207.72595    0.9830900      50.77
   1207.72754    0.9822100      50.73
   1207.72925    0.9810900      50.67
   1207.73096    0.9799200      50.61
   1207.73267    0.9790700      50.57
   1207.73438    0.9785400      50.54
   1207.73596    0.9778700      50.50
   1207.73767    0.9766800      50.44
   1207.73938    0.9751100      50.36
   1207.74109    0.9736000      50.28
   1207.74280    0.9723600      50.22
   1207.74438    0.9711400      50.15
   1207.74609    0.9695800      50.07
   1207.74780    0.9675400      49.97
   1207.74951    0.9652300      49.85
   1207.75110    0.9630200      49.73
   1207.75281    0.9610800      49.63
   1207.75452    0.9590900      49.53
   1207.75623    0.9565900      49.40
   1207.75793    0.9536800      49.25
   1207.75952    0.9509600      49.11
   1207.76123    0.9485600      48.99
   1207.76294    0.9457200      48.84
   1207.76465    0.9417700      48.64
   1207.76636    0.9371100      48.40
   1207.76794    0.9323500      48.15
   1207.76965    0.9270700      47.88
   1207.77136    0.9202800      47.53
   1207.77307    0.9119100      47.09
   1207.77478    0.9025800      46.61
   1207.77637    0.8920600      46.07
   1207.77808    0.8790300      45.40
   1207.77979    0.8627000      44.55
   1207.78149    0.8433100      43.55
   1207.78320    0.8202600      42.36
   1207.78479    0.7911900      40.86
   1207.78650    0.7539500      38.94
   1207.78821    0.7082800      36.58
   1207.78992    0.6545700      33.80
   1207.79163    0.5923900      30.59
   1207.79321    0.5229500      27.01
   1207.79492    0.4528900      23.39
   1207.79663    0.3940900      20.35
   1207.79834    0.3589300      18.54
   1207.80005    0.3554200      18.35
   1207.80164    0.3844800      19.85
   1207.80334    0.4388300      22.66
   1207.80505    0.5049300      26.07
   1207.80676    0.5697900      29.42
   1207.80847    0.6274800      32.40
   1207.81006    0.6781200      35.02
   1207.81177    0.7213600      37.25
   1207.81348    0.7547800      38.98
   1207.81519    0.7789500      40.22
   1207.81689    0.7986500      41.24
   1207.81848    0.8160300      42.14
   1207.82019    0.8272600      42.72
   1207.82190    0.8303100      42.88
   1207.82361    0.8309900      42.91
   1207.82532    0.8334800      43.04
   1207.82690    0.8283200      42.77
   1207.82861    0.8015500      41.39
   1207.83032    0.7586100      39.17
   1207.83203    0.7280900      37.60
   1207.83374    0.7331400      37.86
   1207.83533    0.7648600      39.50
   1207.83704    0.7928800      40.94
   1207.83875    0.7988000      41.25
   1207.84045    0.7890200      40.74
   1207.84216    0.7760200      40.07
   1207.84375    0.7595600      39.22
   1207.84546    0.7318200      37.79
   1207.84717    0.6917900      35.72
   1207.84888    0.6454800      33.33
   1207.85059    0.5958700      30.77
   1207.85217    0.5421900      28.00
   1207.85388    0.4894800      25.27
   1207.85559    0.4513100      23.30
   1207.85730    0.4399000      22.71
   1207.85901    0.4567300      23.58
   1207.86060    0.4944500      25.53
   1207.86230    0.5441300      28.10
   1207.86401    0.5983500      30.90
   1207.86572    0.6506500      33.60
   1207.86743    0.6965000      35.96
   1207.86902    0.7350300      37.95
   1207.87073    0.7677800      39.64
   1207.87244    0.7959700      41.10
   1207.87415    0.8200600      42.34
   1207.87585    0.8409400      43.42
   1207.87744    0.8596500      44.39
   1207.87915    0.8760800      45.23
   1207.88086    0.8894200      45.92
   1207.88257    0.9000000      46.47
   1207.88428    0.9092600      46.95
   1207.88586    0.9178500      47.39
   1207.88757    0.9251100      47.77
   1207.88928    0.9305800      48.05
   1207.89099    0.9350000      48.28
   1207.89270    0.9392800      48.50
   1207.89429    0.9434700      48.71
   1207.89600    0.9473000      48.91
   1207.89771    0.9509500      49.10
   1207.89941    0.9545700      49.29
   1207.90112    0.9578100      49.45
   1207.90271    0.9603700      49.58
   1207.90442    0.9625800      49.70
   1207.90613    0.9649500      49.82
   1207.90784    0.9672500      49.94
   1207.90955    0.9689900      50.03
   1207.91113    0.9703000      50.10
   1207.91284    0.9718500      50.18
   1207.91455    0.9737700      50.28
   1207.91626    0.9754700      50.36
   1207.91797    0.9765800      50.42
   1207.91956    0.9774500      50.47
   1207.92126    0.9785300      50.52
   1207.92297    0.9795900      50.58
   1207.92468    0.9801700      50.61
   1207.92639    0.9803200      50.61
   1207.92798    0.9806300      50.63
   1207.92969    0.9813500      50.67
   1207.93140    0.9821300      50.71
   1207.93311    0.9825100      50.73
   1207.93481    0.9825700      50.73
   1207.93640    0.9828000      50.74
   1207.93811    0.9834700      50.77
   1207.93982    0.9843000      50.82
   1207.94153    0.9849300      50.85
   1207.94324    0.9853000      50.87
   1207.94482    0.9856600      50.89
   1207.94653    0.9861200      50.91
   1207.94824    0.9865000      50.93
   1207.94995    0.9866200      50.94
   1207.95166    0.9866000      50.93
   1207.95325    0.9867300      50.94
   1207.95496    0.9871700      50.96
   1207.95667    0.9877200      50.99
   1207.95837    0.9880800      51.01
   1207.96008    0.9881100      51.01
   1207.96167    0.9879200      51.00
   1207.96338    0.9876400      50.99
   1207.96509    0.9873400      50.97
   1207.96680    0.9869600      50.95
   1207.96851    0.9865100      50.93
   1207.97009    0.9860900      50.91
   1207.97180    0.9857000      50.89
   1207.97351    0.9851600      50.86
   1207.97522    0.9843500      50.82
   1207.97693    0.9835100      50.77
   1207.97852    0.9830400      50.75
   1207.98022    0.9829600      50.74
   1207.98193    0.9828600      50.74
   1207.98364    0.9824500      50.72
   1207.98535    0.9820000      50.69
   1207.98694    0.9819700      50.69
   1207.98865    0.9823500      50.71
   1207.99036    0.9827600      50.73
   1207.99207    0.9830400      50.75
   1207.99377    0.9834300      50.77
   1207.99536    0.9841800      50.81
   1207.99707    0.9850800      50.85
   1207.99878    0.9857000      50.88
   1208.00049    0.9858200      50.89
   1208.00220    0.9856000      50.88
   1208.00378    0.9854000      50.87
   1208.00549    0.9854900      50.87
   1208.00720    0.9857800      50.89
   1208.00891    0.9858600      50.89
   1208.01062    0.9854500      50.87
   1208.01221    0.9848500      50.84
   1208.01392    0.9845700      50.82
   1208.01562    0.9845400      50.82
   1208.01733    0.9839600      50.79
   1208.01904    0.9823100      50.71
   1208.02063    0.9800600      50.59
   1208.02234    0.9779500      50.48
   1208.02405    0.9758600      50.37
   1208.02576    0.9729100      50.22
   1208.02747    0.9686800      50.00
   1208.02905    0.9637300      49.75
   1208.03076    0.9587000      49.49
   1208.03247    0.9535300      49.22
   1208.03418    0.9478400      48.93
   1208.03589    0.9417500      48.61
   1208.03748    0.9359600      48.31
   1208.03918    0.9310600      48.06
   1208.04089    0.9274200      47.87
   1208.04260    0.9253700      47.77
   1208.04431    0.9252000      47.76
   1208.04590    0.9267700      47.84
   1208.04761    0.9295200      47.98
   1208.04932    0.9330600      48.16
   1208.05103    0.9374100      48.39
   1208.05273    0.9425600      48.65
   1208.05432    0.9481100      48.94
   1208.05603    0.9533900      49.21
   1208.05774    0.9580000      49.45
   1208.05945    0.9619300      49.65
   1208.06116    0.9653500      49.83
   1208.06287    0.9683600      49.98
   1208.06445    0.9709000      50.11
   1208.06616    0.9727900      50.21
   1208.06787    0.9738900      50.27
   1208.06958    0.9743800      50.29
   1208.07129    0.9748000      50.32
   1208.07288    0.9755800      50.36
   1208.07458    0.9765500      50.41
   1208.07629    0.9772100      50.44
   1208.07800    0.9774700      50.45
   1208.07971    0.9777500      50.47
   1208.08130    0.9782200      50.49
   1208.08301    0.9783800      50.50
   1208.08472    0.9777800      50.47
   1208.08643    0.9768900      50.42
   1208.08813    0.9766100      50.41
   1208.08972    0.9770000      50.43
   1208.09143    0.9771300      50.43
   1208.09314    0.9764900      50.40
   1208.09485    0.9757900      50.36
   1208.09656    0.9756900      50.36
   1208.09814    0.9755900      50.35
   1208.09985    0.9745200      50.30
