   1280.00000    0.9501800      43.40
   1280.00183    0.9501400      43.39
   1280.00378    0.9511500      43.44
   1280.00562    0.9524700      43.50
   1280.00757    0.9523800      43.50
   1280.00940    0.9511400      43.44
   1280.01135    0.9508000      43.42
   1280.01318    0.9517300      43.47
   1280.01514    0.9518400      43.47
   1280.01697    0.9503800      43.40
   1280.01892    0.9496000      43.37
   1280.02075    0.9507800      43.42
   1280.02271    0.9516500      43.46
   1280.02454    0.9502400      43.40
   1280.02649    0.9487000      43.33
   1280.02832    0.9495900      43.37
   1280.03027    0.9510100      43.43
   1280.03210    0.9498300      43.38
   1280.03406    0.9476800      43.28
   1280.03589    0.9482000      43.30
   1280.03784    0.9499100      43.38
   1280.03967    0.9483300      43.31
   1280.04163    0.9446500      43.14
   1280.04346    0.9445200      43.13
   1280.04541    0.9474300      43.27
   1280.04724    0.9462900      43.22
   1280.04919    0.9401100      42.93
   1280.05103    0.9372300      42.80
   1280.05298    0.9405900      42.95
   1280.05481    0.9406200      42.96
   1280.05676    0.9312700      42.53
   1280.05859    0.9222800      42.12
   1280.06055    0.9223000      42.12
   1280.06238    0.9199100      42.01
   1280.06433    0.8999500      41.10
   1280.06616    0.8712900      39.79
   1280.06812    0.8513400      38.88
   1280.06995    0.8221700      37.55
   1280.07190    0.7374000      33.67
   1280.07373    0.5943100      27.14
   1280.07568    0.4728500      21.59
   1280.07751    0.4663000      21.29
   1280.07947    0.5783800      26.41
   1280.08130    0.7198200      32.87
   1280.08325    0.8083700      36.91
   1280.08508    0.8418200      38.44
   1280.08704    0.8641300      39.46
   1280.08887    0.8940700      40.83
   1280.09082    0.9153400      41.80
   1280.09265    0.9186800      41.95
   1280.09460    0.9185000      41.94
   1280.09644    0.9266800      42.32
   1280.09839    0.9355900      42.72
   1280.10022    0.9357200      42.73
   1280.10217    0.9323400      42.57
   1280.10400    0.9345000      42.67
   1280.10596    0.9396300      42.91
   1280.10779    0.9402200      42.93
   1280.10974    0.9376300      42.82
   1280.11157    0.9386200      42.86
   1280.11353    0.9431500      43.07
   1280.11536    0.9452800      43.16
   1280.11731    0.9438900      43.10
   1280.11914    0.9436200      43.09
   1280.12109    0.9460000      43.20
   1280.12292    0.9472200      43.25
   1280.12488    0.9455900      43.18
   1280.12671    0.9443300      43.12
   1280.12866    0.9454900      43.17
   1280.13049    0.9464900      43.22
   1280.13245    0.9451100      43.16
   1280.13428    0.9434000      43.08
   1280.13623    0.9440000      43.10
   1280.13806    0.9458700      43.19
   1280.14001    0.9465700      43.22
   1280.14185    0.9462500      43.21
   1280.14380    0.9465500      43.22
   1280.14563    0.9474300      43.26
   1280.14758    0.9476800      43.27
   1280.14941    0.9475000      43.26
   1280.15137    0.9481000      43.29
   1280.15320    0.9493000      43.35
   1280.15515    0.9498400      43.37
   1280.15698    0.9495900      43.36
   1280.15894    0.9496100      43.36
   1280.16077    0.9501700      43.38
   1280.16272    0.9504000      43.39
   1280.16455    0.9500600      43.38
   1280.16650    0.9499600      43.37
   1280.16833    0.9505400      43.40
   1280.17029    0.9512000      43.43
   1280.17212    0.9514600      43.44
   1280.17407    0.9515700      43.45
   1280.17590    0.9516000      43.45
   1280.17786    0.9510100      43.42
   1280.17969    0.9498400      43.37
   1280.18164    0.9491200      43.33
   1280.18347    0.9495400      43.35
   1280.18542    0.9503100      43.39
   1280.18726    0.9503400      43.39
   1280.18921    0.9498300      43.37
   1280.19104    0.9498100      43.37
   1280.19299    0.9504500      43.39
   1280.19482    0.9508600      43.41
   1280.19678    0.9505000      43.40
   1280.19861    0.9499100      43.37
   1280.20056    0.9497200      43.36
   1280.20239    0.9497500      43.36
   1280.20435    0.9495000      43.35
   1280.20618    0.9490000      43.33
   1280.20813    0.9486300      43.31
   1280.20996    0.9484700      43.30
   1280.21191    0.9483700      43.30
   1280.21375    0.9484700      43.30
   1280.21570    0.9490400      43.33
   1280.21753    0.9498200      43.36
   1280.21948    0.9501200      43.38
   1280.22131    0.9497900      43.36
   1280.22327    0.9495300      43.35
   1280.22510    0.9499100      43.37
   1280.22705    0.9505900      43.40
   1280.22888    0.9508800      43.41
   1280.23083    0.9506700      43.40
   1280.23267    0.9504400      43.39
   1280.23462    0.9503700      43.39
   1280.23645    0.9501200      43.38
   1280.23840    0.9495600      43.35
   1280.24023    0.9491100      43.33
   1280.24219    0.9491200      43.33
   1280.24402    0.9494400      43.35
   1280.24597    0.9496500      43.35
   1280.24780    0.9497100      43.36
   1280.24976    0.9497500      43.36
   1280.25159    0.9497600      43.36
   1280.25354    0.9495400      43.35
   1280.25537    0.9491900      43.33
   1280.25732    0.9490500      43.33
   1280.25916    0.9492900      43.34
   1280.26111    0.9496300      43.35
   1280.26294    0.9496900      43.36
   1280.26489    0.9495600      43.35
   1280.26672    0.9496500      43.35
   1280.26868    0.9500500      43.37
   1280.27051    0.9503300      43.38
   1280.27246    0.9501400      43.37
   1280.27429    0.9499000      43.36
   1280.27625    0.9502400      43.38
   1280.27808    0.9508900      43.41
   1280.28003    0.9509500      43.41
   1280.28186    0.9502000      43.38
   1280.28381    0.9495500      43.35
   1280.28564    0.9495600      43.35
   1280.28760    0.9495500      43.35
   1280.28943    0.9489300      43.32
   1280.29138    0.9484200      43.30
   1280.29321    0.9488300      43.31
   1280.29517    0.9493600      43.34
   1280.29700    0.9486900      43.31
   1280.29895    0.9474500      43.25
   1280.30078    0.9474600      43.25
   1280.30273    0.9487100      43.31
   1280.30457    0.9491800      43.33
   1280.30652    0.9482800      43.29
   1280.30835    0.9477600      43.26
   1280.31030    0.9484100      43.29
   1280.31213    0.9483800      43.29
   1280.31409    0.9466300      43.21
   1280.31592    0.9453700      43.15
   1280.31787    0.9464300      43.20
   1280.31970    0.9477200      43.26
   1280.32166    0.9465800      43.21
   1280.32349    0.9446000      43.12
   1280.32544    0.9448200      43.13
   1280.32727    0.9458300      43.17
   1280.32922    0.9438900      43.09
   1280.33105    0.9402300      42.92
   1280.33301    0.9396700      42.89
   1280.33484    0.9413300      42.97
   1280.33679    0.9382800      42.83
   1280.33862    0.9294800      42.43
   1280.34058    0.9228000      42.12
   1280.34241    0.9192600      41.96
   1280.34436    0.9030800      41.22
   1280.34619    0.8610800      39.30
   1280.34814    0.8096700      36.96
   1280.34998    0.7867400      35.91
   1280.35193    0.8111100      37.02
   1280.35376    0.8607700      39.29
   1280.35571    0.8988300      41.03
   1280.35754    0.9123600      41.64
   1280.35950    0.9157000      41.80
   1280.36133    0.9227900      42.12
   1280.36328    0.9311800      42.50
   1280.36511    0.9338600      42.63
   1280.36707    0.9329700      42.58
   1280.36902    0.9347400      42.67
   1280.37085    0.9388100      42.85
   1280.37280    0.9404900      42.93
   1280.37463    0.9396000      42.89
   1280.37659    0.9401400      42.91
   1280.37842    0.9428800      43.04
   1280.38037    0.9444600      43.11
   1280.38220    0.9435600      43.07
   1280.38416    0.9427800      43.03
   1280.38599    0.9438200      43.08
   1280.38794    0.9449800      43.13
   1280.38977    0.9447700      43.12
   1280.39172    0.9444400      43.11
   1280.39355    0.9453200      43.15
   1280.39551    0.9463900      43.19
   1280.39734    0.9463400      43.19
   1280.39929    0.9459000      43.17
   1280.40112    0.9462900      43.19
   1280.40308    0.9468100      43.21
   1280.40491    0.9461600      43.18
   1280.40686    0.9449200      43.13
   1280.40869    0.9446500      43.11
   1280.41064    0.9453600      43.15
   1280.41248    0.9457000      43.16
   1280.41443    0.9453000      43.14
   1280.41626    0.9451400      43.14
   1280.41821    0.9456000      43.16
   1280.42004    0.9457700      43.16
   1280.42200    0.9451200      43.14
   1280.42383    0.9443100      43.10
   1280.42578    0.9438900      43.08
   1280.42761    0.9434700      43.06
   1280.42957    0.9428100      43.03
   1280.43140    0.9425800      43.02
   1280.43335    0.9432100      43.05
   1280.43518    0.9439300      43.08
   1280.43713    0.9437700      43.07
   1280.43896    0.9430600      43.04
   1280.44092    0.9428300      43.03
   1280.44275    0.9430300      43.04
   1280.44470    0.9426500      43.02
   1280.44653    0.9414100      42.96
   1280.44849    0.9402600      42.91
   1280.45032    0.9399100      42.90
   1280.45227    0.9397300      42.89
   1280.45410    0.9387200      42.84
   1280.45605    0.9368800      42.76
   1280.45789    0.9349600      42.67
   1280.45984    0.9332900      42.59
   1280.46167    0.9315500      42.51
   1280.46362    0.9294900      42.42
   1280.46545    0.9272600      42.32
   1280.46741    0.9248300      42.21
   1280.46924    0.9218500      42.07
   1280.47119    0.9181800      41.90
   1280.47302    0.9141100      41.72
   1280.47498    0.9096200      41.51
   1280.47681    0.9038900      41.25
   1280.47876    0.8959700      40.89
   1280.48059    0.8856800      40.42
   1280.48254    0.8734600      39.86
   1280.48438    0.8597600      39.24
   1280.48633    0.8452400      38.57
   1280.48816    0.8318700      37.96
   1280.49011    0.8228900      37.55
   1280.49194    0.8210800      37.47
   1280.49390    0.8269300      37.74
   1280.49573    0.8385000      38.26
   1280.49768    0.8528600      38.92
   1280.49951    0.8674900      39.59
   1280.50146    0.8806900      40.19
   1280.50342    0.8916500      40.69
   1280.50525    0.9004100      41.09
   1280.50720    0.9075000      41.41
   1280.50903    0.9133200      41.68
   1280.51099    0.9178800      41.89
   1280.51282    0.9211900      42.04
   1280.51477    0.9236800      42.15
   1280.51660    0.9259000      42.25
   1280.51855    0.9279200      42.34
   1280.52039    0.9292800      42.41
   1280.52234    0.9298200      42.43
   1280.52417    0.9301300      42.44
   1280.52612    0.9310200      42.48
   1280.52795    0.9325900      42.56
   1280.52991    0.9341900      42.63
   1280.53174    0.9352500      42.68
   1280.53369    0.9358400      42.70
   1280.53552    0.9363800      42.73
   1280.53748    0.9370700      42.76
   1280.53931    0.9377900      42.79
   1280.54126    0.9384200      42.82
   1280.54309    0.9389700      42.85
   1280.54504    0.9394100      42.87
   1280.54688    0.9398000      42.88
   1280.54883    0.9402800      42.91
   1280.55066    0.9408700      42.93
   1280.55261    0.9413200      42.95
   1280.55444    0.9413400      42.95
   1280.55640    0.9410100      42.94
   1280.55823    0.9406900      42.92
   1280.56018    0.9405200      42.92
   1280.56201    0.9404800      42.91
   1280.56396    0.9406000      42.92
   1280.56580    0.9409300      42.93
   1280.56775    0.9412400      42.95
   1280.56958    0.9412400      42.95
   1280.57153    0.9410700      42.94
   1280.57336    0.9410600      42.94
   1280.57532    0.9412100      42.95
   1280.57715    0.9412000      42.95
   1280.57910    0.9411200      42.94
   1280.58093    0.9413100      42.95
   1280.58289    0.9414800      42.96
   1280.58472    0.9409600      42.93
   1280.58667    0.9399600      42.89
   1280.58850    0.9395900      42.87
   1280.59045    0.9401900      42.90
   1280.59229    0.9406600      42.92
   1280.59424    0.9402800      42.90
   1280.59607    0.9399400      42.89
   1280.59802    0.9405400      42.91
   1280.59998    0.9412400      42.95
   1280.60181    0.9408600      42.93
   1280.60376    0.9400800      42.89
   1280.60559    0.9402700      42.90
   1280.60754    0.9409000      42.93
   1280.60938    0.9404700      42.91
   1280.61133    0.9394800      42.86
   1280.61316    0.9397700      42.88
   1280.61511    0.9409300      42.93
   1280.61694    0.9404900      42.91
   1280.61890    0.9383200      42.81
   1280.62073    0.9373100      42.76
   1280.62268    0.9383700      42.81
   1280.62451    0.9384600      42.82
   1280.62646    0.9360600      42.71
   1280.62830    0.9345000      42.64
   1280.63025    0.9359200      42.70
   1280.63208    0.9360400      42.71
   1280.63403    0.9306700      42.46
   1280.63586    0.9238200      42.15
   1280.63782    0.9205800      42.00
   1280.63965    0.9132400      41.67
   1280.64160    0.8866400      40.45
   1280.64343    0.8426700      38.45
   1280.64539    0.8091500      36.92
   1280.64722    0.8134900      37.11
   1280.64917    0.8514000      38.84
   1280.65100    0.8919800      40.69
   1280.65295    0.9124300      41.63
   1280.65479    0.9170900      41.84
   1280.65674    0.9213900      42.04
   1280.65857    0.9291700      42.39
   1280.66052    0.9335900      42.59
   1280.66235    0.9323400      42.53
   1280.66431    0.9309700      42.47
   1280.66614    0.9328000      42.56
   1280.66809    0.9344800      42.63
   1280.66992    0.9331600      42.57
   1280.67188    0.9313500      42.49
   1280.67371    0.9321000      42.52
   1280.67566    0.9340200      42.61
   1280.67761    0.9342600      42.62
   1280.67944    0.9332600      42.58
   1280.68140    0.9332600      42.58
   1280.68323    0.9342100      42.62
   1280.68518    0.9342200      42.62
   1280.68701    0.9330500      42.57
   1280.68896    0.9322000      42.53
   1280.69080    0.9318900      42.51
   1280.69275    0.9305300      42.45
   1280.69458    0.9270500      42.29
   1280.69653    0.9219500      42.06
   1280.69836    0.9156100      41.77
   1280.70032    0.9071600      41.38
   1280.70215    0.8957400      40.86
   1280.70410    0.8815300      40.21
   1280.70593    0.8651100      39.46
   1280.70789    0.8468000      38.63
   1280.70972    0.8274300      37.75
   1280.71167    0.8089000      36.90
   1280.71350    0.7934600      36.20
   1280.71545    0.7826800      35.70
   1280.71729    0.7775400      35.47
   1280.71924    0.7787200      35.52
   1280.72107    0.7861300      35.86
   1280.72302    0.7984100      36.42
   1280.72485    0.8135500      37.11
   1280.72681    0.8300100      37.86
   1280.72864    0.8468400      38.63
   1280.73059    0.8630700      39.37
   1280.73242    0.8776200      40.03
   1280.73438    0.8899200      40.59
   1280.73621    0.9002300      41.06
   1280.73816    0.9091000      41.47
   1280.73999    0.9167100      41.82
   1280.74194    0.9228500      42.10
   1280.74377    0.9273500      42.30
   1280.74573    0.9304000      42.44
   1280.74768    0.9323700      42.53
   1280.74951    0.9336100      42.59
   1280.75146    0.9343000      42.62
   1280.75330    0.9346200      42.63
   1280.75525    0.9347900      42.64
   1280.75708    0.9349300      42.65
   1280.75903    0.9349500      42.65
   1280.76086    0.9347800      42.64
   1280.76282    0.9345300      42.63
   1280.76465    0.9344000      42.62
   1280.76660    0.9343600      42.62
   1280.76843    0.9342100      42.61
   1280.77039    0.9339100      42.60
   1280.77222    0.9335200      42.58
   1280.77417    0.9329400      42.55
   1280.77600    0.9319400      42.51
   1280.77795    0.9306500      42.45
   1280.77979    0.9296200      42.40
   1280.78174    0.9291800      42.38
   1280.78357    0.9290200      42.37
   1280.78552    0.9286900      42.36
   1280.78735    0.9283200      42.34
   1280.78931    0.9283500      42.34
   1280.79114    0.9288200      42.37
   1280.79309    0.9293100      42.39
   1280.79492    0.9296200      42.40
   1280.79688    0.9298800      42.41
   1280.79871    0.9300400      42.42
   1280.80066    0.9296400      42.40
   1280.80249    0.9283700      42.34
   1280.80444    0.9264400      42.26
   1280.80627    0.9240500      42.15
   1280.80823    0.9208300      42.00
   1280.81018    0.9161800      41.79
   1280.81201    0.9100400      41.51
   1280.81396    0.9029500      41.18
   1280.81580    0.8955300      40.85
   1280.81775    0.8880500      40.50
   1280.81958    0.8806200      40.16
   1280.82153    0.8735300      39.84
   1280.82336    0.8673800      39.56
   1280.82532    0.8630000      39.36
   1280.82715    0.8612400      39.28
   1280.82910    0.8625100      39.34
   1280.83093    0.8665000      39.52
   1280.83289    0.8724200      39.79
   1280.83472    0.8795000      40.11
   1280.83667    0.8870800      40.46
   1280.83850    0.8945400      40.80
   1280.84045    0.9013100      41.11
   1280.84229    0.9072600      41.38
   1280.84424    0.9126000      41.62
   1280.84607    0.9174300      41.84
   1280.84802    0.9214600      42.03
   1280.84985    0.9244400      42.16
   1280.85181    0.9266100      42.26
   1280.85364    0.9283900      42.34
   1280.85559    0.9298600      42.41
   1280.85742    0.9308300      42.45
   1280.85938    0.9313300      42.47
   1280.86121    0.9316800      42.49
   1280.86316    0.9320300      42.51
   1280.86511    0.9322200      42.52
   1280.86694    0.9322500      42.52
   1280.86890    0.9323700      42.52
   1280.87073    0.9326600      42.53
   1280.87268    0.9327500      42.54
   1280.87451    0.9323600      42.52
   1280.87646    0.9318900      42.50
   1280.87830    0.9319500      42.50
   1280.88025    0.9324800      42.53
   1280.88208    0.9328100      42.54
   1280.88403    0.9325900      42.53
   1280.88586    0.9322200      42.51
   1280.88782    0.9322000      42.51
   1280.88965    0.9324100      42.52
   1280.89160    0.9324400      42.52
   1280.89343    0.9323000      42.52
   1280.89539    0.9322900      42.52
   1280.89722    0.9323600      42.52
   1280.89917    0.9321600      42.51
   1280.90100    0.9316700      42.49
   1280.90295    0.9314200      42.48
   1280.90479    0.9317100      42.49
   1280.90674    0.9320600      42.50
   1280.90857    0.9318700      42.50
   1280.91052    0.9312700      42.47
   1280.91235    0.9309000      42.45
   1280.91431    0.9309400      42.45
   1280.91614    0.9309200      42.45
   1280.91809    0.9305200      42.43
   1280.92004    0.9300800      42.41
   1280.92188    0.9300600      42.41
   1280.92383    0.9303200      42.42
   1280.92566    0.9303200      42.42
   1280.92761    0.9298400      42.40
   1280.92944    0.9291900      42.37
   1280.93140    0.9286800      42.35
   1280.93323    0.9281700      42.33
   1280.93518    0.9273900      42.29
   1280.93701    0.9262100      42.24
   1280.93896    0.9247200      42.17
   1280.94080    0.9231400      42.10
   1280.94275    0.9217800      42.03
   1280.94458    0.9210400      42.00
   1280.94653    0.9210200      42.00
   1280.94836    0.9213500      42.01
   1280.95032    0.9214100      42.02
   1280.95215    0.9208500      41.99
   1280.95410    0.9197000      41.94
   1280.95593    0.9181100      41.87
   1280.95789    0.9162400      41.78
   1280.95972    0.9145300      41.70
   1280.96167    0.9135500      41.66
   1280.96350    0.9135700      41.66
   1280.96545    0.9141900      41.69
   1280.96741    0.9147900      41.71
   1280.96924    0.9152500      41.73
   1280.97119    0.9160100      41.77
   1280.97302    0.9173200      41.83
   1280.97498    0.9188000      41.90
   1280.97681    0.9199300      41.95
   1280.97876    0.9207900      41.99
   1280.98059    0.9218400      42.03
   1280.98254    0.9231700      42.09
   1280.98438    0.9242800      42.14
   1280.98633    0.9248600      42.17
   1280.98816    0.9252200      42.19
   1280.99011    0.9258000      42.21
   1280.99194    0.9263400      42.24
   1280.99390    0.9262400      42.23
   1280.99573    0.9255200      42.20
   1280.99768    0.9249500      42.17
   1280.99951    0.9251100      42.18
   1281.00146    0.9257300      42.21
   1281.00330    0.9261900      42.23
   1281.00525    0.9264200      42.24
   1281.00708    0.9267400      42.26
   1281.00903    0.9271600      42.27
   1281.01086    0.9272900      42.28
   1281.01282    0.9270500      42.27
   1281.01477    0.9269000      42.26
   1281.01660    0.9271200      42.27
   1281.01855    0.9272900      42.28
   1281.02039    0.9268700      42.26
   1281.02234    0.9260400      42.22
   1281.02417    0.9254900      42.20
   1281.02612    0.9255200      42.20
   1281.02795    0.9257400      42.21
   1281.02991    0.9257300      42.21
   1281.03174    0.9256100      42.20
   1281.03369    0.9256300      42.20
   1281.03552    0.9257000      42.21
   1281.03748    0.9255200      42.20
   1281.03931    0.9251000      42.18
   1281.04126    0.9247900      42.16
   1281.04309    0.9247400      42.16
   1281.04504    0.9246600      42.16
   1281.04688    0.9242900      42.14
   1281.04883    0.9238800      42.12
   1281.05066    0.9238200      42.12
   1281.05261    0.9240200      42.13
   1281.05444    0.9239600      42.13
   1281.05640    0.9233000      42.10
   1281.05835    0.9223900      42.05
   1281.06018    0.9218700      42.03
   1281.06213    0.9220000      42.04
   1281.06396    0.9224200      42.05
   1281.06592    0.9226300      42.06
   1281.06775    0.9223700      42.05
   1281.06970    0.9217700      42.02
   1281.07153    0.9209400      41.99
   1281.07349    0.9199500      41.94
   1281.07532    0.9188200      41.89
   1281.07727    0.9177400      41.84
   1281.07910    0.9170400      41.81
   1281.08105    0.9169700      41.80
   1281.08289    0.9174000      41.82
   1281.08484    0.9178100      41.84
   1281.08667    0.9178000      41.84
   1281.08862    0.9175300      41.83
   1281.09045    0.9175100      41.83
   1281.09241    0.9179200      41.85
   1281.09424    0.9183000      41.86
   1281.09619    0.9181700      41.86
   1281.09814    0.9177000      41.84
   1281.09998    0.9175300      41.83
   1281.10193    0.9179500      41.85
   1281.10376    0.9186500      41.88
   1281.10571    0.9191700      41.90
   1281.10754    0.9193600      41.91
   1281.10950    0.9192200      41.91
   1281.11133    0.9187700      41.88
   1281.11328    0.9181600      41.86
   1281.11511    0.9177800      41.84
   1281.11707    0.9178700      41.84
   1281.11890    0.9181400      41.86
   1281.12085    0.9180600      41.85
   1281.12268    0.9175100      41.83
   1281.12463    0.9167800      41.79
   1281.12646    0.9161400      41.76
   1281.12842    0.9156000      41.74
   1281.13025    0.9151800      41.72
   1281.13220    0.9148300      41.70
   1281.13403    0.9142400      41.68
   1281.13599    0.9130100      41.62
   1281.13782    0.9111600      41.54
   1281.13977    0.9092800      41.45
   1281.14172    0.9078100      41.38
   1281.14355    0.9065100      41.32
   1281.14551    0.9049100      41.25
   1281.14734    0.9029900      41.16
   1281.14929    0.9012300      41.08
   1281.15112    0.9000600      41.03
   1281.15308    0.8995900      41.01
   1281.15491    0.8999600      41.02
   1281.15686    0.9013000      41.09
   1281.15869    0.9034200      41.18
   1281.16064    0.9057700      41.29
   1281.16248    0.9078800      41.38
   1281.16443    0.9096100      41.46
   1281.16626    0.9108500      41.52
   1281.16821    0.9113900      41.54
   1281.17004    0.9112600      41.54
   1281.17200    0.9109700      41.52
   1281.17383    0.9109800      41.53
   1281.17578    0.9110400      41.53
   1281.17773    0.9105200      41.50
   1281.17957    0.9093100      41.45
   1281.18152    0.9079300      41.39
   1281.18335    0.9067800      41.33
   1281.18530    0.9055600      41.28
   1281.18713    0.9038400      41.20
   1281.18909    0.9017500      41.10
   1281.19092    0.8999000      41.02
   1281.19287    0.8986000      40.96
   1281.19470    0.8977100      40.92
   1281.19666    0.8971200      40.89
   1281.19849    0.8970100      40.89
   1281.20044    0.8975700      40.91
   1281.20227    0.8985400      40.96
   1281.20422    0.8994800      41.00
   1281.20605    0.9002800      41.04
   1281.20801    0.9011800      41.08
   1281.20984    0.9024100      41.13
   1281.21179    0.9039300      41.20
   1281.21362    0.9055700      41.28
   1281.21558    0.9070300      41.34
   1281.21753    0.9079700      41.39
   1281.21936    0.9082400      41.40
   1281.22131    0.9081700      41.39
   1281.22314    0.9083900      41.40
   1281.22510    0.9091500      41.44
   1281.22693    0.9099700      41.48
   1281.22888    0.9102200      41.49
   1281.23071    0.9098800      41.47
   1281.23267    0.9094700      41.45
   1281.23450    0.9094100      41.45
   1281.23645    0.9096100      41.46
   1281.23828    0.9099100      41.47
   1281.24023    0.9102100      41.49
   1281.24207    0.9103400      41.49
   1281.24402    0.9099800      41.47
   1281.24585    0.9091400      41.44
   1281.24780    0.9083900      41.40
   1281.24976    0.9081600      41.39
   1281.25159    0.9082000      41.39
   1281.25354    0.9079900      41.38
   1281.25537    0.9076300      41.37
   1281.25732    0.9077500      41.37
   1281.25916    0.9084400      41.40
   1281.26111    0.9089700      41.43
   1281.26294    0.9087200      41.42
   1281.26489    0.9080000      41.38
   1281.26672    0.9075100      41.36
   1281.26868    0.9073300      41.35
   1281.27051    0.9070300      41.34
   1281.27246    0.9065500      41.32
   1281.27429    0.9064000      41.31
   1281.27625    0.9068800      41.33
   1281.27808    0.9075900      41.36
   1281.28003    0.9079900      41.38
   1281.28186    0.9079600      41.38
   1281.28381    0.9077200      41.37
   1281.28577    0.9073300      41.35
   1281.28760    0.9068000      41.33
   1281.28955    0.9063100      41.30
   1281.29138    0.9060600      41.29
   1281.29333    0.9058700      41.28
   1281.29517    0.9053900      41.26
   1281.29712    0.9046900      41.23
   1281.29895    0.9042800      41.21
   1281.30090    0.9044900      41.22
   1281.30273    0.9050500      41.25
   1281.30469    0.9054400      41.26
   1281.30652    0.9054300      41.26
   1281.30847    0.9051400      41.25
   1281.31030    0.9048200      41.24
   1281.31226    0.9045700      41.22
   1281.31409    0.9044200      41.22
   1281.31604    0.9042100      41.21
   1281.31787    0.9037600      41.19
   1281.31982    0.9032100      41.16
   1281.32178    0.9028800      41.15
   1281.32361    0.9029000      41.15
   1281.32556    0.9029200      41.15
   1281.32739    0.9025500      41.13
   1281.32935    0.9018800      41.10
   1281.33118    0.9013300      41.07
   1281.33313    0.9010200      41.06
   1281.33496    0.9007100      41.05
   1281.33691    0.9003300      41.03
   1281.33875    0.9000500      41.02
   1281.34070    0.8999000      41.01
   1281.34253    0.8996100      41.00
   1281.34448    0.8990700      40.97
   1281.34631    0.8986400      40.95
   1281.34827    0.8986200      40.95
   1281.35010    0.8986900      40.95
   1281.35205    0.8983400      40.94
   1281.35400    0.8976800      40.91
   1281.35583    0.8973200      40.89
   1281.35779    0.8975300      40.90
   1281.35962    0.8978800      40.92
   1281.36157    0.8979000      40.92
   1281.36340    0.8976400      40.90
   1281.36536    0.8973700      40.89
   1281.36719    0.8970900      40.88
   1281.36914    0.8966200      40.86
   1281.37097    0.8960300      40.83
   1281.37292    0.8956200      40.81
   1281.37476    0.8954500      40.80
   1281.37671    0.8952300      40.79
   1281.37854    0.8948100      40.77
   1281.38049    0.8944500      40.76
   1281.38232    0.8944500      40.76
   1281.38428    0.8947500      40.77
   1281.38623    0.8949100      40.78
   1281.38806    0.8946400      40.77
   1281.39001    0.8940400      40.74
   1281.39185    0.8934200      40.71
   1281.39380    0.8928700      40.68
   1281.39563    0.8922900      40.66
   1281.39758    0.8915800      40.63
   1281.39941    0.8908500      40.59
   1281.40137    0.8902000      40.56
   1281.40320    0.8894600      40.53
   1281.40515    0.8883100      40.48
   1281.40698    0.8866800      40.40
   1281.40894    0.8848500      40.32
   1281.41077    0.8831000      40.24
   1281.41272    0.8814700      40.16
   1281.41467    0.8799300      40.09
   1281.41650    0.8786800      40.04
   1281.41846    0.8779500      40.00
   1281.42029    0.8776900      39.99
   1281.42224    0.8776600      39.99
   1281.42407    0.8778000      40.00
   1281.42603    0.8783000      40.02
   1281.42786    0.8791700      40.06
   1281.42981    0.8800800      40.10
   1281.43164    0.8808200      40.13
   1281.43359    0.8814800      40.16
   1281.43542    0.8821800      40.20
   1281.43738    0.8826800      40.22
   1281.43921    0.8826800      40.22
   1281.44116    0.8823400      40.20
   1281.44299    0.8821600      40.19
   1281.44495    0.8823500      40.20
   1281.44690    0.8826600      40.22
   1281.44873    0.8828000      40.22
   1281.45068    0.8828200      40.22
   1281.45251    0.8827900      40.22
   1281.45447    0.8826800      40.22
   1281.45630    0.8824500      40.21
   1281.45825    0.8822100      40.19
   1281.46008    0.8820300      40.19
   1281.46204    0.8816400      40.17
   1281.46387    0.8808000      40.13
   1281.46582    0.8797200      40.08
   1281.46765    0.8789200      40.04
   1281.46960    0.8786600      40.03
   1281.47144    0.8787500      40.04
   1281.47339    0.8789400      40.04
   1281.47534    0.8791100      40.05
   1281.47717    0.8790800      40.05
   1281.47913    0.8786500      40.03
   1281.48096    0.8778700      40.00
   1281.48291    0.8771200      39.96
   1281.48474    0.8766200      39.94
   1281.48669    0.8760900      39.91
   1281.48853    0.8753000      39.88
   1281.49048    0.8746100      39.85
   1281.49231    0.8745200      39.84
   1281.49426    0.8748300      39.86
   1281.49609    0.8747500      39.85
   1281.49805    0.8739100      39.81
   1281.49988    0.8728500      39.77
   1281.50183    0.8721700      39.73
   1281.50366    0.8718100      39.72
   1281.50562    0.8713300      39.70
   1281.50757    0.8706800      39.67
   1281.50940    0.8701300      39.64
   1281.51135    0.8697000      39.62
   1281.51318    0.8691500      39.60
   1281.51514    0.8684400      39.56
   1281.51697    0.8678000      39.53
   1281.51892    0.8672500      39.51
   1281.52075    0.8665100      39.48
   1281.52271    0.8655500      39.43
   1281.52454    0.8647700      39.40
   1281.52649    0.8644700      39.38
   1281.52832    0.8644300      39.38
   1281.53027    0.8642400      39.37
   1281.53223    0.8638100      39.35
   1281.53406    0.8634700      39.34
   1281.53601    0.8634300      39.33
   1281.53784    0.8635100      39.34
   1281.53979    0.8632000      39.32
   1281.54163    0.8622200      39.28
   1281.54358    0.8608500      39.22
   1281.54541    0.8596900      39.16
   1281.54736    0.8589500      39.13
   1281.54919    0.8582400      39.10
   1281.55115    0.8573500      39.06
   1281.55298    0.8568500      39.03
   1281.55493    0.8572100      39.05
   1281.55676    0.8576000      39.07
   1281.55872    0.8567400      39.03
   1281.56067    0.8547800      38.94
   1281.56250    0.8532900      38.87
   1281.56445    0.8529000      38.85
   1281.56628    0.8523500      38.83
   1281.56824    0.8507000      38.75
   1281.57007    0.8489200      38.67
   1281.57202    0.8479300      38.63
   1281.57385    0.8465800      38.56
   1281.57581    0.8435100      38.42
   1281.57764    0.8400800      38.27
   1281.57959    0.8385000      38.20
   1281.58142    0.8375200      38.15
   1281.58337    0.8336300      37.97
   1281.58521    0.8268800      37.67
   1281.58716    0.8208800      37.39
   1281.58911    0.8149400      37.12
   1281.59094    0.8010500      36.49
   1281.59290    0.7743900      35.27
   1281.59473    0.7445200      33.91
   1281.59668    0.7289500      33.20
   1281.59851    0.7342700      33.45
   1281.60046    0.7488600      34.11
   1281.60229    0.7571100      34.49
   1281.60425    0.7561300      34.44
   1281.60608    0.7543700      34.36
   1281.60803    0.7578600      34.52
   1281.60986    0.7643300      34.82
   1281.61182    0.7699500      35.07
   1281.61365    0.7754700      35.32
   1281.61560    0.7830700      35.67
   1281.61755    0.7917000      36.06
   1281.61938    0.7986800      36.38
   1281.62134    0.8039300      36.62
   1281.62317    0.8092600      36.86
   1281.62512    0.8148600      37.12
   1281.62695    0.8190100      37.31
   1281.62891    0.8209800      37.39
   1281.63074    0.8219200      37.44
   1281.63269    0.8227100      37.47
   1281.63452    0.8230100      37.49
   1281.63647    0.8225800      37.47
   1281.63831    0.8220300      37.44
   1281.64026    0.8216900      37.43
   1281.64221    0.8210400      37.40
   1281.64404    0.8198700      37.34
   1281.64600    0.8188900      37.30
   1281.64783    0.8185200      37.28
   1281.64978    0.8180900      37.26
   1281.65161    0.8169500      37.21
   1281.65356    0.8155800      37.15
   1281.65540    0.8147300      37.11
   1281.65735    0.8141100      37.08
   1281.65918    0.8128800      37.02
   1281.66113    0.8110000      36.94
   1281.66296    0.8092800      36.86
   1281.66492    0.8079900      36.80
   1281.66687    0.8065400      36.73
   1281.66870    0.8045600      36.64
   1281.67065    0.8024800      36.55
   1281.67249    0.8007600      36.47
   1281.67444    0.7991500      36.40
   1281.67627    0.7971000      36.30
   1281.67822    0.7946600      36.19
   1281.68005    0.7923800      36.09
   1281.68201    0.7905900      36.01
   1281.68384    0.7889800      35.93
   1281.68579    0.7870300      35.84
   1281.68762    0.7845500      35.73
   1281.68958    0.7818300      35.61
   1281.69141    0.7791200      35.48
   1281.69336    0.7762200      35.35
   1281.69531    0.7726200      35.19
   1281.69714    0.7682500      34.99
   1281.69910    0.7639000      34.79
   1281.70093    0.7607300      34.65
   1281.70288    0.7592200      34.58
   1281.70471    0.7588700      34.56
   1281.70667    0.7589000      34.56
   1281.70850    0.7589700      34.57
   1281.71045    0.7589600      34.57
   1281.71228    0.7586200      34.55
   1281.71423    0.7577000      34.51
   1281.71606    0.7562800      34.44
   1281.71802    0.7546400      34.37
   1281.71997    0.7528600      34.29
   1281.72180    0.7506500      34.19
   1281.72375    0.7479200      34.06
   1281.72559    0.7449700      33.93
   1281.72754    0.7421200      33.80
   1281.72937    0.7393700      33.67
   1281.73132    0.7364900      33.54
   1281.73315    0.7333900      33.40
   1281.73511    0.7301800      33.25
   1281.73694    0.7270100      33.11
   1281.73889    0.7238600      32.96
   1281.74072    0.7206900      32.82
   1281.74268    0.7174700      32.67
   1281.74463    0.7140900      32.52
   1281.74646    0.7104000      32.35
   1281.74841    0.7063000      32.16
   1281.75024    0.7020300      31.97
   1281.75220    0.6979400      31.78
   1281.75403    0.6941800      31.61
   1281.75598    0.6905400      31.45
   1281.75781    0.6867400      31.27
   1281.75977    0.6827700      31.09
   1281.76160    0.6788200      30.91
   1281.76355    0.6748900      30.73
   1281.76538    0.6707800      30.55
   1281.76733    0.6664200      30.35
   1281.76929    0.6619800      30.15
   1281.77112    0.6576200      29.95
   1281.77307    0.6533400      29.75
   1281.77490    0.6491100      29.56
   1281.77686    0.6451700      29.38
   1281.77869    0.6417800      29.23
   1281.78064    0.6388300      29.09
   1281.78247    0.6360000      28.96
   1281.78442    0.6332200      28.83
   1281.78625    0.6306500      28.72
   1281.78821    0.6283300      28.61
   1281.79016    0.6260200      28.51
   1281.79199    0.6236000      28.40
   1281.79395    0.6212200      28.29
   1281.79578    0.6190500      28.19
   1281.79773    0.6170000      28.10
   1281.79956    0.6149900      28.00
   1281.80151    0.6132000      27.92
   1281.80334    0.6118800      27.86
   1281.80530    0.6109600      27.82
   1281.80713    0.6101800      27.78
   1281.80908    0.6094800      27.75
   1281.81091    0.6090500      27.73
   1281.81287    0.6090300      27.73
   1281.81482    0.6094000      27.75
   1281.81665    0.6101100      27.78
   1281.81860    0.6110700      27.82
   1281.82043    0.6121600      27.87
   1281.82239    0.6133100      27.93
   1281.82422    0.6145200      27.98
   1281.82617    0.6157600      28.04
   1281.82800    0.6169600      28.09
   1281.82996    0.6184200      28.16
   1281.83179    0.6206800      28.26
   1281.83374    0.6238000      28.40
   1281.83557    0.6270100      28.55
   1281.83752    0.6296700      28.67
   1281.83948    0.6322000      28.79
   1281.84131    0.6354200      28.93
   1281.84326    0.6391500      29.10
   1281.84509    0.6423300      29.25
   1281.84705    0.6447400      29.36
   1281.84888    0.6474100      29.48
   1281.85083    0.6510400      29.64
   1281.85266    0.6550600      29.83
   1281.85461    0.6588200      30.00
   1281.85645    0.6626500      30.17
   1281.85840    0.6669500      30.37
   1281.86035    0.6712600      30.56
   1281.86218    0.6751600      30.74
   1281.86414    0.6792800      30.93
   1281.86597    0.6840700      31.15
   1281.86792    0.6885300      31.35
   1281.86975    0.6917500      31.50
   1281.87170    0.6950000      31.64
   1281.87354    0.6998600      31.86
   1281.87549    0.7049700      32.10
   1281.87732    0.7074400      32.21
   1281.87927    0.7077500      32.22
   1281.88110    0.7093300      32.30
   1281.88306    0.7117400      32.41
   1281.88501    0.7085200      32.26
   1281.88684    0.6961300      31.69
   1281.88879    0.6826100      31.08
   1281.89062    0.6815800      31.03
   1281.89258    0.6969900      31.73
   1281.89441    0.7184900      32.71
   1281.89636    0.7335300      33.40
   1281.89819    0.7399600      33.69
   1281.90015    0.7439100      33.87
   1281.90198    0.7493400      34.12
   1281.90393    0.7545600      34.35
   1281.90588    0.7576700      34.50
   1281.90771    0.7601600      34.61
   1281.90967    0.7637500      34.77
   1281.91150    0.7673800      34.94
   1281.91345    0.7693700      35.03
   1281.91528    0.7703700      35.07
   1281.91724    0.7721300      35.15
   1281.91907    0.7747800      35.27
   1281.92102    0.7771400      35.38
   1281.92285    0.7789400      35.46
   1281.92480    0.7810500      35.56
   1281.92664    0.7836700      35.68
   1281.92859    0.7860600      35.79
   1281.93054    0.7879200      35.87
   1281.93237    0.7898100      35.96
   1281.93433    0.7919400      36.05
   1281.93616    0.7937900      36.14
   1281.93811    0.7951200      36.20
   1281.93994    0.7965600      36.26
   1281.94189    0.7986100      36.36
   1281.94373    0.8008000      36.46
   1281.94568    0.8023900      36.53
   1281.94751    0.8034000      36.57
   1281.94946    0.8043900      36.62
   1281.95142    0.8056500      36.68
   1281.95325    0.8070800      36.74
   1281.95520    0.8085900      36.81
   1281.95703    0.8101400      36.88
   1281.95898    0.8115500      36.94
   1281.96082    0.8126100      36.99
   1281.96277    0.8134300      37.03
   1281.96460    0.8143500      37.07
   1281.96655    0.8154100      37.12
   1281.96838    0.8164100      37.17
   1281.97034    0.8174200      37.21
   1281.97229    0.8188500      37.28
   1281.97412    0.8207500      37.36
   1281.97607    0.8225000      37.44
   1281.97791    0.8235100      37.49
   1281.97986    0.8239600      37.51
   1281.98169    0.8244900      37.53
   1281.98364    0.8253500      37.57
   1281.98547    0.8261200      37.61
   1281.98743    0.8265300      37.63
   1281.98926    0.8269200      37.64
   1281.99121    0.8277000      37.68
   1281.99316    0.8287800      37.73
   1281.99500    0.8297200      37.77
   1281.99695    0.8303800      37.80
   1281.99878    0.8310800      37.83
   1282.00073    0.8320400      37.88
   1282.00256    0.8330300      37.92
   1282.00452    0.8337900      37.95
   1282.00635    0.8344900      37.99
   1282.00830    0.8356400      38.04
   1282.01013    0.8373400      38.12
   1282.01208    0.8389700      38.19
   1282.01404    0.8398500      38.23
   1282.01587    0.8401700      38.24
   1282.01782    0.8408600      38.28
   1282.01965    0.8423800      38.34
   1282.02161    0.8440400      38.42
   1282.02344    0.8448600      38.46
   1282.02539    0.8449500      38.46
   1282.02722    0.8452800      38.48
   1282.02917    0.8462700      38.52
   1282.03101    0.8473300      38.57
   1282.03296    0.8479800      38.60
   1282.03491    0.8485000      38.62
   1282.03674    0.8491300      38.65
   1282.03870    0.8495900      38.67
   1282.04053    0.8498700      38.68
   1282.04248    0.8506700      38.72
   1282.04431    0.8520400      38.78
   1282.04626    0.8528200      38.82
   1282.04810    0.8524100      38.80
   1282.05005    0.8521500      38.79
   1282.05188    0.8534400      38.85
   1282.05383    0.8553100      38.93
   1282.05579    0.8558400      38.95
   1282.05762    0.8552900      38.93
   1282.05957    0.8555200      38.94
   1282.06140    0.8565300      38.99
   1282.06335    0.8564500      38.98
   1282.06519    0.8552300      38.93
   1282.06714    0.8551100      38.92
   1282.06897    0.8566500      38.99
   1282.07092    0.8574100      39.03
   1282.07275    0.8564300      38.98
   1282.07471    0.8564000      38.98
   1282.07666    0.8589300      39.09
   1282.07849    0.8611100      39.19
   1282.08044    0.8601900      39.15
   1282.08228    0.8586400      39.08
   1282.08423    0.8598100      39.13
   1282.08606    0.8615400      39.21
   1282.08801    0.8598200      39.13
   1282.08984    0.8565900      38.99
   1282.09180    0.8570000      39.01
   1282.09363    0.8599900      39.14
   1282.09558    0.8595500      39.12
   1282.09753    0.8557600      38.95
   1282.09937    0.8552900      38.93
   1282.10132    0.8587600      39.08
   1282.10315    0.8580300      39.05
   1282.10510    0.8508100      38.72
   1282.10693    0.8465900      38.53
   1282.10889    0.8496400      38.67
   1282.11072    0.8476700      38.58
   1282.11267    0.8308300      37.81
   1282.11462    0.8106700      36.90
   1282.11646    0.7991200      36.37
   1282.11841    0.7746900      35.26
   1282.12024    0.7005400      31.88
   1282.12219    0.5864100      26.69
   1282.12402    0.5051300      22.99
   1282.12598    0.5226000      23.78
   1282.12781    0.6231900      28.36
   1282.12976    0.7287500      33.17
   1282.13159    0.7850500      35.73
   1282.13354    0.8038700      36.58
   1282.13550    0.8208200      37.36
   1282.13733    0.8431400      38.37
   1282.13928    0.8553700      38.93
   1282.14111    0.8545300      38.89
   1282.14307    0.8543200      38.88
   1282.14490    0.8607000      39.17
   1282.14685    0.8646900      39.35
   1282.14868    0.8606500      39.17
   1282.15063    0.8553600      38.93
   1282.15247    0.8548400      38.90
   1282.15442    0.8544500      38.89
   1282.15637    0.8483000      38.61
   1282.15820    0.8391700      38.19
   1282.16016    0.8324800      37.89
   1282.16199    0.8269800      37.63
   1282.16394    0.8185100      37.25
   1282.16577    0.8087900      36.81
   1282.16772    0.8032600      36.55
   1282.16956    0.8028300      36.54
   1282.17151    0.8039300      36.59
   1282.17346    0.8056000      36.66
   1282.17529    0.8106700      36.89
   1282.17725    0.8198300      37.31
   1282.17908    0.8296900      37.76
   1282.18103    0.8377700      38.12
   1282.18286    0.8453900      38.47
   1282.18481    0.8540600      38.87
   1282.18665    0.8623000      39.24
   1282.18860    0.8681200      39.51
   1282.19043    0.8721000      39.69
   1282.19238    0.8760100      39.86
   1282.19434    0.8799300      40.04
   1282.19617    0.8828300      40.17
   1282.19812    0.8846300      40.26
   1282.19995    0.8861300      40.32
   1282.20190    0.8873800      40.38
   1282.20374    0.8878900      40.40
   1282.20569    0.8879400      40.41
   1282.20752    0.8884400      40.43
   1282.20947    0.8895100      40.48
   1282.21130    0.8904300      40.52
   1282.21326    0.8908300      40.54
   1282.21521    0.8910700      40.55
   1282.21704    0.8913900      40.56
   1282.21899    0.8915800      40.57
   1282.22083    0.8915900      40.57
   1282.22278    0.8918200      40.58
   1282.22461    0.8924400      40.61
   1282.22656    0.8930900      40.64
   1282.22839    0.8933400      40.65
   1282.23035    0.8931800      40.64
   1282.23230    0.8927500      40.62
   1282.23413    0.8921000      40.59
   1282.23608    0.8913900      40.56
   1282.23792    0.8910600      40.55
   1282.23987    0.8915100      40.57
   1282.24170    0.8927000      40.62
   1282.24365    0.8941600      40.69
   1282.24548    0.8954100      40.74
   1282.24744    0.8960600      40.77
   1282.24939    0.8959700      40.77
   1282.25122    0.8953700      40.74
   1282.25317    0.8948600      40.72
   1282.25500    0.8950000      40.72
   1282.25696    0.8958700      40.76
   1282.25879    0.8970000      40.81
   1282.26074    0.8977200      40.85
   1282.26257    0.8978100      40.85
   1282.26453    0.8976500      40.84
   1282.26636    0.8977900      40.85
   1282.26831    0.8983600      40.88
   1282.27026    0.8990300      40.91
   1282.27209    0.8994600      40.93
   1282.27405    0.8997400      40.94
   1282.27588    0.9000900      40.95
   1282.27783    0.9004800      40.97
   1282.27966    0.9007400      40.98
   1282.28162    0.9009200      40.99
   1282.28345    0.9012000      41.00
   1282.28540    0.9015100      41.02
   1282.28735    0.9015500      41.02
   1282.28918    0.9013300      41.01
   1282.29114    0.9012300      41.01
   1282.29297    0.9014900      41.02
   1282.29492    0.9017500      41.03
   1282.29675    0.9016300      41.02
   1282.29871    0.9014300      41.01
   1282.30054    0.9017400      41.03
   1282.30249    0.9025500      41.06
   1282.30444    0.9031000      41.09
   1282.30627    0.9029900      41.08
   1282.30823    0.9028100      41.08
   1282.31006    0.9033800      41.10
   1282.31201    0.9045400      41.15
   1282.31384    0.9052500      41.19
   1282.31580    0.9050200      41.18
   1282.31763    0.9045100      41.15
   1282.31958    0.9045900      41.16
   1282.32141    0.9052100      41.18
   1282.32336    0.9056500      41.20
   1282.32532    0.9056700      41.20
   1282.32715    0.9057000      41.21
   1282.32910    0.9061200      41.22
   1282.33093    0.9066800      41.25
   1282.33289    0.9069700      41.26
   1282.33472    0.9070400      41.27
   1282.33667    0.9071100      41.27
   1282.33850    0.9070900      41.27
   1282.34045    0.9068000      41.26
   1282.34241    0.9064500      41.24
   1282.34424    0.9064500      41.24
   1282.34619    0.9067400      41.25
   1282.34802    0.9067600      41.25
   1282.34998    0.9061500      41.22
   1282.35181    0.9051700      41.18
   1282.35376    0.9042100      41.14
   1282.35559    0.9032700      41.09
   1282.35754    0.9020800      41.04
   1282.35950    0.9005600      40.97
   1282.36133    0.8987800      40.89
   1282.36328    0.8967000      40.79
   1282.36511    0.8942500      40.68
   1282.36707    0.8915100      40.56
   1282.36890    0.8885700      40.42
   1282.37085    0.8851600      40.27
   1282.37268    0.8807500      40.07
   1282.37463    0.8751200      39.81
   1282.37659    0.8685400      39.51
   1282.37842    0.8614000      39.19
   1282.38037    0.8540200      38.85
   1282.38220    0.8470000      38.53
   1282.38416    0.8414300      38.28
   1282.38599    0.8383000      38.14
   1282.38794    0.8378300      38.11
   1282.38977    0.8396700      38.20
   1282.39172    0.8435900      38.38
   1282.39368    0.8496300      38.65
   1282.39551    0.8573600      39.00
   1282.39746    0.8655800      39.38
   1282.39929    0.8731500      39.72
   1282.40125    0.8798300      40.02
   1282.40308    0.8860200      40.31
   1282.40503    0.8917100      40.56
   1282.40686    0.8963000      40.77
   1282.40881    0.8995400      40.92
   1282.41077    0.9021000      41.04
   1282.41260    0.9048800      41.16
   1282.41455    0.9078600      41.30
   1282.41638    0.9102600      41.41
   1282.41833    0.9116900      41.47
   1282.42017    0.9126500      41.52
   1282.42212    0.9137300      41.56
   1282.42395    0.9147600      41.61
   1282.42590    0.9151900      41.63
   1282.42786    0.9149400      41.62
   1282.42969    0.9145100      41.60
   1282.43164    0.9142400      41.59
   1282.43347    0.9139500      41.57
   1282.43542    0.9135800      41.56
   1282.43726    0.9134700      41.55
   1282.43921    0.9138400      41.57
   1282.44104    0.9142800      41.59
   1282.44299    0.9141200      41.58
   1282.44495    0.9133200      41.54
   1282.44678    0.9125400      41.51
   1282.44873    0.9121600      41.49
   1282.45056    0.9119300      41.48
   1282.45251    0.9114600      41.46
   1282.45435    0.9108700      41.43
   1282.45630    0.9105700      41.42
   1282.45813    0.9105700      41.42
   1282.46008    0.9105300      41.42
   1282.46204    0.9101600      41.40
   1282.46387    0.9094000      41.36
   1282.46582    0.9080800      41.30
   1282.46765    0.9058300      41.20
   1282.46960    0.9023800      41.05
   1282.47144    0.8977600      40.83
   1282.47339    0.8920100      40.57
   1282.47522    0.8849100      40.25
   1282.47717    0.8762300      39.86
   1282.47913    0.8660800      39.39
   1282.48096    0.8550100      38.89
   1282.48291    0.8440400      38.39
   1282.48474    0.8346000      37.96
   1282.48669    0.8282600      37.67
   1282.48853    0.8260900      37.57
   1282.49048    0.8282800      37.67
   1282.49231    0.8343400      37.95
   1282.49426    0.8435300      38.37
   1282.49622    0.8547300      38.88
   1282.49805    0.8664100      39.41
   1282.50000    0.8772500      39.90
   1282.50183    0.8868700      40.34
   1282.50378    0.8955800      40.73
   1282.50562    0.9033900      41.09
   1282.50757    0.9096100      41.37
   1282.50940    0.9137000      41.56
   1282.51135    0.9161200      41.67
   1282.51331    0.9178500      41.75
   1282.51514    0.9194100      41.82
   1282.51709    0.9206700      41.87
   1282.51892    0.9214800      41.91
   1282.52087    0.9219800      41.93
   1282.52271    0.9223200      41.95
   1282.52466    0.9225200      41.96
   1282.52649    0.9226600      41.96
   1282.52844    0.9230500      41.98
   1282.53040    0.9237600      42.01
   1282.53223    0.9244200      42.04
   1282.53418    0.9246400      42.05
   1282.53601    0.9245500      42.05
   1282.53796    0.9245800      42.05
   1282.53979    0.9248300      42.06
   1282.54175    0.9249500      42.07
   1282.54358    0.9247600      42.06
   1282.54553    0.9245500      42.05
   1282.54749    0.9247000      42.06
   1282.54932    0.9251400      42.07
   1282.55127    0.9254600      42.09
   1282.55310    0.9255000      42.09
   1282.55505    0.9255100      42.09
   1282.55688    0.9256900      42.10
   1282.55884    0.9258700      42.11
   1282.56067    0.9258000      42.10
   1282.56262    0.9255700      42.09
   1282.56458    0.9254600      42.09
   1282.56641    0.9254800      42.09
   1282.56836    0.9253900      42.09
   1282.57019    0.9252100      42.08
   1282.57214    0.9253900      42.08
   1282.57397    0.9261600      42.12
   1282.57593    0.9270300      42.16
   1282.57788    0.9273600      42.17
   1282.57971    0.9271700      42.17
   1282.58167    0.9270300      42.16
   1282.58350    0.9270200      42.16
   1282.58545    0.9265800      42.14
   1282.58728    0.9254500      42.09
   1282.58923    0.9243500      42.04
   1282.59106    0.9241000      42.02
   1282.59302    0.9246100      42.05
   1282.59497    0.9249200      42.06
   1282.59680    0.9244600      42.04
   1282.59875    0.9235700      42.00
   1282.60059    0.9227500      41.96
   1282.60254    0.9219700      41.93
   1282.60437    0.9209400      41.88
   1282.60632    0.9197300      41.82
   1282.60815    0.9188200      41.78
   1282.61011    0.9185300      41.77
   1282.61206    0.9187600      41.78
   1282.61389    0.9192100      41.80
   1282.61584    0.9198000      41.83
   1282.61768    0.9206900      41.87
   1282.61963    0.9221100      41.93
   1282.62146    0.9240500      42.02
   1282.62341    0.9260700      42.11
   1282.62537    0.9275800      42.18
   1282.62720    0.9282800      42.21
   1282.62915    0.9283700      42.22
   1282.63098    0.9283500      42.22
   1282.63293    0.9285200      42.22
   1282.63477    0.9288500      42.24
   1282.63672    0.9291300      42.25
   1282.63855    0.9292000      42.25
   1282.64050    0.9291000      42.25
   1282.64246    0.9290300      42.25
   1282.64429    0.9291100      42.25
   1282.64624    0.9291700      42.25
   1282.64807    0.9288900      42.24
   1282.65002    0.9282300      42.21
   1282.65186    0.9275700      42.18
   1282.65381    0.9271700      42.16
   1282.65564    0.9267600      42.14
   1282.65759    0.9259100      42.10
   1282.65955    0.9247600      42.05
   1282.66138    0.9240300      42.02
   1282.66333    0.9241500      42.02
   1282.66516    0.9247300      42.05
   1282.66711    0.9251200      42.07
   1282.66895    0.9251800      42.07
   1282.67090    0.9252400      42.07
   1282.67285    0.9254600      42.08
   1282.67468    0.9255100      42.08
   1282.67664    0.9251300      42.07
   1282.67847    0.9244900      42.04
   1282.68042    0.9240300      42.02
   1282.68225    0.9239200      42.01
   1282.68420    0.9238200      42.01
   1282.68604    0.9231800      41.98
   1282.68799    0.9216000      41.90
   1282.68994    0.9191100      41.79
   1282.69177    0.9160700      41.65
   1282.69373    0.9128700      41.51
   1282.69556    0.9096600      41.36
   1282.69751    0.9064000      41.21
   1282.69934    0.9032000      41.07
   1282.70129    0.9004100      40.94
   1282.70325    0.8983200      40.84
   1282.70508    0.8970600      40.79
   1282.70703    0.8967800      40.77
   1282.70886    0.8977100      40.82
   1282.71082    0.8998500      40.91
   1282.71265    0.9027700      41.05
   1282.71460    0.9059700      41.19
   1282.71643    0.9093400      41.34
   1282.71838    0.9129900      41.51
   1282.72034    0.9167400      41.68
   1282.72217    0.9199800      41.83
   1282.72412    0.9223200      41.93
   1282.72595    0.9240400      42.01
   1282.72791    0.9256300      42.08
   1282.72974    0.9272000      42.16
   1282.73169    0.9284300      42.21
   1282.73364    0.9290800      42.24
   1282.73547    0.9293200      42.25
   1282.73743    0.9294500      42.26
   1282.73926    0.9296600      42.27
   1282.74121    0.9299800      42.28
   1282.74304    0.9304600      42.30
   1282.74500    0.9312100      42.34
   1282.74683    0.9321800      42.38
   1282.74878    0.9331200      42.42
   1282.75073    0.9336000      42.45
   1282.75256    0.9333400      42.43
   1282.75452    0.9324700      42.39
   1282.75635    0.9314700      42.35
   1282.75830    0.9308000      42.32
   1282.76013    0.9303500      42.30
   1282.76208    0.9296500      42.27
   1282.76404    0.9283400      42.21
   1282.76587    0.9265800      42.13
   1282.76782    0.9247000      42.04
   1282.76965    0.9227900      41.95
   1282.77161    0.9206300      41.85
   1282.77344    0.9181300      41.74
   1282.77539    0.9155700      41.62
   1282.77722    0.9135800      41.53
   1282.77917    0.9127500      41.50
   1282.78113    0.9133000      41.52
   1282.78296    0.9149100      41.59
   1282.78491    0.9170200      41.69
   1282.78674    0.9192200      41.79
   1282.78870    0.9214200      41.89
   1282.79053    0.9236000      41.99
   1282.79248    0.9256100      42.08
   1282.79443    0.9272200      42.15
   1282.79626    0.9283900      42.21
   1282.79822    0.9291600      42.24
   1282.80005    0.9296000      42.26
   1282.80200    0.9298300      42.27
   1282.80383    0.9299400      42.28
   1282.80579    0.9298800      42.27
   1282.80762    0.9295000      42.26
   1282.80957    0.9288700      42.23
   1282.81152    0.9283700      42.20
   1282.81335    0.9281900      42.20
   1282.81531    0.9278600      42.18
   1282.81714    0.9268000      42.13
   1282.81909    0.9252200      42.06
   1282.82092    0.9238300      42.00
   1282.82288    0.9228100      41.95
   1282.82483    0.9216200      41.90
   1282.82666    0.9200900      41.83
   1282.82861    0.9189300      41.77
   1282.83044    0.9188300      41.77
   1282.83240    0.9196900      41.81
   1282.83423    0.9211200      41.87
   1282.83618    0.9231200      41.96
   1282.83813    0.9255900      42.08
   1282.83997    0.9277400      42.17
   1282.84192    0.9290500      42.23
   1282.84375    0.9301500      42.28
   1282.84570    0.9318400      42.36
   1282.84753    0.9334900      42.43
   1282.84949    0.9339100      42.45
   1282.85132    0.9335200      42.43
   1282.85327    0.9339500      42.45
   1282.85522    0.9351000      42.51
   1282.85706    0.9348300      42.49
   1282.85901    0.9326500      42.39
   1282.86084    0.9311800      42.33
   1282.86279    0.9317100      42.35
   1282.86462    0.9302400      42.28
   1282.86658    0.9218300      41.90
   1282.86853    0.9089300      41.32
   1282.87036    0.9013500      40.97
   1282.87231    0.9058700      41.18
   1282.87415    0.9185500      41.75
   1282.87610    0.9296800      42.26
   1282.87793    0.9345100      42.48
   1282.87988    0.9359300      42.54
   1282.88184    0.9378400      42.63
   1282.88367    0.9400500      42.73
   1282.88562    0.9407100      42.76
   1282.88745    0.9401500      42.73
   1282.88940    0.9401200      42.73
   1282.89124    0.9407300      42.76
   1282.89319    0.9407200      42.76
   1282.89514    0.9400200      42.73
   1282.89697    0.9398100      42.72
   1282.89893    0.9404400      42.75
   1282.90076    0.9409400      42.77
   1282.90271    0.9407900      42.76
   1282.90454    0.9407700      42.76
   1282.90649    0.9414000      42.79
   1282.90833    0.9420100      42.82
   1282.91028    0.9419000      42.81
   1282.91223    0.9415500      42.80
   1282.91406    0.9416700      42.80
   1282.91602    0.9420300      42.82
   1282.91785    0.9419300      42.81
   1282.91980    0.9414700      42.79
   1282.92163    0.9413500      42.79
   1282.92358    0.9416700      42.80
   1282.92554    0.9418600      42.81
   1282.92737    0.9417500      42.80
   1282.92932    0.9418800      42.81
   1282.93115    0.9424800      42.84
   1282.93311    0.9430800      42.86
   1282.93494    0.9432200      42.87
   1282.93689    0.9431000      42.86
   1282.93884    0.9429300      42.86
   1282.94067    0.9424700      42.84
   1282.94263    0.9414300      42.79
   1282.94446    0.9402900      42.74
   1282.94641    0.9397900      42.71
   1282.94824    0.9399100      42.72
   1282.95020    0.9399500      42.72
   1282.95215    0.9396600      42.71
   1282.95398    0.9396600      42.71
   1282.95593    0.9404800      42.74
   1282.95776    0.9417500      42.80
   1282.95972    0.9426200      42.84
   1282.96155    0.9428700      42.85
   1282.96350    0.9429600      42.86
   1282.96545    0.9431800      42.87
   1282.96729    0.9433200      42.87
   1282.96924    0.9431600      42.86
   1282.97107    0.9430500      42.86
   1282.97302    0.9434200      42.88
   1282.97485    0.9440900      42.91
   1282.97681    0.9445000      42.93
   1282.97864    0.9444000      42.92
   1282.98059    0.9441600      42.91
   1282.98254    0.9441100      42.91
   1282.98438    0.9440300      42.90
   1282.98633    0.9435900      42.88
   1282.98816    0.9429700      42.85
   1282.99011    0.9426900      42.84
   1282.99194    0.9428200      42.85
   1282.99390    0.9428000      42.85
   1282.99585    0.9421900      42.82
   1282.99768    0.9411900      42.77
   1282.99963    0.9401400      42.73
   1283.00146    0.9388200      42.67
   1283.00342    0.9367700      42.57
   1283.00525    0.9342800      42.46
   1283.00720    0.9325900      42.38
   1283.00916    0.9328100      42.39
   1283.01099    0.9347900      42.48
   1283.01294    0.9373500      42.60
   1283.01477    0.9394200      42.69
   1283.01672    0.9408800      42.76
   1283.01855    0.9420700      42.81
   1283.02051    0.9432100      42.86
   1283.02246    0.9441100      42.90
   1283.02429    0.9444800      42.92
   1283.02625    0.9442700      42.91
   1283.02808    0.9437600      42.89
   1283.03003    0.9434400      42.87
   1283.03186    0.9436500      42.88
   1283.03381    0.9443700      42.92
   1283.03577    0.9452100      42.95
   1283.03760    0.9457700      42.98
   1283.03955    0.9459000      42.98
   1283.04138    0.9456300      42.97
   1283.04333    0.9450800      42.95
   1283.04517    0.9445000      42.92
   1283.04712    0.9442400      42.91
   1283.04907    0.9444400      42.92
   1283.05090    0.9449100      42.94
   1283.05286    0.9453300      42.96
   1283.05469    0.9456300      42.97
   1283.05664    0.9459300      42.98
   1283.05847    0.9462700      43.00
   1283.06042    0.9464900      43.01
   1283.06238    0.9466400      43.02
   1283.06421    0.9469800      43.03
   1283.06616    0.9476000      43.06
   1283.06799    0.9480200      43.08
   1283.06995    0.9477800      43.07
   1283.07178    0.9470200      43.03
   1283.07373    0.9463700      43.00
   1283.07568    0.9462400      43.00
   1283.07751    0.9465500      43.01
   1283.07947    0.9470700      43.03
   1283.08130    0.9476400      43.06
   1283.08325    0.9480300      43.08
   1283.08508    0.9479500      43.07
   1283.08704    0.9473900      43.05
   1283.08899    0.9467500      43.02
   1283.09082    0.9463300      43.00
   1283.09277    0.9459500      42.98
   1283.09460    0.9452700      42.95
   1283.09656    0.9443500      42.91
   1283.09839    0.9436200      42.88
   1283.10034    0.9433800      42.87
   1283.10229    0.9437400      42.88
   1283.10413    0.9446100      42.92
   1283.10608    0.9457000      42.97
   1283.10791    0.9463900      43.00
   1283.10986    0.9462700      43.00
   1283.11169    0.9455900      42.97
   1283.11365    0.9449300      42.93
   1283.11560    0.9444900      42.91
   1283.11743    0.9439700      42.89
   1283.11938    0.9431200      42.85
   1283.12122    0.9419200      42.80
   1283.12317    0.9402400      42.72
   1283.12500    0.9379200      42.62
   1283.12695    0.9351800      42.49
   1283.12891    0.9323200      42.36
   1283.13074    0.9289700      42.21
   1283.13269    0.9243100      42.00
   1283.13452    0.9182400      41.72
   1283.13647    0.9116900      41.42
   1283.13831    0.9052100      41.13
   1283.14026    0.8983600      40.82
   1283.14221    0.8913500      40.50
   1283.14404    0.8861000      40.26
   1283.14600    0.8842600      40.18
   1283.14783    0.8849800      40.21
   1283.14978    0.8864000      40.27
   1283.15161    0.8888000      40.38
   1283.15356    0.8937000      40.60
   1283.15552    0.8994300      40.86
   1283.15735    0.9011600      40.94
   1283.15930    0.8973600      40.77
   1283.16113    0.8941500      40.62
   1283.16309    0.8994100      40.86
   1283.16492    0.9133700      41.50
   1283.16687    0.9280100      42.16
   1283.16882    0.9364700      42.55
   1283.17065    0.9396700      42.69
   1283.17261    0.9425100      42.82
   1283.17444    0.9464300      43.00
   1283.17639    0.9489200      43.11
   1283.17822    0.9486100      43.10
   1283.18018    0.9474400      43.04
   1283.18213    0.9474400      43.04
   1283.18396    0.9481500      43.08
   1283.18591    0.9481300      43.08
   1283.18774    0.9473700      43.04
   1283.18970    0.9467700      43.01
   1283.19153    0.9465200      43.00
   1283.19348    0.9463300      42.99
   1283.19543    0.9463600      42.99
   1283.19727    0.9469700      43.02
   1283.19922    0.9478000      43.06
   1283.20105    0.9482600      43.08
   1283.20300    0.9485200      43.09
   1283.20483    0.9491600      43.12
   1283.20679    0.9499300      43.16
   1283.20874    0.9501100      43.16
   1283.21057    0.9498100      43.15
   1283.21252    0.9499600      43.16
   1283.21436    0.9507700      43.19
   1283.21631    0.9513500      43.22
   1283.21826    0.9511300      43.21
   1283.22009    0.9508300      43.20
   1283.22205    0.9512200      43.21
   1283.22388    0.9519000      43.24
   1283.22583    0.9520700      43.25
   1283.22766    0.9518800      43.24
   1283.22961    0.9520000      43.25
   1283.23157    0.9523000      43.26
   1283.23340    0.9520100      43.25
   1283.23535    0.9512100      43.21
   1283.23718    0.9509400      43.20
   1283.23914    0.9515600      43.23
   1283.24097    0.9520600      43.25
   1283.24292    0.9515800      43.23
   1283.24487    0.9507800      43.19
   1283.24670    0.9508400      43.19
   1283.24866    0.9516800      43.23
   1283.25049    0.9522400      43.26
   1283.25244    0.9521900      43.25
   1283.25427    0.9523900      43.26
   1283.25623    0.9532700      43.30
   1283.25818    0.9539800      43.34
   1283.26001    0.9537100      43.32
   1283.26196    0.9529600      43.29
   1283.26379    0.9527300      43.28
   1283.26575    0.9529100      43.29
   1283.26758    0.9525000      43.27
   1283.26953    0.9512700      43.21
   1283.27148    0.9502400      43.16
   1283.27332    0.9502600      43.17
   1283.27527    0.9508900      43.19
   1283.27710    0.9512700      43.21
   1283.27905    0.9513400      43.21
   1283.28101    0.9516800      43.23
   1283.28284    0.9523400      43.26
   1283.28479    0.9527700      43.28
   1283.28662    0.9527400      43.28
   1283.28857    0.9526800      43.27
   1283.29041    0.9529900      43.29
   1283.29236    0.9533600      43.31
   1283.29431    0.9533000      43.30
   1283.29614    0.9528500      43.28
   1283.29810    0.9524000      43.26
   1283.29993    0.9521700      43.25
   1283.30188    0.9520700      43.25
   1283.30371    0.9520500      43.24
   1283.30566    0.9522300      43.25
   1283.30762    0.9525700      43.27
   1283.30945    0.9528500      43.28
   1283.31140    0.9528500      43.28
   1283.31323    0.9525800      43.27
   1283.31519    0.9522100      43.25
   1283.31702    0.9520200      43.24
   1283.31897    0.9522800      43.25
   1283.32092    0.9529600      43.28
   1283.32275    0.9536400      43.32
   1283.32471    0.9538900      43.33
   1283.32654    0.9537300      43.32
   1283.32849    0.9535700      43.31
   1283.33032    0.9535500      43.31
   1283.33228    0.9533600      43.30
   1283.33423    0.9528200      43.28
   1283.33606    0.9522500      43.25
   1283.33801    0.9520300      43.24
   1283.33984    0.9519900      43.24
   1283.34180    0.9516700      43.22
   1283.34375    0.9510100      43.19
   1283.34558    0.9503800      43.17
   1283.34753    0.9499000      43.14
   1283.34937    0.9492200      43.11
   1283.35132    0.9481400      43.06
   1283.35315    0.9469600      43.01
   1283.35510    0.9459500      42.96
   1283.35706    0.9447700      42.91
   1283.35889    0.9429600      42.83
   1283.36084    0.9407800      42.73
   1283.36267    0.9391300      42.65
   1283.36462    0.9386900      42.63
   1283.36646    0.9392800      42.66
   1283.36841    0.9404000      42.71
   1283.37036    0.9417300      42.77
   1283.37219    0.9432700      42.84
   1283.37415    0.9449400      42.92
   1283.37598    0.9465400      42.99
   1283.37793    0.9479200      43.05
   1283.37988    0.9490000      43.10
   1283.38171    0.9497700      43.14
   1283.38367    0.9503000      43.16
   1283.38550    0.9507400      43.18
   1283.38745    0.9511600      43.20
   1283.38928    0.9515600      43.22
   1283.39124    0.9520000      43.24
   1283.39319    0.9525300      43.26
   1283.39502    0.9529900      43.28
   1283.39697    0.9530600      43.28
   1283.39880    0.9527800      43.27
   1283.40076    0.9526900      43.27
   1283.40259    0.9533000      43.29
   1283.40454    0.9542900      43.34
   1283.40649    0.9548900      43.37
   1283.40833    0.9548200      43.36
   1283.41028    0.9546000      43.35
   1283.41211    0.9547100      43.36
   1283.41406    0.9548700      43.37
   1283.41602    0.9546800      43.36
   1283.41785    0.9543000      43.34
   1283.41980    0.9542300      43.34
   1283.42163    0.9544200      43.34
   1283.42358    0.9543200      43.34
   1283.42542    0.9537600      43.31
   1283.42737    0.9533900      43.30
   1283.42932    0.9538100      43.32
   1283.43115    0.9548300      43.36
   1283.43311    0.9557600      43.40
   1283.43494    0.9561800      43.42
   1283.43689    0.9560700      43.42
   1283.43872    0.9555100      43.39
   1283.44067    0.9546200      43.35
   1283.44263    0.9538300      43.32
   1283.44446    0.9536600      43.31
   1283.44641    0.9540700      43.33
   1283.44824    0.9544900      43.35
   1283.45020    0.9546200      43.35
   1283.45215    0.9548000      43.36
   1283.45398    0.9554200      43.39
   1283.45593    0.9562200      43.42
   1283.45776    0.9566200      43.44
   1283.45972    0.9565100      43.44
   1283.46155    0.9563700      43.43
   1283.46350    0.9565400      43.44
   1283.46545    0.9567500      43.45
   1283.46729    0.9566300      43.44
   1283.46924    0.9561900      43.42
   1283.47107    0.9557000      43.40
   1283.47302    0.9553100      43.38
   1283.47498    0.9550200      43.37
   1283.47681    0.9549000      43.36
   1283.47876    0.9550100      43.37
   1283.48059    0.9551900      43.37
   1283.48254    0.9552500      43.38
   1283.48438    0.9553000      43.38
   1283.48633    0.9555800      43.39
   1283.48828    0.9559600      43.41
   1283.49011    0.9560100      43.41
   1283.49207    0.9556800      43.40
   1283.49390    0.9554900      43.39
   1283.49585    0.9557500      43.40
   1283.49768    0.9559700      43.41
   1283.49963    0.9554500      43.39
   1283.50159    0.9544400      43.34
   1283.50342    0.9540800      43.32
   1283.50537    0.9549400      43.36
   1283.50720    0.9562700      43.42
   1283.50916    0.9568900      43.45
   1283.51111    0.9565800      43.44
   1283.51294    0.9560900      43.41
   1283.51489    0.9559900      43.41
   1283.51672    0.9560600      43.41
   1283.51868    0.9558600      43.40
   1283.52051    0.9555400      43.39
   1283.52246    0.9555600      43.39
   1283.52441    0.9559300      43.41
   1283.52625    0.9562300      43.42
   1283.52820    0.9561700      43.42
   1283.53003    0.9558200      43.40
   1283.53198    0.9553300      43.38
   1283.53394    0.9547800      43.35
   1283.53577    0.9544800      43.34
   1283.53772    0.9548700      43.36
   1283.53955    0.9558800      43.40
   1283.54150    0.9566900      43.44
   1283.54333    0.9566000      43.43
   1283.54529    0.9559300      43.40
   1283.54724    0.9556800      43.39
   1283.54907    0.9562000      43.42
   1283.55103    0.9567500      43.44
   1283.55286    0.9565900      43.43
   1283.55481    0.9559500      43.40
   1283.55676    0.9556300      43.39
   1283.55859    0.9558400      43.40
   1283.56055    0.9560700      43.41
   1283.56238    0.9559800      43.40
   1283.56433    0.9557900      43.40
   1283.56616    0.9558600      43.40
   1283.56812    0.9561100      43.41
   1283.57007    0.9561800      43.41
   1283.57190    0.9559700      43.40
   1283.57385    0.9556700      43.39
   1283.57568    0.9554600      43.38
   1283.57764    0.9554100      43.38
   1283.57959    0.9555600      43.38
   1283.58142    0.9558400      43.40
   1283.58337    0.9560800      43.41
   1283.58521    0.9561800      43.41
   1283.58716    0.9562500      43.42
   1283.58899    0.9564200      43.42
   1283.59094    0.9565600      43.43
   1283.59290    0.9564600      43.42
   1283.59473    0.9562000      43.41
   1283.59668    0.9561000      43.41
   1283.59851    0.9561700      43.41
   1283.60046    0.9559500      43.40
   1283.60242    0.9551600      43.36
   1283.60425    0.9541100      43.32
   1283.60620    0.9532300      43.28
   1283.60803    0.9523900      43.24
   1283.60999    0.9511500      43.18
   1283.61182    0.9494800      43.11
   1283.61377    0.9479400      43.04
   1283.61572    0.9468100      42.98
   1283.61755    0.9456700      42.93
   1283.61951    0.9439800      42.86
   1283.62134    0.9419800      42.77
   1283.62329    0.9405700      42.70
   1283.62524    0.9402700      42.69
   1283.62708    0.9406500      42.70
   1283.62903    0.9408100      42.71
   1283.63086    0.9403800      42.69
   1283.63281    0.9398100      42.67
   1283.63464    0.9397700      42.66
   1283.63660    0.9403800      42.69
   1283.63855    0.9412300      42.73
   1283.64038    0.9419400      42.76
   1283.64233    0.9425500      42.79
   1283.64417    0.9433500      42.83
   1283.64612    0.9444200      42.87
   1283.64807    0.9455400      42.92
   1283.64990    0.9465200      42.97
   1283.65186    0.9474300      43.01
   1283.65369    0.9484900      43.06
   1283.65564    0.9497400      43.11
   1283.65747    0.9509900      43.17
   1283.65942    0.9520000      43.22
   1283.66138    0.9527300      43.25
   1283.66321    0.9532600      43.27
   1283.66516    0.9537100      43.29
   1283.66699    0.9541800      43.32
   1283.66895    0.9547100      43.34
   1283.67090    0.9553000      43.37
   1283.67273    0.9559700      43.40
   1283.67468    0.9566700      43.43
   1283.67651    0.9572800      43.46
   1283.67847    0.9576400      43.47
   1283.68042    0.9576800      43.47
   1283.68225    0.9575200      43.47
   1283.68420    0.9574400      43.46
   1283.68604    0.9576000      43.47
   1283.68799    0.9580100      43.49
   1283.68982    0.9584900      43.51
   1283.69177    0.9588300      43.52
   1283.69373    0.9588600      43.53
   1283.69556    0.9585700      43.51
   1283.69751    0.9582000      43.50
   1283.69934    0.9580900      43.49
   1283.70129    0.9583900      43.50
   1283.70325    0.9588600      43.53
   1283.70508    0.9590500      43.53
   1283.70703    0.9587600      43.52
   1283.70886    0.9582600      43.50
   1283.71082    0.9579800      43.49
   1283.71265    0.9580400      43.49
   1283.71460    0.9582100      43.50
   1283.71655    0.9582000      43.49
   1283.71838    0.9579900      43.48
   1283.72034    0.9577600      43.47
   1283.72217    0.9575600      43.47
   1283.72412    0.9573100      43.45
   1283.72607    0.9570800      43.44
   1283.72791    0.9572100      43.45
   1283.72986    0.9578200      43.48
   1283.73169    0.9584000      43.50
   1283.73364    0.9582500      43.50
   1283.73560    0.9572600      43.45
   1283.73743    0.9562100      43.40
   1283.73938    0.9558800      43.39
   1283.74121    0.9563200      43.41
   1283.74316    0.9570200      43.44
   1283.74500    0.9576800      43.47
   1283.74695    0.9582900      43.50
   1283.74890    0.9587400      43.52
   1283.75073    0.9588000      43.52
   1283.75269    0.9585100      43.51
   1283.75452    0.9582800      43.50
   1283.75647    0.9583100      43.50
   1283.75842    0.9582700      43.49
   1283.76025    0.9578800      43.48
   1283.76221    0.9574400      43.46
   1283.76404    0.9574200      43.46
   1283.76599    0.9577400      43.47
   1283.76782    0.9579600      43.48
   1283.76978    0.9579800      43.48
   1283.77173    0.9581200      43.49
   1283.77356    0.9584600      43.50
   1283.77551    0.9586900      43.51
   1283.77734    0.9586500      43.51
   1283.77930    0.9585500      43.51
   1283.78125    0.9584600      43.50
   1283.78308    0.9580400      43.48
   1283.78503    0.9571500      43.44
   1283.78687    0.9563400      43.41
   1283.78882    0.9562200      43.40
   1283.79077    0.9565500      43.41
   1283.79260    0.9565700      43.42
   1283.79456    0.9560900      43.39
   1283.79639    0.9556500      43.37
   1283.79834    0.9555700      43.37
   1283.80017    0.9554200      43.36
   1283.80212    0.9547300      43.33
   1283.80408    0.9537300      43.29
   1283.80591    0.9529600      43.25
   1283.80786    0.9525300      43.23
   1283.80969    0.9522500      43.22
   1283.81165    0.9521100      43.21
   1283.81360    0.9522100      43.22
   1283.81543    0.9523600      43.22
   1283.81738    0.9521300      43.21
   1283.81921    0.9513500      43.18
   1283.82117    0.9502200      43.12
   1283.82312    0.9487200      43.06
   1283.82495    0.9465200      42.96
   1283.82690    0.9435500      42.82
   1283.82874    0.9401400      42.67
   1283.83069    0.9365200      42.50
   1283.83264    0.9323200      42.31
   1283.83447    0.9270400      42.07
   1283.83643    0.9208100      41.79
   1283.83826    0.9145100      41.50
   1283.84021    0.9093000      41.27
   1283.84204    0.9063000      41.13
   1283.84399    0.9064700      41.14
   1283.84595    0.9100400      41.30
   1283.84778    0.9160600      41.57
   1283.84973    0.9227400      41.88
   1283.85156    0.9286200      42.14
   1283.85352    0.9332700      42.35
   1283.85547    0.9370400      42.52
   1283.85730    0.9403100      42.67
   1283.85925    0.9432400      42.81
   1283.86108    0.9458400      42.92
   1283.86304    0.9479900      43.02
   1283.86499    0.9495800      43.09
   1283.86682    0.9506900      43.14
   1283.86877    0.9516400      43.19
   1283.87061    0.9526100      43.23
   1283.87256    0.9534100      43.27
   1283.87439    0.9538100      43.28
   1283.87634    0.9540400      43.29
   1283.87830    0.9545900      43.32
   1283.88013    0.9555800      43.36
   1283.88208    0.9566500      43.41
   1283.88391    0.9574300      43.45
   1283.88586    0.9578800      43.47
   1283.88782    0.9581300      43.48
   1283.88965    0.9582000      43.48
   1283.89160    0.9581800      43.48
   1283.89343    0.9583700      43.49
   1283.89539    0.9589100      43.51
   1283.89734    0.9593700      43.53
   1283.89917    0.9591900      43.53
   1283.90112    0.9583500      43.49
   1283.90295    0.9574900      43.45
   1283.90491    0.9571500      43.43
   1283.90686    0.9572200      43.44
   1283.90869    0.9572100      43.44
   1283.91064    0.9569000      43.42
   1283.91248    0.9563700      43.40
   1283.91443    0.9558300      43.37
   1283.91626    0.9554200      43.35
   1283.91821    0.9552900      43.35
   1283.92017    0.9554700      43.36
   1283.92200    0.9556400      43.36
   1283.92395    0.9554700      43.36
   1283.92578    0.9549700      43.33
   1283.92773    0.9544600      43.31
   1283.92969    0.9540600      43.29
   1283.93152    0.9533900      43.26
   1283.93347    0.9521600      43.20
   1283.93530    0.9505100      43.13
   1283.93726    0.9487500      43.05
   1283.93921    0.9468600      42.96
   1283.94104    0.9446900      42.87
   1283.94299    0.9425900      42.77
   1283.94482    0.9412800      42.71
   1283.94678    0.9410300      42.70
   1283.94873    0.9413300      42.71
   1283.95056    0.9415900      42.72
   1283.95251    0.9418500      42.74
   1283.95435    0.9424900      42.76
   1283.95630    0.9435700      42.81
   1283.95825    0.9448700      42.87
   1283.96008    0.9463400      42.94
   1283.96204    0.9482000      43.02
   1283.96387    0.9503800      43.12
   1283.96582    0.9523600      43.21
   1283.96765    0.9537700      43.28
   1283.96960    0.9548000      43.32
   1283.97156    0.9557900      43.37
   1283.97339    0.9567300      43.41
   1283.97534    0.9573500      43.44
   1283.97717    0.9575400      43.45
   1283.97913    0.9574500      43.44
   1283.98108    0.9572500      43.43
   1283.98291    0.9571000      43.43
   1283.98486    0.9572100      43.43
   1283.98669    0.9577200      43.45
   1283.98865    0.9584100      43.48
   1283.99060    0.9587800      43.50
   1283.99243    0.9586300      43.49
   1283.99438    0.9581700      43.47
   1283.99622    0.9577800      43.46
   1283.99817    0.9575800      43.45
   1284.00012    0.9576100      43.45
   1284.00195    0.9579100      43.46
   1284.00391    0.9584200      43.48
   1284.00574    0.9588000      43.50
   1284.00769    0.9588200      43.50
   1284.00964    0.9586500      43.49
   1284.01147    0.9586200      43.49
   1284.01343    0.9587100      43.50
   1284.01526    0.9586300      43.49
   1284.01721    0.9583100      43.48
   1284.01904    0.9580100      43.46
   1284.02100    0.9578000      43.45
   1284.02295    0.9573200      43.43
   1284.02478    0.9564500      43.39
   1284.02673    0.9556000      43.35
   1284.02856    0.9551500      43.33
   1284.03052    0.9547300      43.31
   1284.03247    0.9536100      43.26
   1284.03430    0.9517300      43.18
   1284.03625    0.9496100      43.08
   1284.03809    0.9472700      42.98
   1284.04004    0.9437800      42.82
   1284.04199    0.9383200      42.57
   1284.04382    0.9311100      42.24
   1284.04578    0.9229500      41.87
   1284.04761    0.9141000      41.47
   1284.04956    0.9042400      41.02
   1284.05151    0.8934700      40.53
   1284.05334    0.8829400      40.06
   1284.05530    0.8742600      39.66
   1284.05713    0.8685600      39.40
   1284.05908    0.8661100      39.29
   1284.06104    0.8665800      39.31
   1284.06287    0.8695200      39.45
   1284.06482    0.8746400      39.68
   1284.06665    0.8816300      40.00
   1284.06860    0.8898200      40.37
   1284.07056    0.8982600      40.75
   1284.07239    0.9063500      41.12
   1284.07434    0.9140100      41.46
   1284.07617    0.9211400      41.79
   1284.07812    0.9272900      42.07
   1284.08008    0.9322100      42.29
   1284.08191    0.9365000      42.48
   1284.08386    0.9408600      42.68
   1284.08569    0.9450300      42.87
   1284.08765    0.9480400      43.01
   1284.08960    0.9497500      43.08
   1284.09143    0.9511700      43.15
   1284.09338    0.9530400      43.23
   1284.09521    0.9548600      43.32
   1284.09717    0.9558300      43.36
   1284.09900    0.9561900      43.38
