   1268.00122    0.0897600       4.18
   1268.00305    0.1702000       7.93
   1268.00488    0.3238700      15.09
   1268.00671    0.4737500      22.07
   1268.00867    0.5742400      26.75
   1268.01050    0.6300600      29.36
   1268.01233    0.6696700      31.20
   1268.01416    0.7050500      32.85
   1268.01599    0.7162400      33.37
   1268.01794    0.6768700      31.54
   1268.01978    0.5969700      27.81
   1268.02161    0.5323400      24.80
   1268.02344    0.5387200      25.10
   1268.02527    0.6161800      28.71
   1268.02722    0.7100200      33.08
   1268.02905    0.7687300      35.82
   1268.03088    0.7893100      36.77
   1268.03271    0.8009000      37.31
   1268.03455    0.8195900      38.18
   1268.03650    0.8355300      38.93
   1268.03833    0.8379900      39.04
   1268.04016    0.8333000      38.82
   1268.04199    0.8325200      38.79
   1268.04395    0.8345700      38.88
   1268.04578    0.8310800      38.72
   1268.04761    0.8210700      38.25
   1268.04944    0.8111200      37.79
   1268.05127    0.8028000      37.40
   1268.05322    0.7884800      36.73
   1268.05505    0.7614800      35.48
   1268.05688    0.7238300      33.72
   1268.05872    0.6794300      31.65
   1268.06055    0.6219000      28.97
   1268.06250    0.5352100      24.93
   1268.06433    0.4104200      19.12
   1268.06616    0.2623300      12.22
   1268.06799    0.1278900       5.96
   1268.06982    0.0462200       2.15
   1268.07178    0.0377500       1.76
   1268.07361    0.0987500       4.60
   1268.07544    0.2097500       9.77
   1268.07727    0.3448700      16.07
   1268.07910    0.4769300      22.22
   1268.08105    0.5837300      27.19
   1268.08289    0.6573400      30.62
   1268.08472    0.7062400      32.90
   1268.08655    0.7441700      34.67
   1268.08850    0.7766900      36.18
   1268.09033    0.8007800      37.30
   1268.09216    0.8153300      37.98
   1268.09399    0.8258700      38.47
   1268.09583    0.8373300      39.01
   1268.09778    0.8475200      39.48
   1268.09961    0.8521800      39.70
   1268.10144    0.8529600      39.73
   1268.10327    0.8553100      39.84
   1268.10510    0.8600000      40.06
   1268.10706    0.8630500      40.20
   1268.10889    0.8636800      40.23
   1268.11072    0.8661100      40.35
   1268.11255    0.8715200      40.60
   1268.11438    0.8746200      40.74
   1268.11633    0.8720400      40.62
   1268.11816    0.8682900      40.45
   1268.12000    0.8680500      40.44
   1268.12183    0.8677900      40.42
   1268.12378    0.8625200      40.18
   1268.12561    0.8561800      39.88
   1268.12744    0.8556000      39.86
   1268.12927    0.8567200      39.91
   1268.13110    0.8488400      39.54
   1268.13306    0.8328600      38.80
   1268.13489    0.8207200      38.23
   1268.13672    0.8131500      37.88
   1268.13855    0.7940400      36.99
   1268.14038    0.7557800      35.21
   1268.14233    0.7122300      33.18
   1268.14417    0.6690000      31.16
   1268.14600    0.5975800      27.84
   1268.14783    0.4695900      21.87
   1268.14966    0.3124800      14.56
   1268.15161    0.1957300       9.12
   1268.15344    0.1500000       6.99
   1268.15527    0.1321200       6.15
   1268.15710    0.0942200       4.39
   1268.15906    0.0616400       2.87
   1268.16089    0.1046300       4.87
   1268.16272    0.2414100      11.24
   1268.16455    0.4090800      19.05
   1268.16638    0.5374000      25.03
   1268.16833    0.6172100      28.75
   1268.17017    0.6790400      31.63
   1268.17200    0.7347200      34.22
   1268.17383    0.7710300      35.91
   1268.17566    0.7864500      36.63
   1268.17761    0.8001500      37.27
   1268.17944    0.8227300      38.32
   1268.18127    0.8430100      39.27
   1268.18311    0.8509800      39.64
   1268.18494    0.8543700      39.79
   1268.18689    0.8632900      40.21
   1268.18872    0.8735300      40.69
   1268.19055    0.8766500      40.83
   1268.19238    0.8757200      40.79
   1268.19434    0.8787700      40.93
   1268.19617    0.8842700      41.19
   1268.19800    0.8852300      41.23
   1268.19983    0.8827900      41.12
   1268.20166    0.8838000      41.16
   1268.20361    0.8878800      41.35
   1268.20544    0.8882800      41.37
   1268.20728    0.8841700      41.18
   1268.20911    0.8814300      41.05
   1268.21094    0.8812600      41.05
   1268.21289    0.8789000      40.94
   1268.21472    0.8746700      40.74
   1268.21655    0.8750700      40.76
   1268.21838    0.8799200      40.98
   1268.22034    0.8799800      40.99
   1268.22217    0.8719500      40.61
   1268.22400    0.8647100      40.27
   1268.22583    0.8639500      40.24
   1268.22766    0.8618400      40.14
   1268.22961    0.8512100      39.64
   1268.23145    0.8391700      39.08
   1268.23328    0.8339800      38.84
   1268.23511    0.8282700      38.58
   1268.23694    0.8112600      37.78
   1268.23889    0.7901600      36.80
   1268.24072    0.7793300      36.30
   1268.24255    0.7723000      35.97
   1268.24438    0.7487900      34.87
   1268.24634    0.7101700      33.07
   1268.24817    0.6780200      31.58
   1268.25000    0.6466700      30.12
   1268.25183    0.5704500      26.57
   1268.25366    0.4285400      19.96
   1268.25562    0.2819500      13.13
   1268.25745    0.2266600      10.56
   1268.25928    0.2904000      13.52
   1268.26111    0.4057500      18.90
   1268.26294    0.4855200      22.61
   1268.26489    0.4918700      22.91
   1268.26672    0.4277900      19.92
   1268.26855    0.3078600      14.34
   1268.27039    0.1717800       8.00
   1268.27234    0.0966200       4.50
   1268.27417    0.1449300       6.75
   1268.27600    0.2966100      13.81
   1268.27783    0.4637400      21.60
   1268.27966    0.5793400      26.98
   1268.28162    0.6473400      30.15
   1268.28345    0.7021800      32.70
   1268.28528    0.7523000      35.03
   1268.28711    0.7837200      36.50
   1268.28894    0.7962300      37.08
   1268.29089    0.8066400      37.56
   1268.29272    0.8219700      38.28
   1268.29456    0.8327600      38.78
   1268.29639    0.8333800      38.81
   1268.29822    0.8311500      38.71
   1268.30017    0.8320100      38.75
   1268.30200    0.8319300      38.74
   1268.30383    0.8275900      38.54
   1268.30566    0.8241500      38.38
   1268.30762    0.8257500      38.45
   1268.30945    0.8270200      38.51
   1268.31128    0.8210000      38.23
   1268.31311    0.8093300      37.69
   1268.31494    0.7976200      37.14
   1268.31689    0.7851700      36.56
   1268.31873    0.7659500      35.67
   1268.32056    0.7368300      34.31
   1268.32239    0.6984700      32.53
   1268.32434    0.6490700      30.23
   1268.32617    0.5820100      27.10
   1268.32800    0.4900900      22.82
   1268.32983    0.3709500      17.27
   1268.33167    0.2334000      10.87
   1268.33362    0.1045800       4.87
   1268.33545    0.0263000       1.22
   1268.33728    0.0316700       1.47
   1268.33911    0.1183300       5.51
   1268.34094    0.2478600      11.54
   1268.34290    0.3756100      17.49
   1268.34473    0.4794900      22.33
   1268.34656    0.5604400      26.10
   1268.34839    0.6238400      29.05
   1268.35034    0.6699200      31.19
   1268.35217    0.6995900      32.58
   1268.35400    0.7188500      33.47
   1268.35583    0.7331400      34.14
   1268.35767    0.7427200      34.58
   1268.35962    0.7472900      34.80
   1268.36145    0.7503600      34.94
   1268.36328    0.7541600      35.12
   1268.36511    0.7543400      35.12
   1268.36694    0.7459200      34.73
   1268.36890    0.7316500      34.07
   1268.37073    0.7172900      33.40
   1268.37256    0.6999700      32.59
   1268.37439    0.6704100      31.22
   1268.37634    0.6266700      29.18
   1268.37817    0.5751500      26.78
   1268.38000    0.5137500      23.92
   1268.38184    0.4270200      19.88
   1268.38367    0.3090900      14.39
   1268.38562    0.1838700       8.56
   1268.38745    0.0878700       4.09
   1268.38928    0.0348200       1.62
   1268.39111    0.0100300       0.47
   1268.39294   -0.0009100      -0.04
   1268.39490    0.0071100       0.33
   1268.39673    0.0453600       2.11
   1268.39856    0.1126800       5.25
   1268.40039    0.1959900       9.13
   1268.40234    0.2749600      12.80
   1268.40417    0.3178400      14.80
   1268.40601    0.2925400      13.62
   1268.40784    0.2059400       9.59
   1268.40967    0.1248800       5.81
   1268.41162    0.1296200       6.04
   1268.41345    0.2374200      11.05
   1268.41528    0.3877500      18.05
   1268.41711    0.5092100      23.71
   1268.41907    0.5839500      27.19
   1268.42090    0.6377200      29.69
   1268.42273    0.6881800      32.04
   1268.42456    0.7274700      33.87
   1268.42639    0.7481500      34.83
   1268.42834    0.7600900      35.39
   1268.43018    0.7748600      36.08
   1268.43201    0.7899300      36.78
   1268.43384    0.7975700      37.13
   1268.43567    0.7992300      37.21
   1268.43762    0.8018400      37.33
   1268.43945    0.8059200      37.52
   1268.44128    0.8064500      37.55
   1268.44312    0.8023800      37.36
   1268.44507    0.7978400      37.15
   1268.44690    0.7948400      37.01
   1268.44873    0.7904500      36.80
   1268.45056    0.7816100      36.39
   1268.45239    0.7686100      35.78
   1268.45435    0.7530400      35.06
   1268.45618    0.7344200      34.19
   1268.45801    0.7098000      33.05
   1268.45984    0.6759300      31.47
   1268.46179    0.6312800      29.39
   1268.46362    0.5751600      26.78
   1268.46545    0.5037700      23.45
   1268.46729    0.4102500      19.10
   1268.46912    0.2944400      13.71
   1268.47107    0.1731400       8.06
   1268.47290    0.0738500       3.44
   1268.47473    0.0144800       0.67
   1268.47656   -0.0059400      -0.28
   1268.47852    0.0064700       0.30
   1268.48035    0.0550000       2.56
   1268.48218    0.1443500       6.72
   1268.48401    0.2623600      12.21
   1268.48584    0.3818500      17.78
   1268.48779    0.4820200      22.44
   1268.48962    0.5604300      26.09
   1268.49146    0.6230800      29.01
   1268.49329    0.6722100      31.29
   1268.49512    0.7081800      32.97
   1268.49707    0.7349400      34.21
   1268.49890    0.7567700      35.23
   1268.50073    0.7737400      36.02
   1268.50256    0.7851700      36.55
   1268.50452    0.7937500      36.95
   1268.50635    0.8018300      37.33
   1268.50818    0.8077700      37.60
   1268.51001    0.8105300      37.73
   1268.51184    0.8136700      37.88
   1268.51379    0.8195000      38.15
   1268.51562    0.8240700      38.36
   1268.51746    0.8242100      38.37
   1268.51929    0.8245400      38.38
   1268.52124    0.8295800      38.62
   1268.52307    0.8336700      38.81
   1268.52490    0.8292900      38.60
   1268.52673    0.8215100      38.24
   1268.52856    0.8207400      38.21
   1268.53052    0.8224200      38.28
   1268.53235    0.8106500      37.74
   1268.53418    0.7846000      36.52
   1268.53601    0.7606200      35.41
   1268.53796    0.7363800      34.28
   1268.53979    0.6745900      31.40
   1268.54163    0.5504900      25.63
   1268.54346    0.4091600      19.05
   1268.54529    0.3436700      16.00
   1268.54724    0.4025000      18.74
   1268.54907    0.5359500      24.95
   1268.55090    0.6488200      30.20
   1268.55273    0.6942000      32.31
   1268.55469    0.6986800      32.52
   1268.55652    0.7048400      32.81
   1268.55835    0.7162900      33.34
   1268.56018    0.7089400      33.00
   1268.56201    0.6761800      31.48
   1268.56396    0.6379900      29.70
   1268.56580    0.6040100      28.12
   1268.56763    0.5489400      25.55
   1268.56946    0.4424500      20.60
   1268.57141    0.2990500      13.92
   1268.57324    0.1789500       8.33
   1268.57507    0.1292800       6.02
   1268.57690    0.1340300       6.24
   1268.57874    0.1346600       6.27
   1268.58069    0.0957500       4.46
   1268.58252    0.0361100       1.68
   1268.58435   -0.0036100      -0.17
   1268.58618   -0.0042600      -0.20
   1268.58801    0.0304900       1.42
   1268.58997    0.0981800       4.57
   1268.59180    0.2005600       9.34
   1268.59363    0.3249200      15.12
   1268.59546    0.4424100      20.59
   1268.59741    0.5326400      24.79
   1268.59924    0.5992700      27.89
   1268.60107    0.6553000      30.50
   1268.60291    0.7032000      32.73
   1268.60474    0.7378000      34.34
   1268.60669    0.7607600      35.41
   1268.60852    0.7805400      36.33
   1268.61035    0.8004000      37.25
   1268.61218    0.8161600      37.99
   1268.61414    0.8259800      38.44
   1268.61597    0.8342500      38.83
   1268.61780    0.8442400      39.29
   1268.61963    0.8534100      39.72
   1268.62146    0.8589200      39.98
   1268.62341    0.8626500      40.15
   1268.62524    0.8676000      40.38
   1268.62708    0.8729700      40.63
   1268.62891    0.8761700      40.78
   1268.63086    0.8771500      40.83
   1268.63269    0.8776600      40.85
   1268.63452    0.8782300      40.88
   1268.63635    0.8787100      40.90
   1268.63818    0.8803000      40.97
   1268.64014    0.8842100      41.15
   1268.64197    0.8889400      41.37
   1268.64380    0.8917600      41.50
   1268.64563    0.8923900      41.53
   1268.64758    0.8929800      41.56
   1268.64941    0.8945800      41.64
   1268.65125    0.8958400      41.69
   1268.65308    0.8955900      41.68
   1268.65491    0.8946800      41.64
   1268.65686    0.8944600      41.63
   1268.65869    0.8949300      41.65
   1268.66052    0.8951900      41.66
   1268.66235    0.8948600      41.65
   1268.66431    0.8941200      41.61
   1268.66614    0.8928600      41.55
   1268.66797    0.8908600      41.46
   1268.66980    0.8883600      41.34
   1268.67175    0.8861600      41.24
   1268.67358    0.8846900      41.17
   1268.67542    0.8834800      41.12
   1268.67725    0.8815700      41.03
   1268.67908    0.8786200      40.89
   1268.68103    0.8751600      40.73
   1268.68286    0.8717000      40.57
   1268.68469    0.8677000      40.38
   1268.68652    0.8621700      40.12
   1268.68848    0.8553000      39.80
   1268.69031    0.8481500      39.47
   1268.69214    0.8405500      39.12
   1268.69397    0.8306300      38.66
   1268.69580    0.8172200      38.03
   1268.69775    0.8012200      37.29
   1268.69958    0.7829400      36.44
   1268.70142    0.7596000      35.35
   1268.70325    0.7275000      33.86
   1268.70520    0.6852600      31.89
   1268.70703    0.6319800      29.41
   1268.70886    0.5626700      26.19
   1268.71069    0.4700100      21.87
   1268.71252    0.3529900      16.43
   1268.71448    0.2235600      10.40
   1268.71631    0.1046900       4.87
   1268.71814    0.0223600       1.04
   1268.71997   -0.0056300      -0.26
   1268.72192    0.0183200       0.85
   1268.72375    0.0698300       3.25
   1268.72559    0.1224600       5.70
   1268.72742    0.1753700       8.16
   1268.72925    0.2532500      11.79
   1268.73120    0.3700400      17.22
   1268.73303    0.5005600      23.29
   1268.73486    0.6022000      28.02
   1268.73669    0.6613300      30.77
   1268.73865    0.7009600      32.62
   1268.74048    0.7413400      34.50
   1268.74231    0.7741600      36.03
   1268.74414    0.7864100      36.60
   1268.74597    0.7889500      36.71
   1268.74792    0.7997200      37.21
   1268.74976    0.8113500      37.76
   1268.75159    0.8029300      37.36
   1268.75342    0.7783100      36.22
   1268.75537    0.7598100      35.36
   1268.75720    0.7374000      34.31
   1268.75903    0.6621400      30.81
   1268.76086    0.5188100      24.14
   1268.76282    0.3810700      17.73
   1268.76465    0.3534900      16.45
   1268.76648    0.4587400      21.35
   1268.76831    0.6140900      28.58
   1268.77014    0.7256100      33.76
   1268.77209    0.7755800      36.09
   1268.77393    0.8040200      37.41
   1268.77576    0.8361100      38.91
   1268.77759    0.8606500      40.05
   1268.77954    0.8671500      40.35
   1268.78137    0.8677800      40.38
   1268.78320    0.8756200      40.74
   1268.78503    0.8851000      41.18
   1268.78687    0.8862000      41.24
   1268.78882    0.8826900      41.07
   1268.79065    0.8840500      41.14
   1268.79248    0.8892000      41.38
   1268.79431    0.8906500      41.44
   1268.79626    0.8887200      41.35
   1268.79810    0.8901800      41.42
   1268.79993    0.8959300      41.69
   1268.80176    0.9001200      41.88
   1268.80359    0.9007200      41.91
   1268.80554    0.9017000      41.96
   1268.80737    0.9044500      42.08
   1268.80920    0.9052300      42.12
   1268.81104    0.9029300      42.01
   1268.81299    0.9022400      41.98
   1268.81482    0.9060500      42.16
   1268.81665    0.9104400      42.36
   1268.81848    0.9109800      42.39
   1268.82043    0.9092700      42.31
   1268.82227    0.9093000      42.31
   1268.82410    0.9107700      42.38
   1268.82593    0.9105600      42.37
   1268.82776    0.9084700      42.27
   1268.82971    0.9069500      42.20
   1268.83154    0.9063000      42.17
   1268.83337    0.9044300      42.08
   1268.83521    0.9009500      41.92
   1268.83716    0.8979400      41.78
   1268.83899    0.8962300      41.70
   1268.84082    0.8942700      41.61
   1268.84265    0.8910200      41.46
   1268.84448    0.8875000      41.29
   1268.84644    0.8843400      41.15
   1268.84827    0.8804000      40.96
   1268.85010    0.8748200      40.70
   1268.85193    0.8684100      40.40
   1268.85388    0.8617900      40.10
   1268.85571    0.8537900      39.72
   1268.85754    0.8430000      39.22
   1268.85938    0.8293600      38.59
   1268.86133    0.8125800      37.81
   1268.86316    0.7902600      36.77
   1268.86499    0.7592400      35.32
   1268.86682    0.7175600      33.38
   1268.86865    0.6627200      30.83
   1268.87061    0.5883300      27.37
   1268.87244    0.4859300      22.61
   1268.87427    0.3541100      16.47
   1268.87610    0.2081800       9.69
   1268.87805    0.0810900       3.77
   1268.87988    0.0113800       0.53
   1268.88171    0.0231000       1.07
   1268.88354    0.1115300       5.19
   1268.88538    0.2461700      11.45
   1268.88733    0.3892800      18.11
   1268.88916    0.5142400      23.92
   1268.89099    0.6110600      28.43
   1268.89282    0.6812000      31.69
   1268.89478    0.7313000      34.02
   1268.89661    0.7689500      35.77
   1268.89844    0.7987800      37.16
   1268.90027    0.8209900      38.19
   1268.90222    0.8352800      38.86
   1268.90405    0.8449800      39.31
   1268.90588    0.8541500      39.74
   1268.90771    0.8622100      40.11
   1268.90955    0.8665500      40.31
   1268.91150    0.8694000      40.45
   1268.91333    0.8757300      40.74
   1268.91516    0.8837500      41.11
   1268.91699    0.8859200      41.21
   1268.91895    0.8818700      41.03
   1268.92078    0.8807500      40.97
   1268.92261    0.8850200      41.17
   1268.92444    0.8828700      41.07
   1268.92639    0.8670100      40.33
   1268.92822    0.8494500      39.52
   1268.93005    0.8393100      39.04
   1268.93188    0.8141500      37.87
   1268.93372    0.7422900      34.53
   1268.93567    0.6405800      29.80
   1268.93750    0.5806900      27.01
   1268.93933    0.6154800      28.63
   1268.94116    0.7154300      33.28
   1268.94312    0.8031300      37.36
   1268.94495    0.8404300      39.10
   1268.94678    0.8525500      39.66
   1268.94861    0.8712100      40.53
   1268.95056    0.8910500      41.45
   1268.95239    0.8949700      41.63
   1268.95422    0.8904600      41.42
   1268.95605    0.8949900      41.63
   1268.95789    0.9042200      42.06
   1268.95984    0.9024600      41.98
   1268.96167    0.8936500      41.57
   1268.96350    0.8937900      41.58
   1268.96533    0.8984000      41.79
   1268.96729    0.8875300      41.29
   1268.96912    0.8628900      40.14
   1268.97095    0.8457400      39.34
   1268.97278    0.8284700      38.54
   1268.97473    0.7659300      35.63
   1268.97656    0.6434200      29.93
   1268.97839    0.5279300      24.56
   1268.98022    0.5111000      23.77
   1268.98206    0.6057300      28.18
   1268.98401    0.7326600      34.08
   1268.98584    0.8132600      37.83
   1268.98767    0.8425500      39.19
   1268.98950    0.8606200      40.03
   1268.99146    0.8854800      41.19
   1268.99329    0.9027600      41.99
   1268.99512    0.9041700      42.06
   1268.99695    0.9027000      41.99
   1268.99890    0.9087100      42.27
   1269.00073    0.9153000      42.57
   1269.00256    0.9144700      42.54
   1269.00439    0.9111300      42.38
   1269.00623    0.9126000      42.45
   1269.00818    0.9160100      42.61
   1269.01001    0.9151700      42.57
   1269.01184    0.9120000      42.42
   1269.01367    0.9122700      42.43
   1269.01562    0.9153900      42.58
   1269.01746    0.9164000      42.62
   1269.01929    0.9147400      42.55
   1269.02112    0.9138500      42.51
   1269.02307    0.9142200      42.52
   1269.02490    0.9131000      42.47
   1269.02673    0.9101700      42.33
   1269.02856    0.9078800      42.23
   1269.03040    0.9066200      42.17
   1269.03235    0.9041900      42.06
   1269.03418    0.9001100      41.87
   1269.03601    0.8961800      41.68
   1269.03784    0.8928500      41.53
   1269.03979    0.8885700      41.33
   1269.04163    0.8828100      41.06
   1269.04346    0.8761800      40.75
   1269.04529    0.8677800      40.36
   1269.04724    0.8559500      39.81
   1269.04907    0.8406900      39.10
   1269.05090    0.8214000      38.20
   1269.05273    0.7933200      36.90
   1269.05457    0.7508400      34.92
   1269.05652    0.6926000      32.21
   1269.05835    0.6156300      28.63
   1269.06018    0.5068600      23.57
   1269.06201    0.3560400      16.56
   1269.06396    0.1870200       8.70
   1269.06580    0.0648300       3.02
   1269.06763    0.0525400       2.44
   1269.06946    0.1560900       7.26
   1269.07141    0.3193100      14.85
   1269.07324    0.4747200      22.08
   1269.07507    0.5916800      27.52
   1269.07690    0.6759800      31.44
   1269.07886    0.7396000      34.40
   1269.08069    0.7851400      36.52
   1269.08252    0.8141500      37.86
   1269.08435    0.8341000      38.79
   1269.08618    0.8516400      39.61
   1269.08813    0.8662200      40.29
   1269.08997    0.8752600      40.71
   1269.09180    0.8809600      40.97
   1269.09363    0.8875300      41.28
   1269.09558    0.8949700      41.62
   1269.09741    0.9003000      41.87
   1269.09924    0.9032700      42.01
   1269.10107    0.9066100      42.16
   1269.10303    0.9110500      42.37
   1269.10486    0.9144000      42.53
   1269.10669    0.9157800      42.59
   1269.10852    0.9173700      42.66
   1269.11035    0.9203600      42.80
   1269.11230    0.9226800      42.91
   1269.11414    0.9225000      42.90
   1269.11597    0.9214500      42.85
   1269.11780    0.9218100      42.87
   1269.11975    0.9226800      42.91
   1269.12158    0.9220900      42.88
   1269.12341    0.9211700      42.84
   1269.12524    0.9225100      42.90
   1269.12720    0.9252200      43.03
   1269.12903    0.9258100      43.05
   1269.13086    0.9241500      42.98
   1269.13269    0.9238400      42.96
   1269.13464    0.9258800      43.06
   1269.13647    0.9266800      43.09
   1269.13831    0.9245300      42.99
   1269.14014    0.9231300      42.93
   1269.14197    0.9251800      43.02
   1269.14392    0.9272300      43.12
   1269.14575    0.9257300      43.05
   1269.14758    0.9239200      42.97
   1269.14941    0.9260600      43.06
   1269.15137    0.9287000      43.19
   1269.15320    0.9258700      43.06
   1269.15503    0.9206800      42.81
   1269.15686    0.9209700      42.83
   1269.15881    0.9241600      42.98
   1269.16064    0.9190300      42.74
   1269.16248    0.9055400      42.11
   1269.16431    0.8969700      41.71
   1269.16626    0.8934000      41.54
   1269.16809    0.8693600      40.43
   1269.16992    0.8074600      37.55
   1269.17175    0.7364000      34.24
   1269.17358    0.7113300      33.08
   1269.17554    0.7525600      34.99
   1269.17737    0.8228700      38.26
   1269.17920    0.8729500      40.59
   1269.18103    0.8917100      41.46
   1269.18298    0.8999200      41.85
   1269.18481    0.9112500      42.37
   1269.18665    0.9202000      42.79
   1269.18848    0.9217900      42.86
   1269.19043    0.9216200      42.86
   1269.19226    0.9240500      42.97
   1269.19409    0.9256000      43.04
   1269.19592    0.9242100      42.98
   1269.19788    0.9234600      42.94
   1269.19971    0.9242400      42.98
   1269.20154    0.9225000      42.90
   1269.20337    0.9185800      42.71
   1269.20520    0.9177300      42.67
   1269.20715    0.9180900      42.69
   1269.20898    0.9107900      42.35
   1269.21082    0.8964700      41.68
   1269.21265    0.8855900      41.18
   1269.21460    0.8726000      40.57
   1269.21643    0.8290400      38.55
   1269.21826    0.7447800      34.63
   1269.22009    0.6643700      30.89
   1269.22205    0.6525600      30.34
   1269.22388    0.7203100      33.49
   1269.22571    0.8100900      37.67
   1269.22754    0.8628800      40.12
   1269.22949    0.8768100      40.77
   1269.23132    0.8856800      41.18
   1269.23315    0.9027800      41.98
   1269.23499    0.9130400      42.45
   1269.23682    0.9092600      42.28
   1269.23877    0.9054900      42.10
   1269.24060    0.9111300      42.36
   1269.24243    0.9162900      42.60
   1269.24426    0.9119400      42.40
   1269.24622    0.9059900      42.12
   1269.24805    0.9076600      42.20
   1269.24988    0.9107400      42.34
   1269.25171    0.9058300      42.12
   1269.25366    0.8978500      41.75
   1269.25549    0.8963700      41.68
   1269.25732    0.8969200      41.70
   1269.25916    0.8884200      41.31
   1269.26111    0.8732900      40.60
   1269.26294    0.8621600      40.09
   1269.26477    0.8508300      39.56
   1269.26660    0.8229800      38.26
   1269.26855    0.7765600      36.11
   1269.27039    0.7236300      33.64
   1269.27222    0.6552500      30.46
   1269.27405    0.5349200      24.87
   1269.27588    0.3547600      16.49
   1269.27783    0.1844500       8.58
   1269.27966    0.1282200       5.96
   1269.28149    0.2235800      10.39
   1269.28333    0.4032500      18.75
   1269.28528    0.5665400      26.34
   1269.28711    0.6695700      31.13
   1269.28894    0.7332500      34.09
   1269.29077    0.7855500      36.52
   1269.29272    0.8266100      38.43
   1269.29456    0.8483900      39.44
   1269.29639    0.8586300      39.92
   1269.29822    0.8708500      40.49
   1269.30017    0.8848100      41.14
   1269.30200    0.8918500      41.46
   1269.30383    0.8925700      41.50
   1269.30566    0.8959600      41.65
   1269.30762    0.9039900      42.03
   1269.30945    0.9093600      42.28
   1269.31128    0.9090500      42.26
   1269.31311    0.9093000      42.27
   1269.31494    0.9143100      42.51
   1269.31689    0.9191000      42.73
   1269.31873    0.9187400      42.71
   1269.32056    0.9170500      42.63
   1269.32239    0.9195300      42.75
   1269.32434    0.9233600      42.93
   1269.32617    0.9224500      42.88
   1269.32800    0.9185900      42.70
   1269.32983    0.9187200      42.71
   1269.33179    0.9226300      42.89
   1269.33362    0.9230700      42.91
   1269.33545    0.9185200      42.70
   1269.33728    0.9159900      42.58
   1269.33923    0.9181400      42.68
   1269.34106    0.9179700      42.67
   1269.34290    0.9115300      42.38
   1269.34473    0.9062200      42.13
   1269.34668    0.9077900      42.20
   1269.34851    0.9081900      42.22
   1269.35034    0.8982600      41.76
   1269.35217    0.8847800      41.13
   1269.35413    0.8791700      40.87
   1269.35596    0.8740200      40.63
   1269.35779    0.8512900      39.57
   1269.35962    0.8131500      37.80
   1269.36145    0.7784000      36.19
   1269.36340    0.7385700      34.33
   1269.36523    0.6488500      30.16
   1269.36707    0.4931400      22.92
   1269.36890    0.3414400      15.87
   1269.37085    0.3009900      13.99
   1269.37268    0.4031700      18.74
   1269.37451    0.5685200      26.43
   1269.37634    0.6957900      32.34
   1269.37830    0.7583400      35.25
   1269.38013    0.7950800      36.96
   1269.38196    0.8350600      38.82
   1269.38379    0.8679400      40.35
   1269.38574    0.8807100      40.94
   1269.38757    0.8846700      41.12
   1269.38940    0.8946900      41.59
   1269.39124    0.9065200      42.14
   1269.39319    0.9100000      42.30
   1269.39502    0.9090300      42.26
   1269.39685    0.9132500      42.45
   1269.39868    0.9205600      42.79
   1269.40063    0.9224500      42.88
   1269.40247    0.9199300      42.76
   1269.40430    0.9207300      42.80
   1269.40613    0.9249400      42.99
   1269.40796    0.9260400      43.05
   1269.40991    0.9238500      42.94
   1269.41174    0.9243300      42.97
   1269.41357    0.9275700      43.12
   1269.41541    0.9275700      43.12
   1269.41736    0.9242900      42.96
   1269.41919    0.9242800      42.96
   1269.42102    0.9276300      43.12
   1269.42285    0.9261400      43.05
   1269.42480    0.9182200      42.68
   1269.42664    0.9127600      42.43
   1269.42847    0.9107800      42.33
   1269.43030    0.8961200      41.65
   1269.43225    0.8577500      39.87
   1269.43408    0.8145100      37.86
   1269.43591    0.8012500      37.24
   1269.43774    0.8293800      38.55
   1269.43970    0.8740800      40.63
   1269.44153    0.9041100      42.02
   1269.44336    0.9132900      42.45
   1269.44519    0.9163000      42.59
   1269.44714    0.9232000      42.91
   1269.44897    0.9297900      43.22
   1269.45081    0.9302600      43.24
   1269.45264    0.9276800      43.12
   1269.45459    0.9280800      43.14
   1269.45642    0.9311300      43.28
   1269.45825    0.9320200      43.32
   1269.46008    0.9298400      43.22
   1269.46191    0.9284800      43.15
   1269.46387    0.9297400      43.21
   1269.46570    0.9302600      43.24
   1269.46753    0.9272200      43.10
   1269.46936    0.9235600      42.93
   1269.47131    0.9238300      42.94
   1269.47314    0.9265700      43.06
   1269.47498    0.9253400      43.01
   1269.47681    0.9180200      42.67
   1269.47876    0.9103700      42.31
   1269.48059    0.9063700      42.13
   1269.48242    0.8976700      41.72
   1269.48425    0.8692100      40.40
   1269.48621    0.8189700      38.06
   1269.48804    0.7696100      35.77
   1269.48987    0.7541900      35.05
   1269.49170    0.7854000      36.50
   1269.49365    0.8400100      39.04
   1269.49548    0.8789700      40.85
   1269.49731    0.8854200      41.15
   1269.49915    0.8775700      40.79
   1269.50110    0.8793800      40.87
   1269.50293    0.8866800      41.21
   1269.50476    0.8756700      40.70
   1269.50659    0.8419500      39.13
   1269.50854    0.8075500      37.53
   1269.51038    0.7769300      36.11
   1269.51221    0.7088700      32.94
   1269.51404    0.5652800      26.27
   1269.51599    0.3867100      17.97
   1269.51782    0.2836700      13.18
   1269.51965    0.3315400      15.41
   1269.52148    0.4911600      22.83
   1269.52344    0.6535700      30.37
   1269.52527    0.7505200      34.88
   1269.52710    0.7967300      37.03
   1269.52893    0.8337100      38.75
   1269.53076    0.8700300      40.43
   1269.53271    0.8903400      41.38
   1269.53455    0.8943800      41.56
   1269.53638    0.8990300      41.78
   1269.53821    0.9105700      42.32
   1269.54016    0.9184300      42.68
   1269.54199    0.9168000      42.61
   1269.54382    0.9143900      42.49
   1269.54565    0.9187500      42.70
   1269.54761    0.9249900      42.99
   1269.54944    0.9262700      43.05
   1269.55127    0.9252600      43.00
   1269.55310    0.9277500      43.11
   1269.55505    0.9322100      43.32
   1269.55688    0.9336200      43.39
   1269.55872    0.9325700      43.34
   1269.56055    0.9334800      43.38
   1269.56250    0.9363100      43.51
   1269.56433    0.9371600      43.55
   1269.56616    0.9355100      43.47
   1269.56799    0.9349600      43.45
   1269.56995    0.9367600      43.53
   1269.57178    0.9381800      43.60
   1269.57361    0.9378200      43.58
   1269.57544    0.9377400      43.58
   1269.57739    0.9392000      43.64
   1269.57922    0.9401900      43.69
   1269.58105    0.9391300      43.64
   1269.58289    0.9377500      43.58
   1269.58484    0.9380900      43.59
   1269.58667    0.9392700      43.65
   1269.58850    0.9392000      43.64
   1269.59033    0.9380000      43.59
   1269.59229    0.9373900      43.56
   1269.59412    0.9378400      43.58
   1269.59595    0.9383200      43.60
   1269.59778    0.9383200      43.60
   1269.59973    0.9383000      43.60
   1269.60156    0.9385200      43.61
   1269.60339    0.9384900      43.61
   1269.60522    0.9379400      43.58
   1269.60718    0.9372000      43.55
   1269.60901    0.9368100      43.53
   1269.61084    0.9369900      43.54
   1269.61267    0.9375000      43.56
   1269.61462    0.9377000      43.57
   1269.61646    0.9370900      43.54
   1269.61829    0.9359600      43.49
   1269.62012    0.9350800      43.45
   1269.62207    0.9347100      43.43
   1269.62390    0.9343500      43.42
   1269.62573    0.9336800      43.38
   1269.62756    0.9327900      43.34
   1269.62939    0.9315300      43.28
   1269.63135    0.9296500      43.20
   1269.63318    0.9277400      43.11
   1269.63501    0.9268000      43.06
   1269.63684    0.9264500      43.05
   1269.63879    0.9252900      42.99
   1269.64062    0.9232700      42.90
   1269.64246    0.9222000      42.85
   1269.64429    0.9228900      42.88
   1269.64624    0.9238700      42.93
   1269.64807    0.9241400      42.94
   1269.64990    0.9249900      42.98
   1269.65173    0.9274600      43.09
   1269.65369    0.9299500      43.21
   1269.65552    0.9308300      43.25
   1269.65735    0.9313900      43.28
   1269.65918    0.9333800      43.37
   1269.66113    0.9353900      43.46
   1269.66296    0.9352800      43.46
   1269.66479    0.9344200      43.42
   1269.66663    0.9354800      43.47
   1269.66858    0.9372300      43.55
   1269.67041    0.9363100      43.50
   1269.67224    0.9337500      43.38
   1269.67407    0.9337100      43.38
   1269.67603    0.9357600      43.48
   1269.67786    0.9350600      43.44
   1269.67969    0.9314000      43.27
   1269.68152    0.9304400      43.23
   1269.68347    0.9331100      43.35
   1269.68530    0.9322300      43.31
   1269.68713    0.9250600      42.98
   1269.68896    0.9197000      42.73
   1269.69092    0.9209400      42.79
   1269.69275    0.9186900      42.68
   1269.69458    0.9034100      41.97
   1269.69641    0.8843900      41.09
   1269.69836    0.8734400      40.58
   1269.70020    0.8538100      39.67
   1269.70203    0.7925600      36.82
   1269.70386    0.6951300      32.30
   1269.70581    0.6237400      28.98
   1269.70764    0.6374400      29.62
   1269.70947    0.7236100      33.62
   1269.71130    0.8125500      37.75
   1269.71326    0.8562200      39.78
   1269.71509    0.8676000      40.31
   1269.71692    0.8791000      40.84
   1269.71875    0.8916000      41.42
   1269.72070    0.8847200      41.10
   1269.72253    0.8603500      39.97
   1269.72437    0.8474500      39.37
   1269.72620    0.8636400      40.12
   1269.72815    0.8933600      41.50
   1269.72998    0.9118200      42.36
   1269.73181    0.9155000      42.53
   1269.73364    0.9180700      42.65
   1269.73560    0.9259100      43.02
   1269.73743    0.9318000      43.29
   1269.73926    0.9307100      43.24
   1269.74109    0.9285400      43.14
   1269.74304    0.9313400      43.27
   1269.74487    0.9352200      43.45
   1269.74670    0.9337400      43.38
   1269.74854    0.9293800      43.18
   1269.75049    0.9294800      43.18
   1269.75232    0.9333700      43.36
   1269.75415    0.9331100      43.35
   1269.75598    0.9273800      43.08
   1269.75793    0.9245200      42.95
   1269.75977    0.9279200      43.11
   1269.76160    0.9286200      43.14
   1269.76343    0.9201900      42.75
   1269.76538    0.9115400      42.35
   1269.76721    0.9124500      42.39
   1269.76904    0.9133300      42.43
   1269.77087    0.8972800      41.68
   1269.77283    0.8690800      40.37
   1269.77466    0.8474300      39.37
   1269.77649    0.8219300      38.18
   1269.77832    0.7472900      34.71
   1269.78027    0.6075300      28.22
   1269.78210    0.4692000      21.80
   1269.78394    0.4331300      20.12
   1269.78577    0.5275400      24.51
   1269.78772    0.6766600      31.43
   1269.78955    0.7856300      36.50
   1269.79138    0.8312200      38.61
   1269.79321    0.8526500      39.61
   1269.79517    0.8792500      40.84
   1269.79700    0.9014700      41.88
   1269.79883    0.9057200      42.07
   1269.80066    0.9020300      41.90
   1269.80261    0.9055200      42.06
   1269.80444    0.9129100      42.41
   1269.80627    0.9130300      42.41
   1269.80811    0.9074800      42.15
   1269.81006    0.9060400      42.09
   1269.81189    0.9092900      42.24
   1269.81372    0.9097200      42.26
   1269.81555    0.9062200      42.10
   1269.81750    0.9052600      42.05
   1269.81934    0.9086400      42.21
   1269.82117    0.9108300      42.31
   1269.82300    0.9094000      42.24
   1269.82495    0.9091200      42.23
   1269.82678    0.9132000      42.42
   1269.82861    0.9181800      42.65
   1269.83044    0.9205400      42.76
   1269.83240    0.9224300      42.85
   1269.83423    0.9267600      43.05
   1269.83606    0.9315600      43.27
   1269.83789    0.9335200      43.36
   1269.83984    0.9337200      43.37
   1269.84167    0.9353500      43.45
   1269.84351    0.9381800      43.58
   1269.84534    0.9394500      43.64
   1269.84729    0.9389600      43.61
   1269.84912    0.9392700      43.63
   1269.85095    0.9411700      43.72
   1269.85278    0.9425300      43.78
   1269.85474    0.9420400      43.76
   1269.85657    0.9411000      43.71
   1269.85840    0.9412100      43.72
   1269.86023    0.9418500      43.75
   1269.86218    0.9419200      43.75
   1269.86401    0.9416700      43.74
   1269.86584    0.9418500      43.75
   1269.86768    0.9421700      43.76
   1269.86963    0.9418500      43.75
   1269.87146    0.9410700      43.71
   1269.87329    0.9407100      43.69
   1269.87512    0.9411100      43.71
   1269.87708    0.9416900      43.74
   1269.87891    0.9419100      43.75
   1269.88074    0.9418000      43.74
   1269.88257    0.9416200      43.73
   1269.88452    0.9415000      43.73
   1269.88635    0.9414900      43.73
   1269.88818    0.9416600      43.74
   1269.89001    0.9420800      43.76
   1269.89197    0.9425600      43.78
   1269.89380    0.9428000      43.79
   1269.89563    0.9426900      43.78
   1269.89746    0.9425200      43.78
   1269.89941    0.9427200      43.78
   1269.90125    0.9432300      43.81
   1269.90308    0.9436100      43.83
   1269.90491    0.9436200      43.83
   1269.90686    0.9434900      43.82
   1269.90869    0.9434800      43.82
   1269.91052    0.9434900      43.82
   1269.91235    0.9433600      43.81
   1269.91431    0.9433400      43.81
   1269.91614    0.9437200      43.83
   1269.91797    0.9442100      43.85
   1269.91980    0.9442300      43.85
   1269.92175    0.9437200      43.83
   1269.92358    0.9432400      43.81
   1269.92542    0.9432100      43.81
   1269.92725    0.9434900      43.82
   1269.92920    0.9438900      43.84
   1269.93103    0.9444400      43.86
   1269.93286    0.9451200      43.89
   1269.93481    0.9455800      43.91
   1269.93665    0.9455500      43.91
   1269.93848    0.9452100      43.90
   1269.94031    0.9449700      43.89
   1269.94226    0.9448600      43.88
   1269.94409    0.9446300      43.87
   1269.94592    0.9442700      43.85
   1269.94775    0.9440000      43.84
   1269.94971    0.9439300      43.84
   1269.95154    0.9438500      43.83
   1269.95337    0.9435800      43.82
   1269.95520    0.9432500      43.80
   1269.95715    0.9430600      43.80
   1269.95898    0.9430600      43.80
   1269.96082    0.9431000      43.80
   1269.96265    0.9430200      43.79
   1269.96460    0.9426900      43.78
   1269.96643    0.9420300      43.75
   1269.96826    0.9410200      43.70
   1269.97009    0.9397000      43.64
   1269.97205    0.9381500      43.57
   1269.97388    0.9366100      43.50
   1269.97571    0.9356400      43.45
   1269.97754    0.9358500      43.46
   1269.97949    0.9371600      43.52
   1269.98132    0.9386900      43.59
   1269.98315    0.9396500      43.64
   1269.98499    0.9402600      43.66
   1269.98694    0.9412600      43.71
   1269.98877    0.9425900      43.77
   1269.99060    0.9433800      43.81
   1269.99243    0.9434200      43.81
   1269.99438    0.9435300      43.82
   1269.99622    0.9442300      43.85
   1269.99805    0.9447900      43.87
   1269.99988    0.9444800      43.86
   1270.00183    0.9438700      43.83
   1270.00366    0.9437700      43.83
   1270.00549    0.9435800      43.82
   1270.00732    0.9422600      43.76
   1270.00928    0.9404600      43.67
   1270.01111    0.9400800      43.65
   1270.01294    0.9413700      43.71
   1270.01477    0.9425000      43.77
   1270.01672    0.9423000      43.76
   1270.01855    0.9417200      43.73
   1270.02039    0.9419100      43.74
   1270.02222    0.9423800      43.76
   1270.02417    0.9423000      43.76
   1270.02600    0.9418500      43.73
   1270.02783    0.9412500      43.71
   1270.02979    0.9400700      43.65
   1270.03162    0.9382900      43.57
   1270.03345    0.9359800      43.46
   1270.03528    0.9309000      43.23
   1270.03723    0.9203700      42.74
   1270.03906    0.9079900      42.16
   1270.04089    0.9040900      41.98
   1270.04272    0.9139800      42.44
   1270.04468    0.9288000      43.13
   1270.04651    0.9353200      43.43
   1270.04834    0.9329600      43.32
   1270.05017    0.9324000      43.29
   1270.05212    0.9373900      43.53
   1270.05396    0.9394100      43.62
   1270.05579    0.9339100      43.36
   1270.05762    0.9296100      43.16
   1270.05957    0.9328600      43.31
   1270.06140    0.9338200      43.36
   1270.06323    0.9217900      42.80
   1270.06506    0.9054800      42.04
   1270.06702    0.8980200      41.70
   1270.06885    0.8849100      41.09
   1270.07068    0.8328400      38.67
   1270.07251    0.7418500      34.45
   1270.07446    0.6674500      30.99
   1270.07629    0.6689800      31.06
   1270.07812    0.7435400      34.52
   1270.07996    0.8310300      38.59
   1270.08191    0.8814500      40.93
   1270.08374    0.8970500      41.65
   1270.08557    0.9064900      42.09
   1270.08740    0.9211100      42.77
   1270.08936    0.9312700      43.24
   1270.09119    0.9315100      43.25
   1270.09302    0.9296500      43.16
   1270.09485    0.9324200      43.29
   1270.09680    0.9361800      43.47
   1270.09863    0.9342300      43.38
   1270.10046    0.9250500      42.95
   1270.10242    0.9115300      42.32
   1270.10425    0.8988700      41.73
   1270.10608    0.8945700      41.53
   1270.10791    0.9034700      41.95
   1270.10986    0.9204100      42.73
   1270.11169    0.9333900      43.34
   1270.11353    0.9366600      43.49
   1270.11536    0.9359200      43.45
   1270.11731    0.9382100      43.56
   1270.11914    0.9422600      43.75
   1270.12097    0.9430800      43.78
   1270.12280    0.9411500      43.70
   1270.12476    0.9411500      43.70
   1270.12659    0.9437400      43.82
   1270.12842    0.9450500      43.88
   1270.13025    0.9435900      43.81
   1270.13220    0.9423500      43.75
   1270.13403    0.9433400      43.80
   1270.13586    0.9446000      43.85
   1270.13770    0.9442100      43.84
   1270.13965    0.9435200      43.80
   1270.14148    0.9442400      43.84
   1270.14331    0.9452300      43.88
   1270.14514    0.9446500      43.86
   1270.14709    0.9432900      43.79
   1270.14893    0.9432700      43.79
   1270.15076    0.9445900      43.85
   1270.15271    0.9454600      43.89
   1270.15454    0.9452000      43.88
   1270.15637    0.9449100      43.87
   1270.15820    0.9452600      43.88
   1270.16016    0.9455400      43.90
   1270.16199    0.9451500      43.88
   1270.16382    0.9445600      43.85
   1270.16565    0.9442800      43.84
   1270.16760    0.9440900      43.83
   1270.16943    0.9437400      43.81
   1270.17126    0.9435200      43.80
   1270.17310    0.9437700      43.81
   1270.17505    0.9442800      43.84
   1270.17688    0.9446400      43.85
   1270.17871    0.9448300      43.86
   1270.18054    0.9450400      43.87
   1270.18250    0.9452200      43.88
   1270.18433    0.9452200      43.88
   1270.18616    0.9451000      43.87
   1270.18799    0.9449400      43.87
   1270.18994    0.9447100      43.86
   1270.19177    0.9443900      43.84
   1270.19360    0.9442600      43.83
   1270.19543    0.9445600      43.85
   1270.19739    0.9451300      43.87
   1270.19922    0.9454900      43.89
   1270.20105    0.9453100      43.88
   1270.20300    0.9448300      43.86
   1270.20483    0.9445100      43.85
   1270.20667    0.9445900      43.85
   1270.20850    0.9448800      43.86
   1270.21045    0.9450100      43.87
   1270.21228    0.9448900      43.86
   1270.21411    0.9447400      43.86
   1270.21594    0.9447300      43.85
   1270.21790    0.9447900      43.86
   1270.21973    0.9447500      43.86
   1270.22156    0.9446000      43.85
   1270.22339    0.9444400      43.84
   1270.22534    0.9442800      43.83
   1270.22717    0.9441400      43.83
   1270.22900    0.9440400      43.82
   1270.23083    0.9439000      43.81
   1270.23279    0.9435100      43.80
   1270.23462    0.9428400      43.77
   1270.23645    0.9422400      43.74
   1270.23828    0.9420200      43.73
   1270.24023    0.9419200      43.72
   1270.24207    0.9412900      43.69
   1270.24390    0.9399500      43.63
   1270.24585    0.9383200      43.55
   1270.24768    0.9368500      43.49
   1270.24951    0.9354800      43.42
   1270.25134    0.9339100      43.35
   1270.25330    0.9321800      43.27
   1270.25513    0.9307700      43.20
   1270.25696    0.9303000      43.18
   1270.25879    0.9309500      43.21
   1270.26074    0.9324300      43.28
   1270.26257    0.9341600      43.36
   1270.26440    0.9357700      43.44
   1270.26624    0.9370500      43.49
   1270.26819    0.9377600      43.53
   1270.27002    0.9377800      43.53
   1270.27185    0.9374900      43.51
   1270.27368    0.9376400      43.52
   1270.27563    0.9383300      43.55
   1270.27747    0.9387600      43.57
   1270.27930    0.9384700      43.56
   1270.28113    0.9381300      43.54
   1270.28308    0.9384300      43.56
   1270.28491    0.9388000      43.57
   1270.28674    0.9382500      43.55
   1270.28870    0.9370800      43.49
   1270.29053    0.9364500      43.46
   1270.29236    0.9364200      43.46
   1270.29419    0.9359900      43.44
   1270.29614    0.9349900      43.40
   1270.29797    0.9344000      43.37
   1270.29980    0.9343700      43.37
   1270.30164    0.9338400      43.34
   1270.30359    0.9327400      43.29
   1270.30542    0.9323500      43.27
   1270.30725    0.9327100      43.29
   1270.30908    0.9320000      43.26
   1270.31104    0.9296600      43.15
   1270.31287    0.9277600      43.06
   1270.31470    0.9272100      43.03
   1270.31653    0.9255100      42.96
   1270.31848    0.9210200      42.75
   1270.32031    0.9166600      42.54
   1270.32214    0.9152400      42.48
   1270.32410    0.9139300      42.42
   1270.32593    0.9084200      42.16
   1270.32776    0.9006900      41.80
   1270.32959    0.8957700      41.57
   1270.33154    0.8917700      41.39
   1270.33337    0.8816600      40.92
   1270.33521    0.8654100      40.16
   1270.33704    0.8502700      39.46
   1270.33899    0.8354300      38.77
   1270.34082    0.8077800      37.49
   1270.34265    0.7599600      35.27
   1270.34448    0.6995700      32.47
   1270.34644    0.6272700      29.11
   1270.34827    0.5192000      24.10
   1270.35010    0.3582000      16.62
   1270.35193    0.1846200       8.57
   1270.35388    0.0878800       4.08
   1270.35571    0.1280500       5.94
   1270.35754    0.2760400      12.81
   1270.35950    0.4456700      20.68
   1270.36133    0.5751300      26.69
   1270.36316    0.6614800      30.70
   1270.36499    0.7268400      33.73
   1270.36694    0.7795300      36.18
   1270.36877    0.8156400      37.85
   1270.37061    0.8374900      38.87
   1270.37244    0.8536700      39.62
   1270.37439    0.8676900      40.27
   1270.37622    0.8775700      40.73
   1270.37805    0.8825500      40.96
   1270.37988    0.8835100      41.00
   1270.38184    0.8810400      40.89
   1270.38367    0.8787600      40.78
   1270.38550    0.8816300      40.91
   1270.38733    0.8838400      41.02
   1270.38928    0.8672000      40.24
   1270.39111    0.8249100      38.28
   1270.39294    0.7821200      36.30
   1270.39490    0.7764500      36.03
   1270.39673    0.8156900      37.85
   1270.39856    0.8682100      40.29
   1270.40039    0.9001200      41.77
   1270.40234    0.9090900      42.19
   1270.40417    0.9139900      42.41
   1270.40601    0.9237500      42.87
   1270.40784    0.9309500      43.20
   1270.40979    0.9305200      43.18
   1270.41162    0.9287500      43.10
   1270.41345    0.9316700      43.23
   1270.41528    0.9359900      43.43
   1270.41724    0.9366800      43.47
   1270.41907    0.9355200      43.41
   1270.42090    0.9367800      43.47
   1270.42285    0.9394700      43.60
   1270.42468    0.9398500      43.61
   1270.42651    0.9382300      43.54
   1270.42834    0.9381300      43.53
   1270.43030    0.9401900      43.63
   1270.43213    0.9416300      43.69
   1270.43396    0.9412500      43.68
   1270.43579    0.9409100      43.66
   1270.43774    0.9417500      43.70
   1270.43958    0.9422600      43.72
   1270.44141    0.9412800      43.68
   1270.44324    0.9401900      43.63
   1270.44519    0.9404400      43.64
   1270.44702    0.9404900      43.64
   1270.44885    0.9373300      43.49
   1270.45081    0.9305200      43.18
   1270.45264    0.9237900      42.87
   1270.45447    0.9218800      42.78
   1270.45630    0.9261800      42.98
   1270.45825    0.9334700      43.31
   1270.46008    0.9390300      43.57
   1270.46191    0.9410400      43.67
   1270.46375    0.9414200      43.68
   1270.46570    0.9426000      43.74
   1270.46753    0.9444100      43.82
   1270.46936    0.9450900      43.85
   1270.47119    0.9442300      43.81
   1270.47314    0.9432100      43.77
   1270.47498    0.9429000      43.75
   1270.47681    0.9425200      43.73
   1270.47876    0.9413200      43.68
   1270.48059    0.9400900      43.62
   1270.48242    0.9400900      43.62
   1270.48425    0.9412500      43.67
   1270.48621    0.9424100      43.73
   1270.48804    0.9429100      43.75
   1270.48987    0.9431600      43.76
   1270.49170    0.9436300      43.78
   1270.49365    0.9441400      43.81
   1270.49548    0.9443700      43.82
   1270.49731    0.9443400      43.82
   1270.49915    0.9442200      43.81
   1270.50110    0.9440700      43.80
   1270.50293    0.9438900      43.79
   1270.50476    0.9437700      43.79
   1270.50671    0.9438100      43.79
   1270.50854    0.9438100      43.79
   1270.51038    0.9434700      43.77
   1270.51221    0.9427000      43.74
   1270.51416    0.9416700      43.69
   1270.51599    0.9406300      43.64
   1270.51782    0.9397500      43.60
   1270.51965    0.9391900      43.58
   1270.52161    0.9390700      43.57
   1270.52344    0.9393000      43.58
   1270.52527    0.9395500      43.59
   1270.52710    0.9396200      43.59
   1270.52905    0.9397800      43.60
   1270.53088    0.9404900      43.63
   1270.53271    0.9416500      43.69
   1270.53467    0.9426400      43.73
   1270.53650    0.9430900      43.76
   1270.53833    0.9433300      43.77
   1270.54016    0.9438200      43.79
   1270.54211    0.9443300      43.81
   1270.54395    0.9443300      43.81
   1270.54578    0.9439900      43.80
   1270.54761    0.9440500      43.80
   1270.54956    0.9447500      43.83
   1270.55139    0.9453900      43.86
   1270.55322    0.9452600      43.85
   1270.55505    0.9446000      43.82
   1270.55701    0.9441500      43.80
   1270.55884    0.9440800      43.80
   1270.56067    0.9438700      43.79
   1270.56262    0.9431800      43.76
   1270.56445    0.9424300      43.72
   1270.56628    0.9423100      43.72
   1270.56812    0.9428300      43.74
   1270.57007    0.9433200      43.76
   1270.57190    0.9432300      43.76
   1270.57373    0.9427800      43.74
   1270.57556    0.9425200      43.73
   1270.57751    0.9426000      43.73
   1270.57935    0.9427600      43.74
   1270.58118    0.9430000      43.75
   1270.58313    0.9435900      43.77
   1270.58496    0.9442900      43.81
   1270.58679    0.9443600      43.81
   1270.58862    0.9436900      43.78
   1270.59058    0.9431600      43.75
   1270.59241    0.9434000      43.77
   1270.59424    0.9439500      43.79
   1270.59607    0.9442100      43.80
   1270.59802    0.9445000      43.82
   1270.59985    0.9450500      43.84
   1270.60168    0.9450300      43.84
   1270.60352    0.9438800      43.79
   1270.60547    0.9429300      43.74
   1270.60730    0.9436200      43.77
   1270.60913    0.9448700      43.83
   1270.61108    0.9444400      43.81
   1270.61292    0.9426600      43.73
   1270.61475    0.9420200      43.70
   1270.61658    0.9428900      43.74
   1270.61853    0.9428300      43.74
   1270.62036    0.9410700      43.66
   1270.62219    0.9401600      43.61
   1270.62402    0.9414100      43.67
   1270.62598    0.9421300      43.70
   1270.62781    0.9402500      43.62
   1270.62964    0.9382200      43.52
   1270.63159    0.9387100      43.54
   1270.63342    0.9395900      43.59
   1270.63525    0.9378900      43.51
   1270.63708    0.9357300      43.41
   1270.63904    0.9367300      43.45
   1270.64087    0.9385900      43.54
   1270.64270    0.9363000      43.43
   1270.64453    0.9315000      43.21
   1270.64648    0.9303200      43.15
   1270.64832    0.9321400      43.24
   1270.65015    0.9296200      43.12
   1270.65210    0.9220600      42.77
   1270.65393    0.9177900      42.57
   1270.65576    0.9190700      42.63
   1270.65759    0.9160600      42.49
   1270.65955    0.9035900      41.91
   1270.66138    0.8917400      41.36
   1270.66321    0.8875100      41.17
   1270.66504    0.8776900      40.71
   1270.66699    0.8475400      39.31
   1270.66882    0.8064300      37.41
   1270.67065    0.7683500      35.64
   1270.67261    0.7101000      32.94
   1270.67444    0.5868500      27.22
   1270.67627    0.4084400      18.95
   1270.67810    0.2704200      12.54
   1270.68005    0.2723200      12.63
   1270.68188    0.4112100      19.07
   1270.68372    0.5857300      27.17
   1270.68555    0.7046600      32.68
   1270.68750    0.7622800      35.36
   1270.68933    0.8024300      37.22
   1270.69116    0.8451700      39.20
   1270.69299    0.8759600      40.63
   1270.69495    0.8866700      41.13
   1270.69678    0.8920000      41.37
   1270.69861    0.9040500      41.93
   1270.70056    0.9157300      42.47
   1270.70239    0.9179300      42.58
   1270.70422    0.9160800      42.49
   1270.70605    0.9197700      42.66
   1270.70801    0.9269600      42.99
   1270.70984    0.9295300      43.11
   1270.71167    0.9277300      43.03
   1270.71350    0.9286100      43.07
   1270.71545    0.9335200      43.30
   1270.71729    0.9365400      43.44
   1270.71912    0.9350400      43.37
   1270.72107    0.9336500      43.30
   1270.72290    0.9359500      43.41
   1270.72473    0.9385000      43.53
   1270.72656    0.9366100      43.44
   1270.72852    0.9319900      43.23
   1270.73035    0.9301600      43.14
   1270.73218    0.9309400      43.18
   1270.73401    0.9260100      42.95
   1270.73596    0.9085000      42.14
   1270.73779    0.8839400      41.00
   1270.73962    0.8685500      40.28
   1270.74158    0.8743200      40.55
   1270.74341    0.8966900      41.59
   1270.74524    0.9191500      42.63
   1270.74707    0.9297500      43.12
   1270.74902    0.9303000      43.15
   1270.75085    0.9295100      43.11
   1270.75269    0.9315300      43.20
   1270.75452    0.9344200      43.34
   1270.75647    0.9364200      43.43
   1270.75830    0.9385600      43.53
   1270.76013    0.9412700      43.65
   1270.76208    0.9428000      43.73
   1270.76392    0.9423000      43.70
   1270.76575    0.9415600      43.67
   1270.76758    0.9422400      43.70
   1270.76953    0.9434700      43.76
   1270.77136    0.9438100      43.77
   1270.77319    0.9436900      43.77
   1270.77515    0.9442500      43.79
   1270.77698    0.9451200      43.83
   1270.77881    0.9451700      43.83
   1270.78064    0.9445800      43.81
   1270.78259    0.9444800      43.80
   1270.78442    0.9451000      43.83
   1270.78625    0.9455500      43.85
   1270.78809    0.9454200      43.84
   1270.79004    0.9451500      43.83
   1270.79187    0.9451300      43.83
   1270.79370    0.9452500      43.84
   1270.79565    0.9453900      43.84
   1270.79749    0.9453300      43.84
   1270.79932    0.9446200      43.81
   1270.80115    0.9432800      43.74
   1270.80310    0.9424500      43.71
   1270.80493    0.9431600      43.74
   1270.80676    0.9447400      43.81
   1270.80859    0.9455600      43.85
   1270.81055    0.9453500      43.84
   1270.81238    0.9454400      43.84
   1270.81421    0.9463600      43.89
   1270.81616    0.9467500      43.90
   1270.81799    0.9455900      43.85
   1270.81982    0.9440400      43.78
   1270.82166    0.9437900      43.77
   1270.82361    0.9442300      43.79
   1270.82544    0.9429400      43.73
   1270.82727    0.9393500      43.56
   1270.82910    0.9360400      43.41
   1270.83105    0.9359600      43.40
   1270.83289    0.9390300      43.55
   1270.83472    0.9424700      43.70
   1270.83667    0.9440300      43.78
   1270.83850    0.9439500      43.77
   1270.84033    0.9437300      43.76
   1270.84216    0.9440800      43.78
   1270.84412    0.9446700      43.81
   1270.84595    0.9452300      43.83
   1270.84778    0.9459100      43.86
   1270.84973    0.9466900      43.90
   1270.85156    0.9470900      43.92
   1270.85339    0.9468100      43.90
   1270.85522    0.9463400      43.88
   1270.85718    0.9463600      43.88
   1270.85901    0.9467900      43.90
   1270.86084    0.9469600      43.91
   1270.86267    0.9466000      43.89
   1270.86462    0.9462500      43.88
   1270.86646    0.9464400      43.89
   1270.86829    0.9468700      43.91
   1270.87024    0.9468600      43.91
   1270.87207    0.9462400      43.88
   1270.87390    0.9456800      43.85
   1270.87573    0.9458500      43.86
   1270.87769    0.9466900      43.90
   1270.87952    0.9475200      43.94
   1270.88135    0.9477800      43.95
   1270.88318    0.9474700      43.93
   1270.88513    0.9470700      43.91
   1270.88696    0.9469400      43.91
   1270.88879    0.9470900      43.91
   1270.89075    0.9472000      43.92
   1270.89258    0.9470200      43.91
   1270.89441    0.9466400      43.89
   1270.89624    0.9463200      43.88
   1270.89819    0.9462000      43.87
   1270.90002    0.9461800      43.87
   1270.90186    0.9460100      43.86
   1270.90381    0.9456200      43.85
   1270.90564    0.9452700      43.83
   1270.90747    0.9452500      43.83
   1270.90930    0.9455000      43.84
   1270.91125    0.9456300      43.85
   1270.91309    0.9454100      43.84
   1270.91492    0.9451700      43.82
   1270.91675    0.9454200      43.84
   1270.91870    0.9461100      43.87
   1270.92053    0.9466500      43.89
   1270.92236    0.9465600      43.89
   1270.92432    0.9460700      43.86
   1270.92615    0.9457100      43.85
   1270.92798    0.9455800      43.84
   1270.92981    0.9453700      43.83
   1270.93176    0.9448300      43.81
   1270.93359    0.9440400      43.77
   1270.93542    0.9431300      43.73
   1270.93738    0.9421400      43.68
   1270.93921    0.9412400      43.64
   1270.94104    0.9406900      43.61
   1270.94287    0.9404400      43.60
   1270.94482    0.9399000      43.58
   1270.94666    0.9385600      43.52
   1270.94849    0.9366900      43.43
   1270.95032    0.9349000      43.35
   1270.95227    0.9331200      43.26
   1270.95410    0.9303400      43.13
   1270.95593    0.9257100      42.92
   1270.95789    0.9196500      42.64
   1270.95972    0.9133300      42.34
   1270.96155    0.9070800      42.05
   1270.96338    0.8996800      41.71
   1270.96533    0.8896100      41.24
   1270.96716    0.8771100      40.66
   1270.96899    0.8649700      40.10
   1270.97095    0.8569900      39.73
   1270.97278    0.8557700      39.67
   1270.97461    0.8613700      39.93
   1270.97644    0.8717100      40.41
   1270.97839    0.8839800      40.98
   1270.98022    0.8958000      41.53
   1270.98206    0.9058300      42.00
   1270.98389    0.9137100      42.36
   1270.98584    0.9197800      42.64
   1270.98767    0.9245700      42.86
   1270.98950    0.9284000      43.04
   1270.99146    0.9313500      43.18
   1270.99329    0.9335700      43.28
   1270.99512    0.9354000      43.37
   1270.99695    0.9371200      43.44
   1270.99890    0.9386500      43.52
   1271.00073    0.9397700      43.57
   1271.00256    0.9405500      43.60
   1271.00452    0.9412500      43.64
   1271.00635    0.9420200      43.67
   1271.00818    0.9427300      43.70
   1271.01001    0.9433400      43.73
   1271.01196    0.9439000      43.76
   1271.01379    0.9442900      43.78
   1271.01562    0.9442300      43.77
   1271.01746    0.9437700      43.75
   1271.01941    0.9434900      43.74
   1271.02124    0.9439300      43.76
   1271.02307    0.9449100      43.80
   1271.02502    0.9458000      43.85
   1271.02686    0.9463500      43.87
   1271.02869    0.9467700      43.89
   1271.03052    0.9471200      43.91
   1271.03247    0.9471100      43.91
   1271.03430    0.9466400      43.88
   1271.03613    0.9461900      43.86
   1271.03809    0.9462900      43.87
   1271.03992    0.9468400      43.89
   1271.04175    0.9472800      43.91
   1271.04358    0.9473100      43.91
   1271.04553    0.9470700      43.90
   1271.04736    0.9468400      43.89
   1271.04919    0.9467600      43.89
   1271.05115    0.9469100      43.89
   1271.05298    0.9473700      43.92
   1271.05481    0.9479500      43.94
   1271.05664    0.9482800      43.96
   1271.05859    0.9482000      43.95
   1271.06042    0.9479800      43.94
   1271.06226    0.9480500      43.95
   1271.06421    0.9484600      43.97
   1271.06604    0.9488500      43.98
   1271.06787    0.9488900      43.99
   1271.06970    0.9487400      43.98
   1271.07166    0.9488000      43.98
   1271.07349    0.9491700      44.00
   1271.07532    0.9494800      44.01
   1271.07715    0.9494700      44.01
   1271.07910    0.9494000      44.01
   1271.08093    0.9495100      44.01
   1271.08276    0.9495100      44.01
   1271.08472    0.9490500      43.99
   1271.08655    0.9485200      43.97
   1271.08838    0.9485900      43.97
   1271.09021    0.9489600      43.99
   1271.09216    0.9486000      43.97
   1271.09399    0.9475500      43.92
   1271.09583    0.9471400      43.90
   1271.09778    0.9478800      43.94
   1271.09961    0.9482000      43.95
   1271.10144    0.9467800      43.88
   1271.10327    0.9448500      43.80
   1271.10522    0.9439500      43.75
   1271.10706    0.9419500      43.66
   1271.10889    0.9346400      43.32
   1271.11084    0.9224600      42.76
   1271.11267    0.9130500      42.32
   1271.11450    0.9141000      42.37
   1271.11633    0.9247500      42.86
   1271.11829    0.9366300      43.41
   1271.12012    0.9430000      43.71
   1271.12195    0.9443700      43.77
   1271.12390    0.9448700      43.79
   1271.12573    0.9462900      43.86
   1271.12756    0.9473700      43.91
   1271.12939    0.9472200      43.90
   1271.13135    0.9465700      43.87
   1271.13318    0.9461600      43.85
   1271.13501    0.9458000      43.84
   1271.13696    0.9452800      43.81
   1271.13879    0.9450100      43.80
   1271.14062    0.9451600      43.81
   1271.14246    0.9452700      43.81
   1271.14441    0.9448600      43.79
   1271.14624    0.9439300      43.75
   1271.14807    0.9427600      43.70
   1271.14990    0.9417200      43.65
   1271.15186    0.9414700      43.64
   1271.15369    0.9424600      43.68
   1271.15552    0.9441800      43.76
   1271.15747    0.9454600      43.82
   1271.15930    0.9458700      43.84
   1271.16113    0.9461200      43.85
   1271.16296    0.9466500      43.87
   1271.16492    0.9468100      43.88
   1271.16675    0.9459300      43.84
   1271.16858    0.9446700      43.78
   1271.17053    0.9442600      43.76
   1271.17236    0.9448600      43.79
   1271.17419    0.9455700      43.82
   1271.17603    0.9458600      43.84
   1271.17798    0.9461500      43.85
   1271.17981    0.9467000      43.88
   1271.18164    0.9470600      43.89
   1271.18359    0.9468900      43.88
   1271.18542    0.9467200      43.88
   1271.18726    0.9471100      43.89
   1271.18909    0.9477900      43.93
   1271.19104    0.9480300      43.94
   1271.19287    0.9478100      43.93
   1271.19470    0.9477700      43.92
   1271.19666    0.9481600      43.94
   1271.19849    0.9484500      43.96
   1271.20032    0.9481300      43.94
   1271.20215    0.9474100      43.91
   1271.20410    0.9468400      43.88
   1271.20593    0.9465700      43.87
   1271.20776    0.9463600      43.86
   1271.20972    0.9460000      43.84
   1271.21155    0.9455600      43.82
   1271.21338    0.9451200      43.80
   1271.21521    0.9446400      43.78
   1271.21716    0.9441200      43.75
   1271.21899    0.9436000      43.73
   1271.22083    0.9431000      43.71
   1271.22278    0.9426800      43.69
   1271.22461    0.9424200      43.67
   1271.22644    0.9422300      43.66
   1271.22827    0.9417300      43.64
   1271.23022    0.9406400      43.59
   1271.23206    0.9393200      43.53
   1271.23389    0.9386800      43.50
   1271.23584    0.9391500      43.52
   1271.23767    0.9402100      43.57
   1271.23950    0.9409700      43.61
   1271.24133    0.9411800      43.62
   1271.24329    0.9413500      43.62
   1271.24512    0.9419300      43.65
   1271.24695    0.9427800      43.69
   1271.24890    0.9435300      43.72
   1271.25073    0.9441400      43.75
   1271.25256    0.9447800      43.78
   1271.25439    0.9454200      43.81
   1271.25635    0.9457500      43.83
   1271.25818    0.9456400      43.82
   1271.26001    0.9452800      43.80
   1271.26196    0.9449200      43.79
   1271.26379    0.9445100      43.77
   1271.26562    0.9439000      43.74
   1271.26746    0.9432200      43.71
   1271.26941    0.9428000      43.69
   1271.27124    0.9425100      43.67
   1271.27307    0.9417800      43.64
   1271.27502    0.9404300      43.58
   1271.27686    0.9392900      43.53
   1271.27869    0.9393800      43.53
   1271.28052    0.9406000      43.59
   1271.28247    0.9416600      43.63
   1271.28430    0.9416900      43.64
   1271.28613    0.9411100      43.61
   1271.28809    0.9406900      43.59
   1271.28992    0.9404800      43.58
   1271.29175    0.9401500      43.56
   1271.29358    0.9398500      43.55
   1271.29553    0.9397700      43.55
   1271.29736    0.9394900      43.53
   1271.29919    0.9386100      43.49
   1271.30115    0.9377600      43.45
   1271.30298    0.9378700      43.46
   1271.30481    0.9385200      43.49
   1271.30664    0.9382700      43.48
   1271.30859    0.9368400      43.41
   1271.31042    0.9353600      43.34
   1271.31226    0.9342500      43.29
   1271.31421    0.9325500      43.21
   1271.31604    0.9299400      43.09
   1271.31787    0.9277200      42.99
   1271.31970    0.9265400      42.93
   1271.32166    0.9248900      42.85
   1271.32349    0.9216100      42.70
   1271.32532    0.9179500      42.53
   1271.32727    0.9152200      42.41
   1271.32910    0.9118600      42.25
   1271.33093    0.9059100      41.97
   1271.33276    0.8987700      41.64
   1271.33472    0.8928400      41.37
   1271.33655    0.8863400      41.07
   1271.33838    0.8750600      40.54
   1271.34033    0.8590400      39.80
   1271.34216    0.8416400      39.00
   1271.34399    0.8206600      38.02
   1271.34583    0.7871300      36.47
   1271.34778    0.7360100      34.10
   1271.34961    0.6695800      31.02
   1271.35144    0.5837400      27.05
   1271.35339    0.4616700      21.39
   1271.35522    0.2991500      13.86
   1271.35706    0.1371500       6.35
   1271.35889    0.0499200       2.31
   1271.36084    0.0854500       3.96
   1271.36267    0.2212600      10.25
   1271.36450    0.3870100      17.93
   1271.36646    0.5261100      24.38
   1271.36829    0.6270000      29.05
   1271.37012    0.7029400      32.57
   1271.37195    0.7618000      35.29
   1271.37390    0.8029000      37.20
   1271.37573    0.8296000      38.44
   1271.37756    0.8502700      39.39
   1271.37952    0.8686000      40.24
   1271.38135    0.8820600      40.87
   1271.38318    0.8900500      41.24
   1271.38501    0.8966000      41.54
   1271.38696    0.9042500      41.89
   1271.38879    0.9108500      42.20
   1271.39062    0.9144700      42.37
   1271.39258    0.9170500      42.49
   1271.39441    0.9208300      42.66
   1271.39624    0.9246800      42.84
   1271.39819    0.9266100      42.93
   1271.40002    0.9274300      42.97
   1271.40186    0.9291900      43.05
   1271.40369    0.9317100      43.16
   1271.40564    0.9333800      43.24
   1271.40747    0.9342500      43.28
   1271.40930    0.9358200      43.35
   1271.41125    0.9381800      43.46
   1271.41309    0.9397000      43.53
   1271.41492    0.9397000      43.53
   1271.41675    0.9394600      43.52
   1271.41870    0.9400000      43.55
   1271.42053    0.9408200      43.59
   1271.42236    0.9412400      43.60
   1271.42432    0.9416200      43.62
   1271.42615    0.9423000      43.65
   1271.42798    0.9427100      43.67
   1271.42981    0.9423700      43.66
   1271.43176    0.9420200      43.64
   1271.43359    0.9424700      43.66
   1271.43542    0.9431000      43.69
   1271.43738    0.9425700      43.67
   1271.43921    0.9408300      43.58
   1271.44104    0.9394800      43.52
   1271.44287    0.9397700      43.54
   1271.44482    0.9413400      43.61
   1271.44666    0.9430300      43.69
   1271.44849    0.9443200      43.75
   1271.45044    0.9453600      43.79
   1271.45227    0.9462100      43.83
   1271.45410    0.9466700      43.85
   1271.45593    0.9468200      43.86
   1271.45789    0.9470100      43.87
   1271.45972    0.9473000      43.88
   1271.46155    0.9473600      43.89
   1271.46350    0.9470700      43.87
   1271.46533    0.9469100      43.86
   1271.46716    0.9473400      43.88
   1271.46912    0.9481800      43.92
   1271.47095    0.9487500      43.95
   1271.47278    0.9487700      43.95
   1271.47461    0.9485100      43.94
   1271.47656    0.9482300      43.92
   1271.47839    0.9478500      43.91
   1271.48022    0.9473100      43.88
   1271.48218    0.9469000      43.86
   1271.48401    0.9467800      43.86
   1271.48584    0.9466600      43.85
   1271.48767    0.9461500      43.83
   1271.48962    0.9453200      43.79
   1271.49146    0.9445000      43.75
   1271.49329    0.9436700      43.71
   1271.49524    0.9424900      43.66
   1271.49707    0.9408200      43.58
   1271.49890    0.9387500      43.48
   1271.50073    0.9364000      43.37
   1271.50269    0.9341600      43.27
   1271.50452    0.9328700      43.21
   1271.50635    0.9328900      43.21
   1271.50830    0.9328400      43.21
   1271.51013    0.9306000      43.11
   1271.51196    0.9262600      42.90
   1271.51392    0.9231900      42.76
   1271.51575    0.9247700      42.84
   1271.51758    0.9305000      43.10
   1271.51941    0.9365200      43.38
   1271.52136    0.9398900      43.54
   1271.52319    0.9411400      43.59
   1271.52502    0.9423100      43.65
   1271.52698    0.9440500      43.73
   1271.52881    0.9454700      43.79
   1271.53064    0.9460700      43.82
   1271.53247    0.9463400      43.83
   1271.53442    0.9467600      43.85
   1271.53625    0.9471700      43.87
   1271.53809    0.9473600      43.88
   1271.54004    0.9475800      43.89
   1271.54187    0.9480100      43.91
   1271.54370    0.9484000      43.93
   1271.54553    0.9484500      43.93
   1271.54749    0.9482600      43.92
   1271.54932    0.9481500      43.92
   1271.55115    0.9482800      43.92
   1271.55310    0.9485500      43.93
   1271.55493    0.9488200      43.95
   1271.55676    0.9488900      43.95
   1271.55872    0.9485800      43.93
   1271.56055    0.9479700      43.91
   1271.56238    0.9474500      43.88
   1271.56421    0.9474100      43.88
   1271.56616    0.9477300      43.89
   1271.56799    0.9478900      43.90
   1271.56982    0.9474700      43.88
   1271.57178    0.9466400      43.84
   1271.57361    0.9460300      43.82
   1271.57544    0.9460100      43.81
   1271.57727    0.9464300      43.83
   1271.57922    0.9468800      43.85
   1271.58105    0.9472100      43.87
   1271.58289    0.9474300      43.88
   1271.58484    0.9473900      43.88
   1271.58667    0.9470000      43.86
   1271.58850    0.9466300      43.84
   1271.59045    0.9467100      43.85
   1271.59229    0.9470600      43.86
   1271.59412    0.9470300      43.86
   1271.59595    0.9465700      43.84
   1271.59790    0.9463900      43.83
   1271.59973    0.9466700      43.84
   1271.60156    0.9467300      43.85
   1271.60352    0.9463100      43.83
   1271.60535    0.9462600      43.82
   1271.60718    0.9469400      43.86
   1271.60901    0.9472000      43.87
   1271.61096    0.9460800      43.82
   1271.61279    0.9446400      43.75
   1271.61462    0.9443900      43.74
   1271.61658    0.9447500      43.75
   1271.61841    0.9442200      43.73
   1271.62024    0.9431500      43.68
   1271.62219    0.9431300      43.68
   1271.62402    0.9436000      43.70
   1271.62585    0.9423600      43.64
   1271.62769    0.9396400      43.52
   1271.62964    0.9382200      43.45
   1271.63147    0.9386400      43.47
   1271.63330    0.9378000      43.43
   1271.63525    0.9343500      43.27
   1271.63708    0.9314200      43.13
   1271.63892    0.9311800      43.12
   1271.64075    0.9306000      43.10
   1271.64270    0.9268400      42.92
   1271.64453    0.9229100      42.74
   1271.64636    0.9226000      42.73
   1271.64832    0.9228600      42.74
   1271.65015    0.9184000      42.53
   1271.65198    0.9113500      42.20
   1271.65393    0.9079100      42.04
   1271.65576    0.9061200      41.96
   1271.65759    0.8975900      41.57
   1271.65942    0.8822400      40.86
   1271.66138    0.8691600      40.25
   1271.66321    0.8584000      39.75
   1271.66504    0.8356100      38.70
   1271.66699    0.7934800      36.74
   1271.66882    0.7425500      34.39
   1271.67065    0.6840000      31.67
   1271.67249    0.5868700      27.18
   1271.67444    0.4251900      19.69
   1271.67627    0.2411000      11.16
   1271.67810    0.1377800       6.38
   1271.68005    0.1857000       8.60
   1271.68188    0.3492100      16.17
   1271.68372    0.5255700      24.34
   1271.68567    0.6460600      29.92
   1271.68750    0.7173400      33.22
   1271.68933    0.7735800      35.82
   1271.69116    0.8232100      38.12
   1271.69312    0.8547900      39.58
   1271.69495    0.8691200      40.25
   1271.69678    0.8807000      40.78
   1271.69873    0.8952600      41.46
   1271.70056    0.9054600      41.93
   1271.70239    0.9080000      42.05
   1271.70435    0.9099600      42.14
   1271.70618    0.9161500      42.42
   1271.70801    0.9220700      42.70
   1271.70984    0.9233800      42.76
   1271.71179    0.9233600      42.76
   1271.71362    0.9263000      42.89
   1271.71545    0.9302000      43.07
   1271.71741    0.9313500      43.13
   1271.71924    0.9312000      43.12
   1271.72107    0.9332500      43.21
   1271.72290    0.9366300      43.37
   1271.72485    0.9379500      43.43
   1271.72668    0.9373700      43.40
   1271.72852    0.9380600      43.44
   1271.73047    0.9406700      43.56
   1271.73230    0.9426700      43.65
   1271.73413    0.9428900      43.66
   1271.73608    0.9429600      43.66
   1271.73792    0.9438500      43.70
   1271.73975    0.9444000      43.73
   1271.74158    0.9439400      43.71
   1271.74353    0.9437500      43.70
   1271.74536    0.9446500      43.74
   1271.74719    0.9455700      43.78
   1271.74915    0.9454800      43.78
   1271.75098    0.9451200      43.76
   1271.75281    0.9454200      43.77
   1271.75476    0.9458000      43.79
   1271.75659    0.9454400      43.78
   1271.75842    0.9450500      43.76
   1271.76025    0.9458600      43.79
   1271.76221    0.9475300      43.87
   1271.76404    0.9485500      43.92
   1271.76587    0.9484500      43.91
   1271.76782    0.9481900      43.90
   1271.76965    0.9484400      43.91
   1271.77148    0.9488100      43.93
   1271.77332    0.9488200      43.93
   1271.77527    0.9487600      43.93
   1271.77710    0.9490300      43.94
   1271.77893    0.9494400      43.96
   1271.78088    0.9495200      43.96
   1271.78271    0.9493300      43.95
   1271.78455    0.9493400      43.95
   1271.78650    0.9497800      43.97
   1271.78833    0.9503500      44.00
   1271.79016    0.9506900      44.02
   1271.79199    0.9507600      44.02
   1271.79395    0.9507200      44.02
   1271.79578    0.9505900      44.01
   1271.79761    0.9502000      43.99
   1271.79956    0.9495700      43.96
   1271.80139    0.9491000      43.94
   1271.80322    0.9492700      43.95
   1271.80518    0.9500100      43.98
   1271.80701    0.9507300      44.02
   1271.80884    0.9509900      44.03
   1271.81067    0.9509400      44.03
   1271.81262    0.9510500      44.03
   1271.81445    0.9514900      44.05
   1271.81628    0.9520400      44.08
   1271.81824    0.9523800      44.09
   1271.82007    0.9523200      44.09
   1271.82190    0.9518300      44.07
   1271.82385    0.9510500      44.03
   1271.82568    0.9502900      43.99
   1271.82751    0.9497800      43.97
   1271.82935    0.9494700      43.96
   1271.83130    0.9492700      43.95
   1271.83313    0.9492900      43.95
   1271.83496    0.9496900      43.97
   1271.83691    0.9502400      43.99
   1271.83875    0.9505600      44.01
   1271.84058    0.9505400      44.01
   1271.84253    0.9504100      44.00
   1271.84436    0.9503300      44.00
   1271.84619    0.9501900      43.99
   1271.84802    0.9499600      43.98
   1271.84998    0.9498700      43.97
   1271.85181    0.9499800      43.98
   1271.85364    0.9499700      43.98
   1271.85559    0.9496200      43.96
   1271.85742    0.9491400      43.94
   1271.85925    0.9488200      43.92
   1271.86121    0.9484600      43.91
   1271.86304    0.9477000      43.87
   1271.86487    0.9466600      43.82
   1271.86670    0.9458600      43.79
   1271.86865    0.9453400      43.76
   1271.87048    0.9445800      43.73
   1271.87231    0.9432400      43.66
   1271.87427    0.9416000      43.59
   1271.87610    0.9399900      43.51
   1271.87793    0.9382000      43.43
   1271.87988    0.9360300      43.33
   1271.88171    0.9340500      43.24
   1271.88354    0.9333400      43.21
   1271.88538    0.9342400      43.25
   1271.88733    0.9359800      43.33
   1271.88916    0.9377200      43.41
   1271.89099    0.9393500      43.48
   1271.89294    0.9411800      43.57
   1271.89478    0.9431000      43.66
   1271.89661    0.9446600      43.73
   1271.89856    0.9456600      43.77
   1271.90039    0.9462700      43.80
   1271.90222    0.9466400      43.82
   1271.90405    0.9468100      43.83
   1271.90601    0.9470400      43.84
   1271.90784    0.9476300      43.87
   1271.90967    0.9483800      43.90
   1271.91162    0.9485700      43.91
   1271.91345    0.9479400      43.88
   1271.91528    0.9471800      43.84
   1271.91724    0.9471400      43.84
   1271.91907    0.9477000      43.87
   1271.92090    0.9480900      43.89
   1271.92273    0.9479900      43.88
   1271.92468    0.9477100      43.87
   1271.92651    0.9471500      43.84
   1271.92834    0.9456900      43.77
   1271.93030    0.9434800      43.67
   1271.93213    0.9421700      43.61
   1271.93396    0.9431900      43.66
   1271.93591    0.9457100      43.77
   1271.93774    0.9470900      43.84
   1271.93958    0.9458700      43.78
   1271.94141    0.9434000      43.67
   1271.94336    0.9422000      43.61
   1271.94519    0.9431600      43.66
   1271.94702    0.9450800      43.74
   1271.94897    0.9465700      43.81
   1271.95081    0.9474600      43.85
   1271.95264    0.9482500      43.89
   1271.95459    0.9489800      43.92
   1271.95642    0.9492600      43.94
   1271.95825    0.9490500      43.93
   1271.96021    0.9487800      43.91
   1271.96204    0.9487100      43.91
   1271.96387    0.9486300      43.91
   1271.96570    0.9483700      43.90
   1271.96765    0.9481800      43.89
   1271.96948    0.9484600      43.90
   1271.97131    0.9491300      43.93
   1271.97327    0.9496900      43.96
   1271.97510    0.9498500      43.96
   1271.97693    0.9498100      43.96
   1271.97888    0.9499800      43.97
   1271.98071    0.9504900      43.99
   1271.98254    0.9511900      44.02
   1271.98438    0.9518100      44.05
   1271.98633    0.9521100      44.07
   1271.98816    0.9519300      44.06
   1271.98999    0.9512600      44.03
   1271.99194    0.9502900      43.98
   1271.99377    0.9492800      43.94
   1271.99561    0.9483700      43.89
   1271.99756    0.9475900      43.86
   1271.99939    0.9469700      43.83
   1272.00122    0.9465000      43.81
   1272.00305    0.9459900      43.78
   1272.00500    0.9452500      43.75
   1272.00684    0.9444800      43.71
   1272.00867    0.9440700      43.69
   1272.01062    0.9441800      43.70
   1272.01245    0.9444300      43.71
   1272.01428    0.9444200      43.71
   1272.01624    0.9442200      43.70
   1272.01807    0.9441800      43.70
   1272.01990    0.9443500      43.71
   1272.02185    0.9444000      43.71
   1272.02368    0.9441100      43.69
   1272.02551    0.9437500      43.68
   1272.02734    0.9437300      43.68
   1272.02930    0.9441200      43.69
   1272.03113    0.9446000      43.72
   1272.03296    0.9449200      43.73
   1272.03491    0.9452200      43.74
   1272.03674    0.9458400      43.77
   1272.03857    0.9467400      43.81
   1272.04053    0.9474600      43.85
   1272.04236    0.9475600      43.85
   1272.04419    0.9472500      43.84
   1272.04602    0.9471400      43.83
   1272.04797    0.9474500      43.85
   1272.04980    0.9476300      43.86
   1272.05164    0.9471000      43.83
   1272.05359    0.9458500      43.77
   1272.05542    0.9439800      43.69
   1272.05725    0.9411400      43.55
   1272.05920    0.9370700      43.37
   1272.06104    0.9329000      43.17
   1272.06287    0.9309700      43.08
   1272.06482    0.9328600      43.17
   1272.06665    0.9376400      43.39
   1272.06848    0.9427200      43.63
   1272.07031    0.9461900      43.79
   1272.07227    0.9480000      43.87
   1272.07410    0.9490900      43.92
   1272.07593    0.9498500      43.96
   1272.07788    0.9500000      43.96
   1272.07971    0.9494100      43.94
   1272.08154    0.9486200      43.90
   1272.08350    0.9482000      43.88
   1272.08533    0.9480500      43.87
   1272.08716    0.9476700      43.85
   1272.08899    0.9471700      43.83
   1272.09094    0.9472700      43.84
   1272.09277    0.9481300      43.87
   1272.09460    0.9490300      43.92
   1272.09656    0.9494000      43.93
   1272.09839    0.9496900      43.95
