   1220.00000    0.6421600      32.46
   1220.00171    0.6283800      31.77
   1220.00342    0.6317600      31.94
   1220.00513    0.6511000      32.92
   1220.00684    0.6811700      34.44
   1220.00854    0.7159600      36.20
   1220.01025    0.7512000      37.98
   1220.01196    0.7844700      39.66
   1220.01367    0.8143700      41.17
   1220.01538    0.8400900      42.47
   1220.01721    0.8615500      43.56
   1220.01892    0.8794400      44.46
   1220.02063    0.8945600      45.22
   1220.02234    0.9073400      45.87
   1220.02405    0.9179200      46.40
   1220.02576    0.9265100      46.84
   1220.02747    0.9336300      47.20
   1220.02917    0.9397700      47.51
   1220.03088    0.9450600      47.78
   1220.03259    0.9493300      47.99
   1220.03430    0.9524800      48.15
   1220.03601    0.9547200      48.26
   1220.03784    0.9564300      48.35
   1220.03955    0.9578700      48.42
   1220.04126    0.9590400      48.48
   1220.04297    0.9598900      48.52
   1220.04468    0.9603900      48.55
   1220.04639    0.9605000      48.56
   1220.04810    0.9602400      48.54
   1220.04980    0.9598500      48.52
   1220.05151    0.9598600      48.52
   1220.05322    0.9607400      48.57
   1220.05493    0.9624200      48.65
   1220.05664    0.9643500      48.75
   1220.05835    0.9661200      48.84
   1220.06018    0.9678000      48.92
   1220.06189    0.9696300      49.02
   1220.06360    0.9717000      49.12
   1220.06531    0.9738400      49.23
   1220.06702    0.9759900      49.34
   1220.06873    0.9781200      49.44
   1220.07043    0.9801000      49.54
   1220.07214    0.9816300      49.62
   1220.07385    0.9826500      49.67
   1220.07556    0.9834800      49.71
   1220.07727    0.9844500      49.76
   1220.07898    0.9854600      49.81
   1220.08069    0.9861400      49.85
   1220.08252    0.9864200      49.86
   1220.08423    0.9866000      49.87
   1220.08594    0.9869100      49.89
   1220.08765    0.9871200      49.90
   1220.08936    0.9870000      49.89
   1220.09106    0.9868000      49.88
   1220.09277    0.9869900      49.89
   1220.09448    0.9875100      49.92
   1220.09619    0.9877400      49.93
   1220.09790    0.9873500      49.91
   1220.09961    0.9868100      49.88
   1220.10132    0.9866300      49.87
   1220.10315    0.9866000      49.87
   1220.10486    0.9860400      49.84
   1220.10657    0.9848300      49.78
   1220.10828    0.9836600      49.72
   1220.10999    0.9830600      49.69
   1220.11169    0.9827700      49.68
   1220.11340    0.9823400      49.65
   1220.11511    0.9819000      49.63
   1220.11682    0.9819400      49.63
   1220.11853    0.9824800      49.66
   1220.12024    0.9830400      49.69
   1220.12195    0.9833900      49.71
   1220.12366    0.9838100      49.73
   1220.12549    0.9845800      49.77
   1220.12720    0.9855000      49.81
   1220.12891    0.9862000      49.85
   1220.13062    0.9866900      49.87
   1220.13232    0.9871800      49.90
   1220.13403    0.9876400      49.92
   1220.13574    0.9877100      49.92
   1220.13745    0.9872200      49.90
   1220.13916    0.9864300      49.86
   1220.14087    0.9858900      49.83
   1220.14258    0.9858900      49.83
   1220.14429    0.9863600      49.85
   1220.14612    0.9870900      49.89
   1220.14783    0.9880000      49.94
   1220.14954    0.9890800      49.99
   1220.15125    0.9901500      50.04
   1220.15295    0.9908100      50.08
   1220.15466    0.9909400      50.08
   1220.15637    0.9909000      50.08
   1220.15808    0.9911100      50.09
   1220.15979    0.9913900      50.11
   1220.16150    0.9912500      50.10
   1220.16321    0.9908000      50.08
   1220.16492    0.9906300      50.07
   1220.16675    0.9905500      50.06
   1220.16846    0.9892100      50.00
   1220.17017    0.9858200      49.82
   1220.17188    0.9819100      49.63
   1220.17358    0.9803600      49.55
   1220.17529    0.9822300      49.64
   1220.17700    0.9854800      49.81
   1220.17871    0.9873000      49.90
   1220.18042    0.9870100      49.88
   1220.18213    0.9860100      49.83
   1220.18384    0.9855400      49.81
   1220.18555    0.9853800      49.80
   1220.18738    0.9849200      49.78
   1220.18909    0.9842500      49.74
   1220.19080    0.9838900      49.73
   1220.19250    0.9840500      49.73
   1220.19421    0.9845900      49.76
   1220.19592    0.9854400      49.80
   1220.19763    0.9865200      49.86
   1220.19934    0.9874600      49.90
   1220.20105    0.9880100      49.93
   1220.20276    0.9884800      49.96
   1220.20447    0.9893800      50.00
   1220.20618    0.9906400      50.06
   1220.20789    0.9916700      50.12
   1220.20972    0.9922300      50.14
   1220.21143    0.9926600      50.17
   1220.21313    0.9933100      50.20
   1220.21484    0.9939600      50.23
   1220.21655    0.9942900      50.25
   1220.21826    0.9943600      50.25
   1220.21997    0.9944300      50.26
   1220.22168    0.9944100      50.25
   1220.22339    0.9940200      50.23
   1220.22510    0.9933700      50.20
   1220.22681    0.9929300      50.18
   1220.22852    0.9928300      50.17
   1220.23035    0.9927000      50.17
   1220.23206    0.9922000      50.14
   1220.23376    0.9915500      50.11
   1220.23547    0.9911300      50.09
   1220.23718    0.9908700      50.07
   1220.23889    0.9903800      50.05
   1220.24060    0.9896000      50.01
   1220.24231    0.9889400      49.98
   1220.24402    0.9887700      49.97
   1220.24573    0.9889300      49.97
   1220.24744    0.9890100      49.98
   1220.24915    0.9888100      49.97
   1220.25098    0.9885400      49.95
   1220.25269    0.9884700      49.95
   1220.25439    0.9887100      49.96
   1220.25610    0.9892300      49.99
   1220.25781    0.9899100      50.02
   1220.25952    0.9905900      50.06
   1220.26123    0.9911100      50.08
   1220.26294    0.9913900      50.10
   1220.26465    0.9915600      50.11
   1220.26636    0.9918500      50.12
   1220.26807    0.9923000      50.14
   1220.26978    0.9928000      50.17
   1220.27161    0.9932400      50.19
   1220.27332    0.9936300      50.21
   1220.27502    0.9940100      50.23
   1220.27673    0.9943200      50.24
   1220.27844    0.9944900      50.25
   1220.28015    0.9945900      50.26
   1220.28186    0.9948300      50.27
   1220.28357    0.9952200      50.29
   1220.28528    0.9954900      50.30
   1220.28699    0.9954500      50.30
   1220.28870    0.9952900      50.29
   1220.29041    0.9952800      50.29
   1220.29224    0.9953200      50.29
   1220.29395    0.9950900      50.28
   1220.29565    0.9946100      50.26
   1220.29736    0.9942600      50.24
   1220.29907    0.9941900      50.24
   1220.30078    0.9940000      50.23
   1220.30249    0.9933500      50.19
   1220.30420    0.9925100      50.15
   1220.30591    0.9919900      50.12
   1220.30762    0.9917200      50.11
   1220.30933    0.9910900      50.08
   1220.31116    0.9898500      50.02
   1220.31287    0.9884000      49.94
   1220.31458    0.9871800      49.88
   1220.31628    0.9861000      49.83
   1220.31799    0.9849200      49.77
   1220.31970    0.9837000      49.70
   1220.32141    0.9825300      49.65
   1220.32312    0.9812200      49.58
   1220.32483    0.9794800      49.49
   1220.32654    0.9772700      49.38
   1220.32825    0.9746400      49.25
   1220.32996    0.9713100      49.08
   1220.33179    0.9670300      48.86
   1220.33350    0.9621300      48.61
   1220.33521    0.9570600      48.36
   1220.33691    0.9515400      48.08
   1220.33862    0.9448000      47.74
   1220.34033    0.9372600      47.36
   1220.34204    0.9312300      47.05
   1220.34375    0.9293500      46.96
   1220.34546    0.9324000      47.11
   1220.34717    0.9389200      47.44
   1220.34888    0.9469000      47.84
   1220.35059    0.9550100      48.25
   1220.35242    0.9625300      48.63
   1220.35413    0.9688900      48.95
   1220.35583    0.9738200      49.20
   1220.35754    0.9777000      49.40
   1220.35925    0.9811000      49.57
   1220.36096    0.9841800      49.73
   1220.36267    0.9867200      49.85
   1220.36438    0.9885300      49.94
   1220.36609    0.9896400      50.00
   1220.36780    0.9902100      50.03
   1220.36951    0.9905100      50.04
   1220.37134    0.9909600      50.07
   1220.37305    0.9918200      50.11
   1220.37476    0.9929500      50.17
   1220.37646    0.9938700      50.21
   1220.37817    0.9943400      50.24
   1220.37988    0.9944300      50.24
   1220.38159    0.9942800      50.23
   1220.38330    0.9940400      50.22
   1220.38501    0.9939200      50.22
   1220.38672    0.9941600      50.23
   1220.38843    0.9946900      50.25
   1220.39014    0.9951300      50.28
   1220.39197    0.9953500      50.29
   1220.39368    0.9956100      50.30
   1220.39539    0.9961000      50.32
   1220.39709    0.9965700      50.35
   1220.39880    0.9966500      50.35
   1220.40051    0.9964700      50.34
   1220.40222    0.9964000      50.34
   1220.40393    0.9965000      50.34
   1220.40564    0.9964700      50.34
   1220.40735    0.9962800      50.33
   1220.40906    0.9963800      50.34
   1220.41089    0.9969300      50.36
   1220.41260    0.9973800      50.39
   1220.41431    0.9970800      50.37
   1220.41602    0.9962400      50.33
   1220.41772    0.9957000      50.30
   1220.41943    0.9958600      50.31
   1220.42114    0.9962700      50.33
   1220.42285    0.9963700      50.34
   1220.42456    0.9963000      50.33
   1220.42627    0.9964900      50.34
   1220.42798    0.9969100      50.36
   1220.42969    0.9971500      50.37
   1220.43152    0.9971000      50.37
   1220.43323    0.9971700      50.38
   1220.43494    0.9976100      50.40
   1220.43665    0.9980200      50.42
   1220.43835    0.9979600      50.41
   1220.44006    0.9975700      50.39
   1220.44177    0.9974000      50.39
   1220.44348    0.9976000      50.40
   1220.44519    0.9978200      50.41
   1220.44690    0.9978000      50.41
   1220.44861    0.9976900      50.40
   1220.45044    0.9977800      50.40
   1220.45215    0.9980000      50.42
   1220.45386    0.9981500      50.42
   1220.45557    0.9981200      50.42
   1220.45728    0.9979200      50.41
   1220.45898    0.9976100      50.40
   1220.46069    0.9973000      50.38
   1220.46240    0.9972500      50.38
   1220.46411    0.9975000      50.39
   1220.46582    0.9977200      50.40
   1220.46753    0.9975400      50.39
   1220.46924    0.9970700      50.37
   1220.47107    0.9967000      50.35
   1220.47278    0.9966100      50.34
   1220.47449    0.9966600      50.35
   1220.47620    0.9967700      50.35
   1220.47791    0.9969600      50.36
   1220.47961    0.9971200      50.37
   1220.48132    0.9970900      50.37
   1220.48303    0.9969700      50.36
   1220.48474    0.9970200      50.36
   1220.48645    0.9971200      50.37
   1220.48816    0.9968400      50.35
   1220.48999    0.9961900      50.32
   1220.49170    0.9957600      50.30
   1220.49341    0.9958400      50.30
   1220.49512    0.9959900      50.31
   1220.49683    0.9958100      50.30
   1220.49854    0.9956500      50.29
   1220.50024    0.9958700      50.30
   1220.50195    0.9960300      50.31
   1220.50366    0.9955100      50.29
   1220.50537    0.9947100      50.24
   1220.50708    0.9944000      50.23
   1220.50891    0.9942800      50.22
   1220.51062    0.9933400      50.17
   1220.51233    0.9917500      50.09
   1220.51404    0.9906700      50.04
   1220.51575    0.9896200      49.99
   1220.51746    0.9859400      49.80
   1220.51917    0.9786000      49.43
   1220.52087    0.9712900      49.06
   1220.52258    0.9694800      48.97
   1220.52429    0.9741000      49.20
   1220.52600    0.9804400      49.52
   1220.52783    0.9837600      49.69
   1220.52954    0.9841400      49.71
   1220.53125    0.9846400      49.73
   1220.53296    0.9864600      49.83
   1220.53467    0.9879700      49.90
   1220.53638    0.9880300      49.90
   1220.53809    0.9878100      49.89
   1220.53979    0.9888200      49.94
   1220.54150    0.9907300      50.04
   1220.54321    0.9921200      50.11
   1220.54492    0.9925200      50.13
   1220.54675    0.9925600      50.13
   1220.54846    0.9927300      50.14
   1220.55017    0.9929000      50.15
   1220.55188    0.9929300      50.15
   1220.55359    0.9930000      50.15
   1220.55530    0.9931800      50.16
   1220.55701    0.9931500      50.16
   1220.55872    0.9927000      50.14
   1220.56042    0.9919800      50.10
   1220.56213    0.9912900      50.07
   1220.56384    0.9907900      50.04
   1220.56567    0.9905200      50.03
   1220.56738    0.9904400      50.02
   1220.56909    0.9903800      50.02
   1220.57080    0.9902700      50.01
   1220.57251    0.9902500      50.01
   1220.57422    0.9905800      50.03
   1220.57593    0.9912000      50.06
   1220.57764    0.9917400      50.09
   1220.57935    0.9920000      50.10
   1220.58105    0.9920800      50.11
   1220.58276    0.9920800      50.10
   1220.58459    0.9918400      50.09
   1220.58630    0.9913400      50.07
   1220.58801    0.9908100      50.04
   1220.58972    0.9902200      50.01
   1220.59143    0.9889700      49.95
   1220.59314    0.9864800      49.82
   1220.59485    0.9829900      49.64
   1220.59656    0.9794500      49.47
   1220.59827    0.9763800      49.31
   1220.59998    0.9735000      49.17
   1220.60168    0.9704800      49.01
   1220.60352    0.9677300      48.87
   1220.60522    0.9660700      48.79
   1220.60693    0.9658300      48.78
   1220.60864    0.9667200      48.82
   1220.61035    0.9684400      48.91
   1220.61206    0.9709800      49.04
   1220.61377    0.9742200      49.20
   1220.61548    0.9777200      49.38
   1220.61719    0.9809800      49.54
   1220.61890    0.9839200      49.69
   1220.62061    0.9867000      49.83
   1220.62244    0.9892900      49.96
   1220.62415    0.9913200      50.06
   1220.62585    0.9926400      50.13
   1220.62756    0.9935300      50.17
   1220.62927    0.9943900      50.22
   1220.63098    0.9952200      50.26
   1220.63269    0.9957400      50.29
   1220.63440    0.9959400      50.30
   1220.63611    0.9962900      50.31
   1220.63782    0.9970300      50.35
   1220.63953    0.9977100      50.38
   1220.64136    0.9976800      50.38
   1220.64307    0.9970500      50.35
   1220.64478    0.9967100      50.33
   1220.64648    0.9971500      50.36
   1220.64819    0.9978100      50.39
   1220.64990    0.9978800      50.39
   1220.65161    0.9974400      50.37
   1220.65332    0.9972500      50.36
   1220.65503    0.9976100      50.38
   1220.65674    0.9979800      50.40
   1220.65845    0.9978900      50.39
   1220.66028    0.9975800      50.38
   1220.66199    0.9975300      50.37
   1220.66370    0.9976600      50.38
   1220.66541    0.9976100      50.38
   1220.66711    0.9973100      50.36
   1220.66882    0.9970400      50.35
   1220.67053    0.9968500      50.34
   1220.67224    0.9965700      50.32
   1220.67395    0.9962300      50.31
   1220.67566    0.9961200      50.30
   1220.67749    0.9962600      50.31
   1220.67920    0.9963300      50.31
   1220.68091    0.9961400      50.30
   1220.68262    0.9958800      50.29
   1220.68433    0.9958000      50.28
   1220.68604    0.9957800      50.28
   1220.68774    0.9955900      50.27
   1220.68945    0.9953800      50.26
   1220.69116    0.9954200      50.26
   1220.69287    0.9956500      50.28
   1220.69458    0.9957300      50.28
   1220.69641    0.9955500      50.27
   1220.69812    0.9954000      50.26
   1220.69983    0.9954800      50.27
   1220.70154    0.9955900      50.27
   1220.70325    0.9955300      50.27
   1220.70496    0.9955100      50.27
   1220.70667    0.9958900      50.29
   1220.70837    0.9964900      50.32
   1220.71008    0.9967700      50.33
   1220.71179    0.9965000      50.32
   1220.71350    0.9962100      50.30
   1220.71533    0.9964200      50.31
   1220.71704    0.9969500      50.34
   1220.71875    0.9972300      50.35
   1220.72046    0.9971800      50.35
   1220.72217    0.9972700      50.35
   1220.72388    0.9975800      50.37
   1220.72559    0.9976000      50.37
   1220.72729    0.9969800      50.34
   1220.72900    0.9961700      50.30
   1220.73071    0.9956800      50.27
   1220.73254    0.9954000      50.26
   1220.73425    0.9950400      50.24
   1220.73596    0.9948700      50.23
   1220.73767    0.9951800      50.25
   1220.73938    0.9954100      50.26
   1220.74109    0.9948300      50.23
   1220.74280    0.9939300      50.18
   1220.74451    0.9937700      50.18
   1220.74622    0.9940400      50.19
   1220.74792    0.9932700      50.15
   1220.74963    0.9913600      50.05
   1220.75146    0.9902300      50.00
   1220.75317    0.9906800      50.02
   1220.75488    0.9905100      50.01
   1220.75659    0.9878400      49.88
   1220.75830    0.9844300      49.70
   1220.76001    0.9828100      49.62
   1220.76172    0.9805300      49.51
   1220.76343    0.9718800      49.07
   1220.76514    0.9568200      48.31
   1220.76685    0.9446300      47.69
   1220.76868    0.9450000      47.71
   1220.77039    0.9570400      48.32
   1220.77209    0.9705400      49.00
   1220.77380    0.9775100      49.35
   1220.77551    0.9789400      49.42
   1220.77722    0.9799300      49.47
   1220.77893    0.9821500      49.59
   1220.78064    0.9835900      49.66
   1220.78235    0.9831600      49.64
   1220.78406    0.9821400      49.59
   1220.78577    0.9815900      49.56
   1220.78760    0.9810700      49.53
   1220.78931    0.9801300      49.48
   1220.79102    0.9794100      49.45
   1220.79272    0.9795000      49.45
   1220.79443    0.9801300      49.48
   1220.79614    0.9809600      49.53
   1220.79785    0.9822000      49.59
   1220.79956    0.9838800      49.67
   1220.80127    0.9853400      49.75
   1220.80298    0.9861900      49.79
   1220.80481    0.9869700      49.83
   1220.80652    0.9883200      49.90
   1220.80823    0.9899000      49.98
   1220.80994    0.9908800      50.02
   1220.81165    0.9912200      50.04
   1220.81335    0.9916600      50.06
   1220.81506    0.9925600      50.11
   1220.81677    0.9935200      50.16
   1220.81848    0.9940700      50.18
   1220.82019    0.9943000      50.20
   1220.82190    0.9946100      50.21
   1220.82373    0.9951000      50.24
   1220.82544    0.9955300      50.26
   1220.82715    0.9957300      50.27
   1220.82886    0.9957500      50.27
   1220.83057    0.9957500      50.27
   1220.83228    0.9957900      50.27
   1220.83398    0.9957800      50.27
   1220.83569    0.9957200      50.27
   1220.83740    0.9957100      50.27
   1220.83911    0.9958800      50.27
   1220.84094    0.9961000      50.29
   1220.84265    0.9961400      50.29
   1220.84436    0.9960500      50.28
   1220.84607    0.9961300      50.29
   1220.84778    0.9965400      50.31
   1220.84949    0.9969600      50.33
   1220.85120    0.9970000      50.33
   1220.85291    0.9967500      50.32
   1220.85461    0.9966000      50.31
   1220.85632    0.9967300      50.32
   1220.85815    0.9969800      50.33
   1220.85986    0.9971900      50.34
   1220.86157    0.9973600      50.35
   1220.86328    0.9974800      50.35
   1220.86499    0.9974800      50.35
   1220.86670    0.9973600      50.35
   1220.86841    0.9972300      50.34
   1220.87012    0.9970700      50.33
   1220.87183    0.9967800      50.32
   1220.87354    0.9964200      50.30
   1220.87537    0.9962000      50.29
   1220.87708    0.9961200      50.28
   1220.87878    0.9959800      50.28
   1220.88049    0.9957800      50.27
   1220.88220    0.9958000      50.27
   1220.88391    0.9961300      50.28
   1220.88562    0.9964100      50.30
   1220.88733    0.9962700      50.29
   1220.88904    0.9959200      50.27
   1220.89075    0.9957900      50.27
   1220.89246    0.9959200      50.27
   1220.89429    0.9959300      50.27
   1220.89600    0.9956900      50.26
   1220.89771    0.9954800      50.25
   1220.89941    0.9955300      50.25
   1220.90112    0.9955500      50.25
   1220.90283    0.9952800      50.24
   1220.90454    0.9949100      50.22
   1220.90625    0.9949100      50.22
   1220.90796    0.9953000      50.24
   1220.90967    0.9956400      50.26
   1220.91150    0.9956300      50.26
   1220.91321    0.9955000      50.25
   1220.91492    0.9956000      50.25
   1220.91663    0.9958200      50.26
   1220.91833    0.9957300      50.26
   1220.92004    0.9952000      50.23
   1220.92175    0.9945800      50.20
   1220.92346    0.9942100      50.18
   1220.92517    0.9940200      50.17
   1220.92688    0.9937200      50.16
   1220.92871    0.9933400      50.14
   1220.93042    0.9932200      50.13
   1220.93213    0.9934600      50.14
   1220.93384    0.9937700      50.16
   1220.93555    0.9938400      50.16
   1220.93726    0.9936800      50.15
   1220.93896    0.9935200      50.15
   1220.94067    0.9933900      50.14
   1220.94238    0.9931100      50.13
   1220.94409    0.9927000      50.10
   1220.94592    0.9925000      50.09
   1220.94763    0.9928800      50.11
   1220.94934    0.9937500      50.16
   1220.95105    0.9946000      50.20
   1220.95276    0.9950600      50.22
   1220.95447    0.9952900      50.23
   1220.95618    0.9956700      50.25
   1220.95789    0.9961600      50.28
   1220.95959    0.9962300      50.28
   1220.96130    0.9956900      50.25
   1220.96313    0.9950600      50.22
   1220.96484    0.9949400      50.22
   1220.96655    0.9952200      50.23
   1220.96826    0.9953500      50.24
   1220.96997    0.9952000      50.23
   1220.97168    0.9950900      50.22
   1220.97339    0.9950200      50.22
   1220.97510    0.9946800      50.20
   1220.97681    0.9941900      50.18
   1220.97852    0.9941000      50.17
   1220.98035    0.9943200      50.18
   1220.98206    0.9940300      50.17
   1220.98376    0.9930200      50.12
   1220.98547    0.9921000      50.07
   1220.98718    0.9917900      50.06
   1220.98889    0.9913700      50.03
   1220.99060    0.9902200      49.98
   1220.99231    0.9890600      49.92
   1220.99402    0.9887400      49.90
   1220.99573    0.9885300      49.89
   1220.99756    0.9873800      49.83
   1220.99927    0.9860600      49.77
   1221.00098    0.9860900      49.77
   1221.00269    0.9868400      49.80
   1221.00439    0.9862800      49.78
   1221.00610    0.9846100      49.69
   1221.00781    0.9842900      49.67
   1221.00952    0.9854400      49.73
   1221.01123    0.9846800      49.69
   1221.01294    0.9806900      49.49
   1221.01477    0.9770400      49.31
   1221.01648    0.9757200      49.24
   1221.01819    0.9707300      48.99
   1221.01990    0.9546900      48.18
   1221.02161    0.9319400      47.03
   1221.02332    0.9184000      46.35
   1221.02502    0.9248300      46.67
   1221.02673    0.9445800      47.67
   1221.02844    0.9619200      48.54
   1221.03015    0.9693500      48.92
   1221.03198    0.9715700      49.03
   1221.03369    0.9746700      49.19
   1221.03540    0.9782400      49.37
   1221.03711    0.9792400      49.42
   1221.03882    0.9781800      49.36
   1221.04053    0.9776300      49.34
   1221.04224    0.9776700      49.34
   1221.04395    0.9762300      49.27
   1221.04565    0.9727400      49.09
   1221.04749    0.9682200      48.86
   1221.04919    0.9626800      48.58
   1221.05090    0.9546100      48.17
   1221.05261    0.9428400      47.58
   1221.05432    0.9270200      46.78
   1221.05603    0.9071200      45.78
   1221.05774    0.8851600      44.67
   1221.05945    0.8675100      43.78
   1221.06116    0.8620000      43.50
   1221.06287    0.8711300      43.96
   1221.06470    0.8893900      44.88
   1221.06641    0.9085300      45.85
   1221.06812    0.9240900      46.63
   1221.06982    0.9359000      47.23
   1221.07153    0.9443600      47.65
   1221.07324    0.9490700      47.89
   1221.07495    0.9504800      47.96
   1221.07666    0.9502900      47.95
   1221.07837    0.9494100      47.91
   1221.08008    0.9470800      47.79
   1221.08191    0.9426300      47.57
   1221.08362    0.9366700      47.27
   1221.08533    0.9297400      46.92
   1221.08704    0.9211000      46.48
   1221.08875    0.9099900      45.92
   1221.09045    0.8974200      45.28
   1221.09216    0.8856200      44.69
   1221.09387    0.8763900      44.22
   1221.09558    0.8710500      43.95
   1221.09729    0.8711100      43.96
   1221.09912    0.8769200      44.25
   1221.10083    0.8858400      44.70
   1221.10254    0.8936000      45.09
   1221.10425    0.8982200      45.32
   1221.10596    0.9006700      45.45
   1221.10767    0.9002900      45.43
   1221.10938    0.8921900      45.02
   1221.11108    0.8729900      44.05
   1221.11279    0.8492900      42.85
   1221.11462    0.8363400      42.20
   1221.11633    0.8452800      42.65
   1221.11804    0.8725400      44.03
   1221.11975    0.9037600      45.60
   1221.12146    0.9273600      46.79
   1221.12317    0.9421400      47.54
   1221.12488    0.9526100      48.07
   1221.12659    0.9610400      48.49
   1221.12830    0.9665700      48.77
   1221.13000    0.9693200      48.91
   1221.13184    0.9714600      49.02
   1221.13354    0.9741800      49.15
   1221.13525    0.9763400      49.26
   1221.13696    0.9770500      49.30
   1221.13867    0.9774700      49.32
   1221.14038    0.9787700      49.39
   1221.14209    0.9801200      49.45
   1221.14380    0.9802400      49.46
   1221.14551    0.9797200      49.43
   1221.14722    0.9800100      49.45
   1221.14905    0.9807200      49.48
   1221.15076    0.9802500      49.46
   1221.15247    0.9785400      49.37
   1221.15417    0.9771500      49.30
   1221.15588    0.9763300      49.26
   1221.15759    0.9745200      49.17
   1221.15930    0.9712500      49.00
   1221.16101    0.9682000      48.85
   1221.16272    0.9660400      48.74
   1221.16455    0.9625400      48.56
   1221.16626    0.9559800      48.23
   1221.16797    0.9480200      47.83
   1221.16968    0.9402300      47.44
   1221.17139    0.9298700      46.92
   1221.17310    0.9130200      46.06
   1221.17480    0.8904800      44.93
   1221.17651    0.8645200      43.62
   1221.17822    0.8295800      41.85
   1221.17993    0.7749000      39.10
   1221.18176    0.7032700      35.48
   1221.18347    0.6424900      32.42
   1221.18518    0.6277500      31.67
   1221.18689    0.6694500      33.78
   1221.18860    0.7432000      37.50
   1221.19031    0.8134900      41.04
   1221.19202    0.8626000      43.52
   1221.19373    0.8945900      45.13
   1221.19543    0.9185000      46.34
   1221.19727    0.9365600      47.25
   1221.19897    0.9477700      47.82
   1221.20068    0.9542500      48.14
   1221.20239    0.9596300      48.41
   1221.20410    0.9645500      48.66
   1221.20581    0.9675100      48.81
   1221.20752    0.9686400      48.87
   1221.20923    0.9695700      48.92
   1221.21094    0.9706500      48.97
   1221.21265    0.9707400      48.97
   1221.21448    0.9695000      48.91
   1221.21619    0.9679200      48.83
   1221.21790    0.9663500      48.75
   1221.21960    0.9641200      48.64
   1221.22131    0.9611000      48.49
   1221.22302    0.9582300      48.34
   1221.22473    0.9559600      48.23
   1221.22644    0.9535900      48.11
   1221.22815    0.9508100      47.97
   1221.22998    0.9486600      47.86
   1221.23169    0.9481400      47.83
   1221.23340    0.9490000      47.88
   1221.23511    0.9506500      47.96
   1221.23682    0.9533000      48.09
   1221.23853    0.9571600      48.29
   1221.24023    0.9613200      48.50
   1221.24194    0.9648100      48.67
   1221.24365    0.9681200      48.84
   1221.24548    0.9721900      49.04
   1221.24719    0.9764400      49.26
   1221.24890    0.9792000      49.40
   1221.25061    0.9801300      49.44
   1221.25232    0.9805000      49.46
   1221.25403    0.9809900      49.49
   1221.25574    0.9809200      49.48
   1221.25745    0.9802500      49.45
   1221.25916    0.9803900      49.46
   1221.26086    0.9819200      49.53
   1221.26270    0.9833500      49.61
   1221.26440    0.9835200      49.61
   1221.26611    0.9836900      49.62
   1221.26782    0.9852200      49.70
   1221.26953    0.9867800      49.78
   1221.27124    0.9863700      49.76
   1221.27295    0.9850700      49.69
   1221.27466    0.9852900      49.70
   1221.27637    0.9858300      49.73
   1221.27820    0.9830600      49.59
   1221.27991    0.9775200      49.31
   1221.28162    0.9740000      49.13
   1221.28333    0.9721600      49.04
   1221.28503    0.9626500      48.56
   1221.28674    0.9391800      47.38
   1221.28845    0.9120200      46.01
   1221.29016    0.9014100      45.47
   1221.29187    0.9156500      46.19
   1221.29358    0.9416700      47.50
   1221.29541    0.9605800      48.45
   1221.29712    0.9672900      48.79
   1221.29883    0.9700500      48.93
   1221.30054    0.9752200      49.19
   1221.30225    0.9801800      49.44
   1221.30396    0.9808700      49.48
   1221.30566    0.9789600      49.38
   1221.30737    0.9784200      49.35
   1221.30908    0.9793200      49.40
   1221.31091    0.9790300      49.38
   1221.31262    0.9771200      49.29
   1221.31433    0.9753700      49.20
   1221.31604    0.9740000      49.13
   1221.31775    0.9711000      48.98
   1221.31946    0.9657500      48.71
   1221.32117    0.9591000      48.38
   1221.32288    0.9519000      48.01
   1221.32458    0.9433500      47.58
   1221.32642    0.9329000      47.06
   1221.32812    0.9218400      46.50
   1221.32983    0.9120400      46.00
   1221.33154    0.9043900      45.62
   1221.33325    0.8992100      45.36
   1221.33496    0.8971200      45.25
   1221.33667    0.8986300      45.33
   1221.33838    0.9033000      45.56
   1221.34009    0.9102400      45.91
   1221.34192    0.9188500      46.35
   1221.34363    0.9285400      46.83
   1221.34534    0.9381800      47.32
   1221.34705    0.9467300      47.75
   1221.34875    0.9540900      48.12
   1221.35046    0.9607600      48.46
   1221.35217    0.9666700      48.76
   1221.35388    0.9712300      48.99
   1221.35559    0.9744100      49.15
   1221.35742    0.9769800      49.28
   1221.35913    0.9794800      49.40
   1221.36084    0.9815300      49.51
   1221.36255    0.9826600      49.56
   1221.36426    0.9831300      49.59
   1221.36597    0.9835800      49.61
   1221.36768    0.9841100      49.63
   1221.36938    0.9842300      49.64
   1221.37109    0.9837200      49.61
   1221.37280    0.9830100      49.58
   1221.37463    0.9826900      49.56
   1221.37634    0.9827900      49.57
   1221.37805    0.9827400      49.56
   1221.37976    0.9820900      49.53
   1221.38147    0.9809200      49.47
   1221.38318    0.9797300      49.41
   1221.38489    0.9788700      49.37
   1221.38660    0.9781900      49.33
   1221.38831    0.9773800      49.29
   1221.39014    0.9763500      49.24
   1221.39185    0.9752700      49.19
   1221.39355    0.9742200      49.13
   1221.39526    0.9730200      49.07
   1221.39697    0.9714200      48.99
   1221.39868    0.9693500      48.89
   1221.40039    0.9670600      48.77
   1221.40210    0.9647900      48.66
   1221.40381    0.9626000      48.55
   1221.40564    0.9603100      48.43
   1221.40735    0.9576700      48.30
   1221.40906    0.9545300      48.14
   1221.41077    0.9508600      47.95
   1221.41248    0.9466600      47.74
   1221.41418    0.9419100      47.50
   1221.41589    0.9365400      47.23
   1221.41760    0.9305600      46.93
   1221.41931    0.9239000      46.59
   1221.42114    0.9162900      46.21
   1221.42285    0.9073100      45.76
   1221.42456    0.8965200      45.21
   1221.42627    0.8836500      44.56
   1221.42798    0.8684800      43.80
   1221.42969    0.8507200      42.90
   1221.43140    0.8298700      41.85
   1221.43311    0.8052200      40.61
   1221.43481    0.7759100      39.13
   1221.43665    0.7412000      37.38
   1221.43835    0.7008500      35.34
   1221.44006    0.6553800      33.05
   1221.44177    0.6062800      30.57
   1221.44348    0.5565400      28.07
   1221.44519    0.5114700      25.79
   1221.44690    0.4784600      24.13
   1221.44861    0.4645400      23.43
   1221.45032    0.4727500      23.84
   1221.45215    0.5004500      25.24
   1221.45386    0.5411000      27.29
   1221.45557    0.5879600      29.65
   1221.45728    0.6361100      32.08
   1221.45898    0.6822600      34.41
   1221.46069    0.7239500      36.51
   1221.46240    0.7599100      38.32
   1221.46411    0.7904800      39.86
   1221.46582    0.8168000      41.19
   1221.46765    0.8394900      42.33
   1221.46936    0.8585500      43.29
   1221.47107    0.8742400      44.09
   1221.47278    0.8874600      44.75
   1221.47449    0.8989900      45.33
   1221.47620    0.9090300      45.84
   1221.47791    0.9176100      46.27
   1221.47961    0.9250600      46.65
   1221.48132    0.9316500      46.98
   1221.48315    0.9372400      47.26
   1221.48486    0.9416700      47.48
   1221.48657    0.9452100      47.66
   1221.48828    0.9483900      47.82
   1221.48999    0.9514100      47.98
   1221.49170    0.9541900      48.12
   1221.49341    0.9567100      48.24
   1221.49512    0.9590200      48.36
   1221.49683    0.9610500      48.46
   1221.49866    0.9627600      48.55
   1221.50037    0.9644500      48.63
   1221.50208    0.9665700      48.74
   1221.50378    0.9691200      48.87
   1221.50549    0.9715700      48.99
   1221.50720    0.9733300      49.08
   1221.50891    0.9742600      49.13
   1221.51062    0.9746900      49.15
   1221.51233    0.9751500      49.17
   1221.51416    0.9760200      49.21
   1221.51587    0.9770900      49.27
   1221.51758    0.9779100      49.31
   1221.51929    0.9785000      49.34
   1221.52100    0.9794400      49.39
   1221.52271    0.9808300      49.46
   1221.52441    0.9818000      49.51
   1221.52612    0.9818700      49.51
   1221.52795    0.9819700      49.51
   1221.52966    0.9831400      49.57
   1221.53137    0.9846800      49.65
   1221.53308    0.9850800      49.67
   1221.53479    0.9845300      49.64
   1221.53650    0.9846400      49.65
   1221.53821    0.9855500      49.69
   1221.53992    0.9855600      49.69
   1221.54163    0.9842600      49.63
   1221.54346    0.9836300      49.60
   1221.54517    0.9845900      49.64
   1221.54688    0.9850100      49.66
   1221.54858    0.9833600      49.58
   1221.55029    0.9819000      49.51
   1221.55200    0.9828000      49.55
   1221.55371    0.9831800      49.57
   1221.55542    0.9789100      49.36
   1221.55713    0.9721400      49.02
   1221.55896    0.9683300      48.82
   1221.56067    0.9648200      48.65
   1221.56238    0.9502200      47.91
   1221.56409    0.9211100      46.44
   1221.56580    0.8936200      45.06
   1221.56750    0.8895300      44.85
   1221.56921    0.9117400      45.97
   1221.57092    0.9411000      47.45
   1221.57263    0.9587800      48.34
   1221.57446    0.9642600      48.62
   1221.57617    0.9682100      48.82
   1221.57788    0.9750900      49.16
   1221.57959    0.9803400      49.43
   1221.58130    0.9809700      49.46
   1221.58301    0.9804600      49.43
   1221.58472    0.9822600      49.52
   1221.58643    0.9847200      49.65
   1221.58813    0.9850600      49.66
   1221.58997    0.9840800      49.61
   1221.59167    0.9841200      49.62
   1221.59338    0.9850100      49.66
   1221.59509    0.9851300      49.67
   1221.59680    0.9846700      49.64
   1221.59851    0.9850600      49.66
   1221.60022    0.9860800      49.71
   1221.60193    0.9862300      49.72
   1221.60376    0.9855400      49.69
   1221.60547    0.9855700      49.69
   1221.60718    0.9867900      49.75
   1221.60889    0.9878400      49.80
   1221.61060    0.9878900      49.80
   1221.61230    0.9878700      49.80
   1221.61401    0.9886100      49.84
   1221.61572    0.9894900      49.88
   1221.61743    0.9896600      49.89
   1221.61926    0.9896300      49.89
   1221.62097    0.9903100      49.93
   1221.62268    0.9914600      49.98
   1221.62439    0.9920100      50.01
   1221.62610    0.9916400      49.99
   1221.62781    0.9910000      49.96
   1221.62952    0.9907000      49.94
   1221.63123    0.9906300      49.94
   1221.63293    0.9905000      49.93
   1221.63477    0.9900700      49.91
   1221.63647    0.9890400      49.86
   1221.63818    0.9871500      49.76
   1221.63989    0.9844900      49.63
   1221.64160    0.9813600      49.47
   1221.64331    0.9777700      49.29
   1221.64502    0.9734200      49.07
   1221.64673    0.9682400      48.81
   1221.64856    0.9625900      48.53
   1221.65027    0.9568500      48.24
   1221.65198    0.9511900      47.95
   1221.65369    0.9459300      47.69
   1221.65540    0.9417200      47.47
   1221.65710    0.9390600      47.34
   1221.65881    0.9378500      47.28
   1221.66052    0.9376700      47.27
   1221.66223    0.9384000      47.31
   1221.66406    0.9402300      47.40
   1221.66577    0.9431600      47.55
   1221.66748    0.9468500      47.73
   1221.66919    0.9508800      47.93
   1221.67090    0.9549900      48.14
   1221.67261    0.9590600      48.35
   1221.67432    0.9630500      48.55
   1221.67603    0.9668800      48.74
   1221.67773    0.9704900      48.92
   1221.67957    0.9737200      49.08
   1221.68127    0.9764000      49.22
   1221.68298    0.9784800      49.32
   1221.68469    0.9799300      49.40
   1221.68640    0.9807600      49.44
   1221.68811    0.9811000      49.46
   1221.68982    0.9813800      49.47
   1221.69153    0.9820600      49.50
   1221.69336    0.9831300      49.56
   1221.69507    0.9841200      49.61
   1221.69678    0.9846800      49.64
   1221.69849    0.9849900      49.65
   1221.70020    0.9854600      49.67
   1221.70190    0.9861800      49.71
   1221.70361    0.9869300      49.75
   1221.70532    0.9876500      49.78
   1221.70703    0.9885900      49.83
   1221.70886    0.9898200      49.89
   1221.71057    0.9909800      49.95
   1221.71228    0.9916600      49.99
   1221.71399    0.9919800      50.00
   1221.71570    0.9923100      50.02
   1221.71741    0.9926400      50.03
   1221.71912    0.9925700      50.03
   1221.72083    0.9918900      50.00
   1221.72266    0.9909200      49.95
   1221.72437    0.9900100      49.90
   1221.72607    0.9891100      49.86
   1221.72778    0.9880200      49.80
   1221.72949    0.9868100      49.74
   1221.73120    0.9855400      49.68
   1221.73291    0.9840400      49.60
   1221.73462    0.9820900      49.50
   1221.73633    0.9799000      49.39
   1221.73816    0.9779300      49.29
   1221.73987    0.9763100      49.21
   1221.74158    0.9748600      49.14
   1221.74329    0.9737700      49.08
   1221.74500    0.9735000      49.07
   1221.74670    0.9741000      49.10
   1221.74841    0.9749900      49.14
   1221.75012    0.9756400      49.18
   1221.75195    0.9761400      49.20
   1221.75366    0.9765600      49.22
   1221.75537    0.9764000      49.21
   1221.75708    0.9752600      49.16
   1221.75879    0.9739400      49.09
   1221.76050    0.9740100      49.09
   1221.76221    0.9762300      49.20
   1221.76392    0.9798300      49.39
   1221.76562    0.9834200      49.57
   1221.76746    0.9861800      49.70
   1221.76917    0.9880600      49.80
   1221.77087    0.9893800      49.87
   1221.77258    0.9903700      49.92
   1221.77429    0.9911500      49.95
   1221.77600    0.9916400      49.98
   1221.77771    0.9918800      49.99
   1221.77942    0.9922000      50.01
   1221.78125    0.9928500      50.04
   1221.78296    0.9936100      50.08
   1221.78467    0.9939700      50.10
   1221.78638    0.9939700      50.10
   1221.78809    0.9941100      50.10
   1221.78979    0.9945600      50.13
   1221.79150    0.9949100      50.14
   1221.79321    0.9949200      50.14
   1221.79504    0.9949300      50.14
   1221.79675    0.9951900      50.16
   1221.79846    0.9954100      50.17
   1221.80017    0.9953500      50.16
   1221.80188    0.9953800      50.17
   1221.80359    0.9958000      50.19
   1221.80530    0.9962300      50.21
   1221.80701    0.9962500      50.21
   1221.80872    0.9960900      50.20
   1221.81055    0.9960100      50.20
   1221.81226    0.9957300      50.18
   1221.81396    0.9952200      50.16
   1221.81567    0.9952800      50.16
   1221.81738    0.9962500      50.21
   1221.81909    0.9967600      50.23
   1221.82080    0.9956400      50.18
   1221.82251    0.9940100      50.09
   1221.82434    0.9938900      50.09
   1221.82605    0.9948000      50.13
   1221.82776    0.9944500      50.12
   1221.82947    0.9927100      50.03
   1221.83118    0.9919200      49.99
   1221.83289    0.9926900      50.03
   1221.83459    0.9924300      50.01
   1221.83630    0.9900400      49.89
   1221.83813    0.9881800      49.80
   1221.83984    0.9883400      49.81
   1221.84155    0.9869600      49.74
   1221.84326    0.9811100      49.44
   1221.84497    0.9745400      49.11
   1221.84668    0.9714000      48.95
   1221.84839    0.9653600      48.65
   1221.85010    0.9446200      47.60
   1221.85181    0.9110600      45.91
   1221.85364    0.8862700      44.66
   1221.85535    0.8904400      44.87
   1221.85706    0.9192500      46.32
   1221.85876    0.9493000      47.84
   1221.86047    0.9645300      48.61
   1221.86218    0.9690400      48.83
   1221.86389    0.9738300      49.07
   1221.86560    0.9806900      49.42
   1221.86743    0.9843700      49.61
   1221.86914    0.9839300      49.58
   1221.87085    0.9839600      49.58
   1221.87256    0.9865700      49.72
   1221.87427    0.9889500      49.84
   1221.87598    0.9891400      49.84
   1221.87769    0.9890200      49.84
   1221.87939    0.9902700      49.90
   1221.88123    0.9912800      49.95
   1221.88293    0.9902600      49.90
   1221.88464    0.9883500      49.80
   1221.88635    0.9876100      49.77
   1221.88806    0.9877500      49.77
   1221.88977    0.9871900      49.75
   1221.89148    0.9859600      49.68
   1221.89319    0.9853700      49.65
   1221.89490    0.9856600      49.67
   1221.89673    0.9858900      49.68
   1221.89844    0.9858800      49.68
   1221.90015    0.9864600      49.71
   1221.90186    0.9877600      49.77
   1221.90356    0.9888100      49.83
   1221.90527    0.9891800      49.84
   1221.90698    0.9896400      49.87
   1221.90869    0.9908500      49.93
   1221.91052    0.9922200      50.00
   1221.91223    0.9927800      50.03
   1221.91394    0.9925800      50.01
   1221.91565    0.9923400      50.00
   1221.91736    0.9924200      50.01
   1221.91907    0.9925600      50.01
   1221.92078    0.9926900      50.02
   1221.92249    0.9930400      50.04
   1221.92432    0.9936700      50.07
   1221.92603    0.9941700      50.09
   1221.92773    0.9942100      50.10
   1221.92944    0.9940100      50.09
   1221.93115    0.9941400      50.09
   1221.93286    0.9948000      50.13
   1221.93457    0.9956400      50.17
   1221.93628    0.9961600      50.19
   1221.93811    0.9963400      50.20
   1221.93982    0.9965000      50.21
   1221.94153    0.9967700      50.22
   1221.94324    0.9969000      50.23
   1221.94495    0.9967800      50.22
   1221.94666    0.9967100      50.22
   1221.94836    0.9969800      50.23
   1221.95007    0.9973600      50.25
   1221.95190    0.9973800      50.25
   1221.95361    0.9970800      50.24
   1221.95532    0.9969000      50.23
   1221.95703    0.9970000      50.23
   1221.95874    0.9970200      50.23
   1221.96045    0.9967600      50.22
   1221.96216    0.9965700      50.21
   1221.96387    0.9968500      50.23
   1221.96570    0.9974500      50.26
   1221.96741    0.9978700      50.28
   1221.96912    0.9978200      50.27
   1221.97083    0.9973700      50.25
   1221.97253    0.9966500      50.21
   1221.97424    0.9958100      50.17
   1221.97595    0.9951400      50.14
   1221.97766    0.9948600      50.12
   1221.97937    0.9948500      50.12
   1221.98120    0.9948000      50.12
   1221.98291    0.9946800      50.11
   1221.98462    0.9946600      50.11
   1221.98633    0.9947900      50.12
   1221.98804    0.9948500      50.12
   1221.98975    0.9947700      50.12
   1221.99146    0.9948400      50.12
   1221.99316    0.9952600      50.14
   1221.99500    0.9958200      50.17
   1221.99670    0.9961300      50.19
   1221.99841    0.9961400      50.19
   1222.00012    0.9961300      50.19
   1222.00183    0.9962500      50.19
   1222.00354    0.9963300      50.20
   1222.00525    0.9962400      50.19
   1222.00696    0.9961400      50.19
   1222.00879    0.9963100      50.19
   1222.01050    0.9967400      50.22
   1222.01221    0.9970600      50.23
   1222.01392    0.9968900      50.22
   1222.01562    0.9962900      50.19
   1222.01733    0.9956700      50.16
   1222.01904    0.9953500      50.15
   1222.02075    0.9952400      50.14
   1222.02258    0.9950700      50.13
   1222.02429    0.9947800      50.12
   1222.02600    0.9946200      50.11
   1222.02771    0.9947600      50.11
   1222.02942    0.9949100      50.12
   1222.03113    0.9946200      50.11
   1222.03284    0.9937900      50.07
   1222.03455    0.9928200      50.02
   1222.03638    0.9922200      49.99
   1222.03809    0.9921700      49.98
   1222.03979    0.9924900      50.00
   1222.04150    0.9928500      50.02
   1222.04321    0.9929900      50.02
   1222.04492    0.9928700      50.02
   1222.04663    0.9926900      50.01
   1222.04834    0.9927400      50.01
   1222.05017    0.9931500      50.03
   1222.05188    0.9937000      50.06
   1222.05359    0.9940900      50.08
   1222.05530    0.9943100      50.09
   1222.05701    0.9944900      50.10
   1222.05872    0.9946600      50.11
   1222.06042    0.9947600      50.11
   1222.06213    0.9948100      50.11
   1222.06396    0.9948600      50.12
   1222.06567    0.9947900      50.11
   1222.06738    0.9944600      50.10
   1222.06909    0.9939500      50.07
   1222.07080    0.9935400      50.05
   1222.07251    0.9932100      50.03
   1222.07422    0.9926700      50.01
   1222.07593    0.9918600      49.96
   1222.07776    0.9910900      49.93
   1222.07947    0.9906000      49.90
   1222.08118    0.9902800      49.88
   1222.08289    0.9900500      49.87
   1222.08459    0.9901100      49.88
   1222.08630    0.9904700      49.89
   1222.08801    0.9906500      49.90
   1222.08972    0.9904600      49.89
   1222.09155    0.9904200      49.89
   1222.09326    0.9909500      49.92
   1222.09497    0.9914700      49.94
   1222.09668    0.9913100      49.94
   1222.09839    0.9909600      49.92
   1222.10010    0.9914700      49.94
   1222.10181    0.9926400      50.00
   1222.10352    0.9931600      50.03
   1222.10535    0.9927100      50.00
   1222.10706    0.9923900      49.99
   1222.10876    0.9928700      50.01
   1222.11047    0.9932500      50.03
   1222.11218    0.9927700      50.01
   1222.11389    0.9921300      49.97
   1222.11560    0.9921100      49.97
   1222.11743    0.9921400      49.98
   1222.11914    0.9915300      49.94
   1222.12085    0.9910000      49.92
   1222.12256    0.9912800      49.93
   1222.12427    0.9913100      49.93
   1222.12598    0.9900200      49.87
   1222.12769    0.9886700      49.80
   1222.12939    0.9889400      49.81
   1222.13123    0.9895100      49.84
   1222.13293    0.9878900      49.76
   1222.13464    0.9851800      49.62
   1222.13635    0.9849100      49.61
   1222.13806    0.9862900      49.68
   1222.13977    0.9839900      49.56
   1222.14148    0.9768900      49.20
   1222.14319    0.9709700      48.91
   1222.14502    0.9683800      48.78
   1222.14673    0.9588800      48.30
   1222.14844    0.9319400      46.94
   1222.15015    0.8964900      45.15
   1222.15186    0.8780700      44.23
   1222.15356    0.8917000      44.91
   1222.15527    0.9246600      46.57
   1222.15698    0.9519600      47.95
   1222.15881    0.9634800      48.53
   1222.16052    0.9680200      48.76
   1222.16223    0.9749000      49.10
   1222.16394    0.9822100      49.47
   1222.16565    0.9846900      49.60
   1222.16736    0.9839600      49.56
   1222.16907    0.9850700      49.61
   1222.17078    0.9881700      49.77
   1222.17261    0.9895000      49.84
   1222.17432    0.9884400      49.78
   1222.17603    0.9881200      49.77
   1222.17773    0.9897500      49.85
   1222.17944    0.9910500      49.91
   1222.18115    0.9906800      49.90
   1222.18286    0.9903000      49.88
   1222.18457    0.9912300      49.92
   1222.18640    0.9921000      49.97
   1222.18811    0.9914500      49.93
   1222.18982    0.9903300      49.88
   1222.19153    0.9904500      49.88
   1222.19324    0.9914600      49.93
   1222.19495    0.9917700      49.95
   1222.19666    0.9911300      49.92
   1222.19836    0.9905700      49.89
   1222.20020    0.9905100      49.89
   1222.20190    0.9905000      49.89
   1222.20361    0.9903900      49.88
   1222.20532    0.9905600      49.89
   1222.20703    0.9908400      49.90
   1222.20874    0.9906500      49.89
   1222.21045    0.9900800      49.86
   1222.21228    0.9899700      49.86
   1222.21399    0.9905400      49.89
   1222.21570    0.9909600      49.91
   1222.21741    0.9905500      49.89
   1222.21912    0.9896200      49.84
   1222.22083    0.9888500      49.80
   1222.22253    0.9884300      49.78
   1222.22424    0.9881300      49.76
   1222.22607    0.9878000      49.75
   1222.22778    0.9873300      49.72
   1222.22949    0.9867000      49.69
   1222.23120    0.9861500      49.66
   1222.23291    0.9860000      49.66
   1222.23462    0.9860400      49.66
   1222.23633    0.9855600      49.63
   1222.23804    0.9843500      49.57
   1222.23987    0.9830500      49.51
   1222.24158    0.9821800      49.46
   1222.24329    0.9813400      49.42
   1222.24500    0.9798800      49.35
   1222.24670    0.9779700      49.25
   1222.24841    0.9763200      49.17
   1222.25012    0.9750400      49.10
   1222.25195    0.9735800      49.03
   1222.25366    0.9716400      48.93
   1222.25537    0.9695600      48.83
   1222.25708    0.9675600      48.73
   1222.25879    0.9653400      48.61
   1222.26050    0.9626000      48.48
   1222.26221    0.9593900      48.31
   1222.26392    0.9556700      48.13
   1222.26575    0.9510500      47.89
   1222.26746    0.9453600      47.61
   1222.26917    0.9390100      47.29
   1222.27087    0.9323300      46.95
   1222.27258    0.9249900      46.58
   1222.27429    0.9166900      46.16
   1222.27600    0.9079600      45.72
   1222.27771    0.8995600      45.30
   1222.27954    0.8913600      44.89
   1222.28125    0.8825600      44.44
   1222.28296    0.8728700      43.95
   1222.28467    0.8622300      43.42
   1222.28638    0.8492200      42.76
   1222.28809    0.8311100      41.85
   1222.28979    0.8065500      40.61
   1222.29163    0.7776400      39.16
   1222.29333    0.7476200      37.65
   1222.29504    0.7165900      36.08
   1222.29675    0.6805100      34.27
   1222.29846    0.6352500      31.99
   1222.30017    0.5816800      29.29
   1222.30188    0.5271500      26.54
   1222.30359    0.4829400      24.32
   1222.30542    0.4596800      23.15
   1222.30713    0.4632600      23.33
   1222.30884    0.4924600      24.80
   1222.31055    0.5397300      27.18
   1222.31226    0.5950300      29.96
   1222.31396    0.6501800      32.74
   1222.31567    0.7006700      35.28
   1222.31738    0.7447800      37.50
   1222.31921    0.7820800      39.38
   1222.32092    0.8128200      40.93
   1222.32263    0.8378200      42.19
   1222.32434    0.8580700      43.21
   1222.32605    0.8744500      44.03
   1222.32776    0.8878200      44.70
   1222.32947    0.8990500      45.27
   1222.33130    0.9087400      45.76
   1222.33301    0.9170400      46.18
   1222.33472    0.9240300      46.53
   1222.33643    0.9300400      46.83
   1222.33813    0.9355400      47.11
   1222.33984    0.9407500      47.37
   1222.34155    0.9456500      47.61
   1222.34326    0.9502200      47.84
   1222.34509    0.9542900      48.05
   1222.34680    0.9576200      48.22
   1222.34851    0.9602400      48.35
   1222.35022    0.9626700      48.47
   1222.35193    0.9653100      48.60
   1222.35364    0.9679400      48.74
   1222.35535    0.9699900      48.84
   1222.35718    0.9714000      48.91
   1222.35889    0.9727800      48.98
   1222.36060    0.9745600      49.07
   1222.36230    0.9764900      49.17
   1222.36401    0.9781200      49.25
   1222.36572    0.9793500      49.31
   1222.36743    0.9804400      49.36
   1222.36914    0.9815600      49.42
   1222.37097    0.9826400      49.47
   1222.37268    0.9835300      49.52
   1222.37439    0.9842100      49.55
   1222.37610    0.9848100      49.58
   1222.37781    0.9855500      49.62
   1222.37952    0.9864000      49.66
   1222.38123    0.9870100      49.69
   1222.38293    0.9871700      49.70
   1222.38477    0.9872600      49.71
   1222.38647    0.9877900      49.73
   1222.38818    0.9886400      49.78
   1222.38989    0.9891500      49.80
   1222.39160    0.9891900      49.80
   1222.39331    0.9893100      49.81
   1222.39502    0.9897900      49.83
   1222.39685    0.9901900      49.85
   1222.39856    0.9902000      49.85
   1222.40027    0.9902500      49.86
   1222.40198    0.9907100      49.88
   1222.40369    0.9911200      49.90
   1222.40540    0.9910600      49.90
   1222.40710    0.9910200      49.89
   1222.40881    0.9914900      49.92
   1222.41064    0.9918300      49.93
   1222.41235    0.9912900      49.91
   1222.41406    0.9905800      49.87
   1222.41577    0.9909500      49.89
   1222.41748    0.9920300      49.94
   1222.41919    0.9922800      49.96
   1222.42090    0.9915700      49.92
   1222.42273    0.9914000      49.91
   1222.42444    0.9921800      49.95
   1222.42615    0.9924700      49.97
   1222.42786    0.9916700      49.92
   1222.42957    0.9912700      49.90
   1222.43127    0.9920100      49.94
   1222.43298    0.9920800      49.94
   1222.43469    0.9902800      49.85
   1222.43652    0.9886100      49.77
   1222.43823    0.9890500      49.79
   1222.43994    0.9897900      49.83
   1222.44165    0.9881500      49.75
   1222.44336    0.9856900      49.62
   1222.44507    0.9857700      49.63
   1222.44678    0.9867100      49.67
   1222.44861    0.9834000      49.51
   1222.45032    0.9762700      49.15
   1222.45203    0.9714300      48.90
   1222.45374    0.9683500      48.75
   1222.45544    0.9551300      48.08
   1222.45715    0.9245500      46.54
   1222.45886    0.8908300      44.85
   1222.46069    0.8795400      44.28
   1222.46240    0.8995000      45.28
   1222.46411    0.9328200      46.96
   1222.46582    0.9561700      48.13
   1222.46753    0.9645100      48.55
   1222.46924    0.9685300      48.76
   1222.47095    0.9755300      49.11
   1222.47266    0.9822800      49.45
   1222.47449    0.9845800      49.56
   1222.47620    0.9847000      49.57
   1222.47791    0.9864500      49.66
   1222.47961    0.9891200      49.79
   1222.48132    0.9901100      49.84
   1222.48303    0.9898500      49.83
   1222.48474    0.9904100      49.86
   1222.48657    0.9916300      49.92
   1222.48828    0.9918400      49.93
   1222.48999    0.9912300      49.90
   1222.49170    0.9914700      49.91
   1222.49341    0.9926000      49.97
   1222.49512    0.9930200      49.99
   1222.49683    0.9923900      49.95
   1222.49854    0.9921000      49.94
   1222.50037    0.9927800      49.97
   1222.50208    0.9933500      50.00
   1222.50378    0.9930900      49.99
   1222.50549    0.9927500      49.97
   1222.50720    0.9930700      49.99
   1222.50891    0.9934200      50.01
   1222.51062    0.9930600      49.99
   1222.51245    0.9923300      49.95
   1222.51416    0.9919700      49.93
   1222.51587    0.9918100      49.92
   1222.51758    0.9912800      49.90
   1222.51929    0.9905100      49.86
   1222.52100    0.9900900      49.84
   1222.52271    0.9899600      49.83
   1222.52454    0.9895200      49.81
   1222.52625    0.9885900      49.76
   1222.52795    0.9875600      49.71
   1222.52966    0.9866100      49.66
   1222.53137    0.9855300      49.61
   1222.53308    0.9841800      49.54
   1222.53479    0.9826800      49.46
   1222.53650    0.9810700      49.38
   1222.53833    0.9792400      49.29
   1222.54004    0.9773300      49.19
   1222.54175    0.9755900      49.11
   1222.54346    0.9739700      49.02
   1222.54517    0.9720900      48.93
   1222.54688    0.9700400      48.83
   1222.54858    0.9685000      48.75
   1222.55042    0.9680000      48.72
   1222.55212    0.9683000      48.74
   1222.55383    0.9689000      48.77
   1222.55554    0.9698200      48.81
   1222.55725    0.9714200      48.89
   1222.55896    0.9737000      49.01
   1222.56067    0.9762100      49.14
   1222.56250    0.9786300      49.26
   1222.56421    0.9811100      49.38
   1222.56592    0.9837200      49.51
   1222.56763    0.9859800      49.63
   1222.56934    0.9874700      49.70
   1222.57104    0.9883900      49.75
   1222.57275    0.9893900      49.80
   1222.57446    0.9906300      49.86
   1222.57629    0.9915600      49.91
   1222.57800    0.9918000      49.92
   1222.57971    0.9917100      49.91
   1222.58142    0.9919100      49.92
   1222.58313    0.9924700      49.95
   1222.58484    0.9929800      49.98
   1222.58655    0.9932700      49.99
   1222.58838    0.9935300      50.00
   1222.59009    0.9937200      50.01
   1222.59180    0.9934100      50.00
   1222.59351    0.9925100      49.95
   1222.59521    0.9916100      49.91
   1222.59692    0.9913100      49.89
   1222.59863    0.9913500      49.89
   1222.60046    0.9909800      49.88
   1222.60217    0.9901100      49.83
   1222.60388    0.9894400      49.80
   1222.60559    0.9894200      49.80
   1222.60730    0.9896700      49.81
   1222.60901    0.9896000      49.80
   1222.61072    0.9892700      49.79
   1222.61255    0.9891300      49.78
   1222.61426    0.9893300      49.79
   1222.61597    0.9896300      49.81
   1222.61768    0.9899400      49.82
   1222.61938    0.9904500      49.85
   1222.62109    0.9911800      49.88
   1222.62280    0.9917500      49.91
   1222.62451    0.9919300      49.92
   1222.62634    0.9918900      49.92
   1222.62805    0.9919700      49.92
   1222.62976    0.9921600      49.93
   1222.63147    0.9921800      49.93
   1222.63318    0.9918700      49.92
   1222.63489    0.9912700      49.89
   1222.63660    0.9903900      49.84
   1222.63843    0.9891900      49.78
   1222.64014    0.9878600      49.71
   1222.64185    0.9868400      49.66
   1222.64355    0.9864600      49.64
   1222.64526    0.9866200      49.65
   1222.64697    0.9869700      49.67
   1222.64868    0.9873200      49.69
   1222.65051    0.9877600      49.71
   1222.65222    0.9884200      49.74
   1222.65393    0.9892000      49.78
   1222.65564    0.9898000      49.81
   1222.65735    0.9900500      49.82
   1222.65906    0.9900700      49.82
   1222.66077    0.9901100      49.83
   1222.66260    0.9902600      49.83
   1222.66431    0.9903600      49.84
   1222.66602    0.9903500      49.84
   1222.66772    0.9903800      49.84
   1222.66943    0.9905900      49.85
   1222.67114    0.9907000      49.85
   1222.67285    0.9902300      49.83
   1222.67468    0.9891900      49.78
   1222.67639    0.9881100      49.72
   1222.67810    0.9873400      49.69
   1222.67981    0.9866100      49.65
   1222.68152    0.9854200      49.59
   1222.68323    0.9837200      49.50
   1222.68494    0.9817800      49.40
   1222.68665    0.9795100      49.29
   1222.68848    0.9763600      49.13
   1222.69019    0.9717600      48.90
   1222.69189    0.9655500      48.59
   1222.69360    0.9577400      48.19
   1222.69531    0.9481500      47.71
   1222.69702    0.9363600      47.12
   1222.69873    0.9219000      46.39
   1222.70056    0.9046100      45.52
   1222.70227    0.8849900      44.53
   1222.70398    0.8641400      43.48
   1222.70569    0.8432300      42.43
   1222.70740    0.8232500      41.43
   1222.70911    0.8055700      40.54
   1222.71082    0.7924700      39.88
   1222.71265    0.7861800      39.56
   1222.71436    0.7872600      39.61
   1222.71606    0.7945900      39.98
   1222.71777    0.8068300      40.60
   1222.71948    0.8231600      41.42
   1222.72119    0.8424600      42.39
   1222.72290    0.8625600      43.40
   1222.72473    0.8814500      44.35
   1222.72644    0.8984100      45.21
   1222.72815    0.9135100      45.97
   1222.72986    0.9264600      46.62
   1222.73157    0.9369500      47.15
   1222.73328    0.9453700      47.57
   1222.73499    0.9521900      47.91
   1222.73682    0.9571600      48.16
   1222.73853    0.9601100      48.31
   1222.74023    0.9620100      48.41
   1222.74194    0.9638400      48.50
   1222.74365    0.9647000      48.54
   1222.74536    0.9630200      48.46
   1222.74707    0.9593700      48.27
   1222.74890    0.9558900      48.10
   1222.75061    0.9527100      47.94
   1222.75232    0.9474400      47.67
   1222.75403    0.9390900      47.25
   1222.75574    0.9296800      46.78
   1222.75745    0.9203200      46.31
   1222.75916    0.9087300      45.72
   1222.76099    0.8934600      44.95
   1222.76270    0.8781700      44.19
   1222.76440    0.8678500      43.67
   1222.76611    0.8628500      43.41
   1222.76782    0.8609400      43.32
   1222.76953    0.8636100      43.45
   1222.77124    0.8731300      43.93
   1222.77307    0.8828800      44.42
   1222.77478    0.8794000      44.25
   1222.77649    0.8599500      43.27
   1222.77820    0.8421600      42.37
   1222.77991    0.8477200      42.65
   1222.78162    0.8779600      44.17
   1222.78333    0.9130200      45.94
   1222.78516    0.9351200      47.05
   1222.78687    0.9449200      47.54
   1222.78857    0.9527700      47.94
   1222.79028    0.9622800      48.41
   1222.79199    0.9691300      48.76
   1222.79370    0.9714800      48.88
   1222.79541    0.9731300      48.96
   1222.79724    0.9767200      49.14
   1222.79895    0.9800800      49.31
   1222.80066    0.9809900      49.36
   1222.80237    0.9811200      49.36
   1222.80408    0.9828000      49.45
   1222.80579    0.9852100      49.57
   1222.80750    0.9862500      49.62
   1222.80933    0.9861900      49.62
   1222.81104    0.9867200      49.64
   1222.81274    0.9879700      49.71
   1222.81445    0.9886500      49.74
   1222.81616    0.9886500      49.74
   1222.81787    0.9891200      49.76
   1222.81958    0.9902500      49.82
   1222.82141    0.9908700      49.85
   1222.82312    0.9904600      49.83
   1222.82483    0.9899800      49.81
   1222.82654    0.9902600      49.82
   1222.82825    0.9908900      49.85
   1222.82996    0.9911900      49.87
   1222.83167    0.9912900      49.87
   1222.83350    0.9915900      49.89
   1222.83521    0.9919300      49.90
   1222.83691    0.9919200      49.90
   1222.83862    0.9917200      49.89
   1222.84033    0.9918100      49.90
   1222.84204    0.9922000      49.92
   1222.84375    0.9924200      49.93
   1222.84558    0.9921600      49.91
   1222.84729    0.9916000      49.88
   1222.84900    0.9910700      49.86
   1222.85071    0.9907400      49.84
   1222.85242    0.9905700      49.83
   1222.85413    0.9903700      49.82
   1222.85583    0.9899700      49.80
   1222.85767    0.9893900      49.77
   1222.85938    0.9887600      49.74
   1222.86108    0.9881600      49.71
   1222.86279    0.9875900      49.68
   1222.86450    0.9870900      49.66
   1222.86621    0.9867700      49.64
   1222.86792    0.9866100      49.63
   1222.86975    0.9863500      49.62
   1222.87146    0.9858700      49.59
   1222.87317    0.9852600      49.56
   1222.87488    0.9846400      49.53
   1222.87659    0.9839900      49.50
   1222.87830    0.9833400      49.47
   1222.88000    0.9829600      49.45
   1222.88184    0.9829600      49.45
   1222.88354    0.9830500      49.45
   1222.88525    0.9828800      49.44
   1222.88696    0.9825200      49.42
   1222.88867    0.9823000      49.41
   1222.89038    0.9823500      49.42
   1222.89209    0.9823400      49.42
   1222.89392    0.9819700      49.40
   1222.89563    0.9813200      49.36
   1222.89734    0.9807200      49.33
   1222.89905    0.9803500      49.31
   1222.90076    0.9799400      49.29
   1222.90247    0.9790800      49.25
   1222.90417    0.9776200      49.18
   1222.90601    0.9759100      49.09
   1222.90771    0.9743800      49.01
   1222.90942    0.9729400      48.94
   1222.91113    0.9710700      48.85
   1222.91284    0.9683600      48.71
   1222.91455    0.9649900      48.54
   1222.91626    0.9614500      48.36
   1222.91809    0.9579900      48.19
   1222.91980    0.9546800      48.02
   1222.92151    0.9517700      47.88
   1222.92322    0.9497800      47.77
   1222.92493    0.9490500      47.74
   1222.92664    0.9495200      47.76
   1222.92834    0.9509700      47.83
   1222.93018    0.9531600      47.94
   1222.93188    0.9558400      48.08
   1222.93359    0.9586900      48.22
   1222.93530    0.9615000      48.36
   1222.93701    0.9641300      48.50
   1222.93872    0.9663700      48.61
   1222.94043    0.9680100      48.69
   1222.94226    0.9691100      48.75
   1222.94397    0.9699700      48.79
   1222.94568    0.9707100      48.83
   1222.94739    0.9710900      48.84
   1222.94910    0.9709300      48.84
   1222.95081    0.9704000      48.81
   1222.95251    0.9698000      48.78
   1222.95435    0.9690400      48.74
   1222.95605    0.9677500      48.68
   1222.95776    0.9656800      48.57
   1222.95947    0.9629000      48.43
   1222.96118    0.9596400      48.27
   1222.96289    0.9561200      48.09
   1222.96472    0.9525700      47.91
   1222.96643    0.9491400      47.74
   1222.96814    0.9457900      47.57
   1222.96985    0.9425100      47.41
   1222.97156    0.9395900      47.26
   1222.97327    0.9375000      47.15
   1222.97498    0.9365500      47.11
   1222.97681    0.9367900      47.12
   1222.97852    0.9382200      47.19
   1222.98022    0.9409600      47.33
   1222.98193    0.9449600      47.53
   1222.98364    0.9498100      47.77
   1222.98535    0.9549600      48.03
   1222.98706    0.9600300      48.29
   1222.98889    0.9648500      48.53
   1222.99060    0.9692400      48.75
   1222.99231    0.9730600      48.94
   1222.99402    0.9762200      49.10
   1222.99573    0.9788400      49.23
   1222.99744    0.9811100      49.34
   1222.99915    0.9831700      49.45
   1223.00098    0.9850200      49.54
   1223.00269    0.9864800      49.61
   1223.00439    0.9873900      49.66
   1223.00610    0.9878800      49.68
   1223.00781    0.9883600      49.71
   1223.00952    0.9891700      49.75
   1223.01123    0.9902100      49.80
   1223.01306    0.9909700      49.84
   1223.01477    0.9910900      49.84
   1223.01648    0.9908000      49.83
   1223.01819    0.9907200      49.83
   1223.01990    0.9911500      49.85
   1223.02161    0.9917200      49.88
   1223.02344    0.9919500      49.89
   1223.02515    0.9919200      49.89
   1223.02686    0.9921600      49.90
   1223.02856    0.9927300      49.93
   1223.03027    0.9929200      49.94
   1223.03198    0.9922000      49.90
   1223.03369    0.9910000      49.84
   1223.03552    0.9901200      49.79
   1223.03723    0.9897400      49.78
   1223.03894    0.9894800      49.76
   1223.04065    0.9891900      49.75
   1223.04236    0.9890500      49.74
   1223.04407    0.9889900      49.74
   1223.04578    0.9887200      49.72
   1223.04761    0.9883300      49.70
   1223.04932    0.9883100      49.70
   1223.05103    0.9886600      49.72
   1223.05273    0.9888400      49.73
   1223.05444    0.9887800      49.73
   1223.05615    0.9890300      49.74
   1223.05786    0.9897200      49.77
   1223.05969    0.9902000      49.80
   1223.06140    0.9902600      49.80
   1223.06311    0.9906300      49.82
   1223.06482    0.9915800      49.87
   1223.06653    0.9921200      49.89
   1223.06824    0.9915900      49.87
   1223.07007    0.9910200      49.84
   1223.07178    0.9914200      49.86
   1223.07349    0.9918400      49.88
   1223.07520    0.9909500      49.83
   1223.07690    0.9896100      49.77
   1223.07861    0.9897400      49.77
   1223.08032    0.9909100      49.83
   1223.08215    0.9908800      49.83
   1223.08386    0.9895500      49.76
   1223.08557    0.9891600      49.74
   1223.08728    0.9899900      49.78
   1223.08899    0.9892500      49.75
   1223.09070    0.9859600      49.58
   1223.09241    0.9831700      49.44
   1223.09424    0.9826100      49.41
   1223.09595    0.9807100      49.32
   1223.09766    0.9743100      48.99
   1223.09937    0.9669400      48.62
   1223.10107    0.9627000      48.41
   1223.10278    0.9557800      48.06
   1223.10449    0.9354100      47.04
   1223.10632    0.9040900      45.46
   1223.10803    0.8823100      44.37
   1223.10974    0.8880700      44.66
   1223.11145    0.9158200      46.05
   1223.11316    0.9433300      47.43
   1223.11487    0.9569600      48.12
   1223.11670    0.9620200      48.37
   1223.11841    0.9687100      48.71
   1223.12012    0.9774200      49.15
   1223.12183    0.9824700      49.40
   1223.12354    0.9832700      49.44
   1223.12524    0.9845300      49.51
   1223.12695    0.9880200      49.68
   1223.12878    0.9906300      49.81
   1223.13049    0.9905600      49.81
   1223.13220    0.9900700      49.78
   1223.13391    0.9911100      49.84
   1223.13562    0.9923000      49.90
   1223.13733    0.9919800      49.88
   1223.13904    0.9912800      49.84
   1223.14087    0.9918800      49.87
   1223.14258    0.9930900      49.93
   1223.14429    0.9932000      49.94
   1223.14600    0.9924200      49.90
   1223.14771    0.9922400      49.89
   1223.14941    0.9928800      49.92
   1223.15125    0.9931600      49.94
   1223.15295    0.9927000      49.91
   1223.15466    0.9923200      49.89
   1223.15637    0.9924400      49.90
   1223.15808    0.9924900      49.90
   1223.15979    0.9922500      49.89
   1223.16150    0.9922300      49.89
   1223.16333    0.9925700      49.91
   1223.16504    0.9925500      49.91
   1223.16675    0.9917900      49.87
   1223.16846    0.9909500      49.82
   1223.17017    0.9907100      49.81
   1223.17188    0.9906300      49.81
   1223.17371    0.9899500      49.77
   1223.17542    0.9887900      49.72
   1223.17712    0.9879500      49.67
   1223.17883    0.9876100      49.66
   1223.18054    0.9870000      49.62
   1223.18225    0.9854400      49.55
   1223.18396    0.9830200      49.42
   1223.18579    0.9803000      49.29
   1223.18750    0.9776300      49.15
   1223.18921    0.9750400      49.02
   1223.19092    0.9723700      48.89
   1223.19263    0.9696000      48.75
   1223.19434    0.9670600      48.62
   1223.19604    0.9656500      48.55
   1223.19788    0.9661900      48.58
   1223.19958    0.9686500      48.70
   1223.20129    0.9719600      48.87
   1223.20300    0.9749400      49.02
   1223.20471    0.9771300      49.13
   1223.20642    0.9787900      49.21
   1223.20825    0.9800900      49.28
   1223.20996    0.9809200      49.32
   1223.21167    0.9812700      49.33
   1223.21338    0.9814700      49.34
   1223.21509    0.9817800      49.36
   1223.21680    0.9819500      49.37
   1223.21851    0.9815100      49.35
   1223.22034    0.9804900      49.29
   1223.22205    0.9794600      49.24
   1223.22375    0.9788900      49.21
   1223.22546    0.9785800      49.20
   1223.22717    0.9779300      49.16
   1223.22888    0.9766500      49.10
   1223.23071    0.9750800      49.02
   1223.23242    0.9736400      48.95
   1223.23413    0.9722700      48.88
   1223.23584    0.9704300      48.79
   1223.23755    0.9676500      48.65
   1223.23926    0.9639100      48.46
   1223.24097    0.9594600      48.24
   1223.24280    0.9542100      47.97
   1223.24451    0.9475800      47.64
   1223.24622    0.9387400      47.19
   1223.24792    0.9272300      46.61
   1223.24963    0.9130300      45.90
   1223.25134    0.8962300      45.06
   1223.25317    0.8763500      44.06
   1223.25488    0.8521700      42.84
   1223.25659    0.8226200      41.35
   1223.25830    0.7889200      39.66
   1223.26001    0.7561500      38.01
   1223.26172    0.7321300      36.81
   1223.26343    0.7230400      36.35
   1223.26526    0.7289200      36.64
   1223.26697    0.7431700      37.36
   1223.26868    0.7570900      38.06
   1223.27039    0.7654700      38.48
   1223.27209    0.7688300      38.65
   1223.27380    0.7709900      38.76
   1223.27551    0.7754800      38.98
   1223.27734    0.7839100      39.41
   1223.27905    0.7966400      40.05
   1223.28076    0.8136700      40.90
   1223.28247    0.8344300      41.95
   1223.28418    0.8571900      43.09
   1223.28589    0.8793600      44.20
   1223.28772    0.8986500      45.17
   1223.28943    0.9141000      45.95
   1223.29114    0.9260800      46.55
   1223.29285    0.9355600      47.03
   1223.29456    0.9433300      47.42
   1223.29626    0.9498100      47.75
   1223.29797    0.9552200      48.02
   1223.29980    0.9596900      48.24
   1223.30151    0.9634200      48.43
   1223.30322    0.9666600      48.59
   1223.30493    0.9695400      48.74
   1223.30664    0.9719800      48.86
   1223.30835    0.9738300      48.95
   1223.31018    0.9751700      49.02
   1223.31189    0.9763600      49.08
   1223.31360    0.9775200      49.14
   1223.31531    0.9783800      49.18
   1223.31702    0.9786900      49.20
   1223.31873    0.9787400      49.20
   1223.32043    0.9789900      49.21
   1223.32227    0.9794200      49.23
   1223.32397    0.9796100      49.24
   1223.32568    0.9794300      49.23
   1223.32739    0.9792800      49.22
   1223.32910    0.9794200      49.23
   1223.33081    0.9795000      49.24
   1223.33264    0.9790700      49.21
   1223.33435    0.9783200      49.18
   1223.33606    0.9778600      49.15
   1223.33777    0.9779400      49.16
   1223.33948    0.9781300      49.17
   1223.34119    0.9779800      49.16
   1223.34302    0.9774500      49.13
   1223.34473    0.9767600      49.10
   1223.34644    0.9760300      49.06
   1223.34814    0.9754400      49.03
   1223.34985    0.9752400      49.02
   1223.35156    0.9754800      49.03
   1223.35327    0.9757300      49.04
   1223.35510    0.9756100      49.04
   1223.35681    0.9752500      49.02
   1223.35852    0.9752100      49.02
   1223.36023    0.9756600      49.04
   1223.36194    0.9763200      49.07
   1223.36365    0.9769600      49.10
   1223.36548    0.9777600      49.14
   1223.36719    0.9787800      49.20
   1223.36890    0.9795800      49.24
   1223.37061    0.9796700      49.24
   1223.37231    0.9793000      49.22
   1223.37402    0.9791000      49.21
   1223.37573    0.9791300      49.21
   1223.37756    0.9788400      49.20
   1223.37927    0.9780500      49.16
   1223.38098    0.9772900      49.12
   1223.38269    0.9769600      49.10
   1223.38440    0.9767200      49.09
   1223.38611    0.9760700      49.06
   1223.38794    0.9751000      49.01
   1223.38965    0.9739900      48.95
   1223.39136    0.9723100      48.87
   1223.39307    0.9695800      48.73
   1223.39478    0.9662600      48.56
   1223.39648    0.9632000      48.41
   1223.39819    0.9602300      48.26
   1223.40002    0.9562800      48.06
   1223.40173    0.9509300      47.79
   1223.40344    0.9447600      47.48
   1223.40515    0.9379500      47.14
   1223.40686    0.9296300      46.72
   1223.40857    0.9190900      46.19
   1223.41040    0.9065300      45.56
   1223.41211    0.8916100      44.81
   1223.41382    0.8728000      43.87
   1223.41553    0.8489000      42.66
   1223.41724    0.8203900      41.23
   1223.41895    0.7880300      39.60
   1223.42078    0.7519900      37.79
   1223.42249    0.7148100      35.92
   1223.42419    0.6842500      34.39
   1223.42590    0.6696100      33.65
   1223.42761    0.6745100      33.90
   1223.42932    0.6950300      34.93
   1223.43103    0.7249400      36.43
   1223.43286    0.7595300      38.17
   1223.43457    0.7938600      39.90
   1223.43628    0.8222700      41.32
   1223.43799    0.8430400      42.37
   1223.43970    0.8600700      43.22
   1223.44141    0.8751400      43.98
   1223.44324    0.8815700      44.30
   1223.44495    0.8722800      43.84
   1223.44666    0.8541600      42.93
   1223.44836    0.8466300      42.55
   1223.45007    0.8619000      43.31
   1223.45178    0.8915400      44.80
   1223.45361    0.9171600      46.09
   1223.45532    0.9307600      46.78
   1223.45703    0.9386200      47.17
   1223.45874    0.9478200      47.63
   1223.46045    0.9570300      48.09
   1223.46216    0.9621400      48.35
   1223.46387    0.9641800      48.45
   1223.46570    0.9672000      48.61
   1223.46741    0.9715800      48.83
   1223.46912    0.9744400      48.97
   1223.47083    0.9751000      49.00
   1223.47253    0.9759800      49.05
   1223.47424    0.9783600      49.17
   1223.47607    0.9806200      49.28
   1223.47778    0.9814200      49.32
   1223.47949    0.9817500      49.34
   1223.48120    0.9829300      49.39
   1223.48291    0.9844000      49.47
   1223.48462    0.9851600      49.51
   1223.48645    0.9856100      49.53
   1223.48816    0.9866700      49.58
   1223.48987    0.9880000      49.65
   1223.49158    0.9885200      49.67
   1223.49329    0.9883200      49.66
   1223.49500    0.9884800      49.67
   1223.49670    0.9894000      49.72
   1223.49854    0.9902000      49.76
   1223.50024    0.9901900      49.76
   1223.50195    0.9898100      49.74
   1223.50366    0.9898800      49.74
   1223.50537    0.9905300      49.77
   1223.50708    0.9912300      49.81
   1223.50891    0.9914900      49.82
   1223.51062    0.9913200      49.81
   1223.51233    0.9911600      49.81
   1223.51404    0.9914900      49.82
   1223.51575    0.9923700      49.87
   1223.51746    0.9932200      49.91
   1223.51929    0.9934200      49.92
   1223.52100    0.9929800      49.90
   1223.52271    0.9925700      49.88
   1223.52441    0.9926800      49.88
   1223.52612    0.9930600      49.90
   1223.52783    0.9931500      49.90
   1223.52954    0.9928400      49.89
   1223.53137    0.9925000      49.87
   1223.53308    0.9925100      49.87
   1223.53479    0.9929300      49.89
   1223.53650    0.9935500      49.92
   1223.53821    0.9940400      49.95
   1223.53992    0.9941900      49.96
   1223.54175    0.9940900      49.95
   1223.54346    0.9940800      49.95
   1223.54517    0.9944000      49.97
   1223.54688    0.9949000      49.99
   1223.54858    0.9951600      50.00
   1223.55029    0.9950200      50.00
   1223.55212    0.9947500      49.98
   1223.55383    0.9945800      49.97
   1223.55554    0.9944200      49.97
   1223.55725    0.9941000      49.95
   1223.55896    0.9937200      49.93
   1223.56067    0.9935700      49.92
   1223.56250    0.9936600      49.93
   1223.56421    0.9937300      49.93
   1223.56592    0.9936000      49.92
   1223.56763    0.9935300      49.92
   1223.56934    0.9937300      49.93
   1223.57104    0.9940100      49.94
   1223.57275    0.9939100      49.94
   1223.57458    0.9933600      49.91
   1223.57629    0.9928500      49.88
   1223.57800    0.9928100      49.88
   1223.57971    0.9930700      49.90
   1223.58142    0.9931200      49.90
   1223.58313    0.9926800      49.88
   1223.58496    0.9919400      49.84
   1223.58667    0.9911600      49.80
   1223.58838    0.9903600      49.76
   1223.59009    0.9894400      49.71
   1223.59180    0.9883500      49.66
   1223.59351    0.9872100      49.60
   1223.59534    0.9860400      49.54
   1223.59705    0.9847500      49.48
   1223.59875    0.9831700      49.40
   1223.60046    0.9812900      49.30
   1223.60217    0.9793400      49.20
   1223.60388    0.9775900      49.12
   1223.60571    0.9761700      49.04
   1223.60742    0.9750300      48.99
   1223.60913    0.9742000      48.95
   1223.61084    0.9740000      48.93
   1223.61255    0.9746400      48.97
   1223.61426    0.9759400      49.03
   1223.61609    0.9774000      49.11
   1223.61780    0.9787100      49.17
   1223.61951    0.9799800      49.23
   1223.62122    0.9813600      49.30
   1223.62292    0.9827300      49.37
   1223.62463    0.9838900      49.43
   1223.62634    0.9848900      49.48
   1223.62817    0.9859400      49.53
   1223.62988    0.9870300      49.59
   1223.63159    0.9878900      49.63
   1223.63330    0.9884200      49.66
   1223.63501    0.9887400      49.67
   1223.63672    0.9890000      49.69
   1223.63855    0.9892200      49.70
   1223.64026    0.9893700      49.70
   1223.64197    0.9895700      49.71
   1223.64368    0.9899600      49.73
   1223.64539    0.9905200      49.76
   1223.64709    0.9911600      49.79
   1223.64893    0.9919000      49.83
   1223.65063    0.9927100      49.87
   1223.65234    0.9934400      49.91
   1223.65405    0.9938300      49.93
   1223.65576    0.9937800      49.92
   1223.65747    0.9934400      49.91
   1223.65930    0.9930400      49.89
   1223.66101    0.9926600      49.87
   1223.66272    0.9922600      49.85
   1223.66443    0.9917900      49.82
   1223.66614    0.9912200      49.80
   1223.66785    0.9906100      49.76
   1223.66968    0.9901100      49.74
   1223.67139    0.9899200      49.73
   1223.67310    0.9900800      49.74
   1223.67480    0.9904400      49.76
   1223.67651    0.9908500      49.78
   1223.67822    0.9912800      49.80
   1223.67993    0.9917200      49.82
   1223.68176    0.9919200      49.83
   1223.68347    0.9915100      49.81
   1223.68518    0.9903800      49.75
   1223.68689    0.9889500      49.68
   1223.68860    0.9877700      49.62
   1223.69031    0.9871900      49.59
   1223.69214    0.9872700      49.59
   1223.69385    0.9879700      49.63
   1223.69556    0.9891400      49.69
   1223.69727    0.9903200      49.75
   1223.69897    0.9910500      49.78
   1223.70068    0.9913400      49.80
   1223.70251    0.9916500      49.81
   1223.70422    0.9922200      49.84
   1223.70593    0.9927300      49.87
   1223.70764    0.9928800      49.88
   1223.70935    0.9928600      49.87
   1223.71106    0.9930800      49.88
   1223.71289    0.9934500      49.90
   1223.71460    0.9934900      49.91
   1223.71631    0.9931600      49.89
   1223.71802    0.9930000      49.88
   1223.71973    0.9932200      49.89
   1223.72144    0.9934100      49.90
   1223.72327    0.9931600      49.89
   1223.72498    0.9927600      49.87
   1223.72668    0.9927700      49.87
   1223.72839    0.9931200      49.89
   1223.73010    0.9932500      49.89
   1223.73181    0.9930000      49.88
   1223.73364    0.9927700      49.87
   1223.73535    0.9929800      49.88
   1223.73706    0.9935500      49.91
   1223.73877    0.9941200      49.93
   1223.74048    0.9943500      49.95
   1223.74219    0.9941300      49.93
   1223.74402    0.9935900      49.91
   1223.74573    0.9931400      49.88
   1223.74744    0.9930900      49.88
   1223.74915    0.9932500      49.89
   1223.75085    0.9932700      49.89
   1223.75256    0.9932400      49.89
   1223.75439    0.9934900      49.90
   1223.75610    0.9938900      49.92
   1223.75781    0.9939600      49.93
   1223.75952    0.9937200      49.91
   1223.76123    0.9936200      49.91
   1223.76294    0.9936900      49.91
   1223.76477    0.9934900      49.90
   1223.76648    0.9931100      49.88
   1223.76819    0.9933200      49.89
   1223.76990    0.9940900      49.93
   1223.77161    0.9941500      49.93
   1223.77332    0.9929500      49.87
   1223.77515    0.9917800      49.81
   1223.77686    0.9917500      49.81
   1223.77856    0.9918700      49.82
   1223.78027    0.9908100      49.76
   1223.78198    0.9895600      49.70
   1223.78369    0.9897500      49.71
   1223.78552    0.9900400      49.73
   1223.78723    0.9875200      49.60
   1223.78894    0.9828400      49.36
   1223.79065    0.9796700      49.20
   1223.79236    0.9770300      49.07
   1223.79407    0.9669100      48.56
   1223.79578    0.9449100      47.46
   1223.79761    0.9208200      46.25
   1223.79932    0.9121000      45.81
   1223.80103    0.9251600      46.47
   1223.80273    0.9483000      47.63
   1223.80444    0.9652900      48.48
   1223.80615    0.9718000      48.81
   1223.80798    0.9747100      48.95
   1223.80969    0.9794200      49.19
   1223.81140    0.9840200      49.42
   1223.81311    0.9854100      49.49
   1223.81482    0.9848900      49.46
   1223.81653    0.9853400      49.49
   1223.81836    0.9866800      49.55
   1223.82007    0.9871200      49.58
   1223.82178    0.9868600      49.56
   1223.82349    0.9875400      49.60
   1223.82520    0.9892200      49.68
   1223.82690    0.9902600      49.73
   1223.82874    0.9900800      49.72
   1223.83044    0.9897800      49.71
   1223.83215    0.9901200      49.73
   1223.83386    0.9905500      49.75
   1223.83557    0.9906000      49.75
   1223.83728    0.9907500      49.76
   1223.83911    0.9913700      49.79
   1223.84082    0.9920200      49.82
   1223.84253    0.9923200      49.84
   1223.84424    0.9926500      49.85
   1223.84595    0.9932700      49.88
   1223.84766    0.9937300      49.91
   1223.84949    0.9936700      49.90
   1223.85120    0.9936000      49.90
   1223.85291    0.9941400      49.93
   1223.85461    0.9949300      49.97
   1223.85632    0.9951800      49.98
   1223.85803    0.9949100      49.96
   1223.85986    0.9947600      49.96
   1223.86157    0.9948800      49.96
   1223.86328    0.9947600      49.96
   1223.86499    0.9942000      49.93
   1223.86670    0.9936300      49.90
   1223.86841    0.9933600      49.89
   1223.87024    0.9931600      49.88
   1223.87195    0.9927900      49.86
   1223.87366    0.9924400      49.84
   1223.87537    0.9923300      49.83
   1223.87708    0.9922900      49.83
   1223.87878    0.9921600      49.82
   1223.88062    0.9921600      49.82
   1223.88232    0.9924800      49.84
   1223.88403    0.9927800      49.85
   1223.88574    0.9925200      49.84
   1223.88745    0.9918100      49.81
   1223.88916    0.9912200      49.78
   1223.89099    0.9909900      49.76
   1223.89270    0.9906700      49.75
   1223.89441    0.9898200      49.71
   1223.89612    0.9887200      49.65
   1223.89783    0.9880600      49.62
   1223.89954    0.9880400      49.62
   1223.90137    0.9881500      49.62
   1223.90308    0.9877600      49.60
   1223.90479    0.9868000      49.55
   1223.90649    0.9856600      49.50
   1223.90820    0.9847300      49.45
   1223.91003    0.9839100      49.41
   1223.91174    0.9828800      49.36
   1223.91345    0.9814800      49.28
   1223.91516    0.9799300      49.21
   1223.91687    0.9784800      49.13
   1223.91858    0.9770700      49.06
   1223.92041    0.9753500      48.98
   1223.92212    0.9730300      48.86
   1223.92383    0.9700600      48.71
   1223.92554    0.9665500      48.53
   1223.92725    0.9625600      48.33
   1223.92896    0.9580500      48.11
   1223.93079    0.9528100      47.84
   1223.93250    0.9464400      47.52
   1223.93420    0.9383800      47.12
   1223.93591    0.9281800      46.61
   1223.93762    0.9156800      45.98
   1223.93933    0.9007800      45.23
   1223.94116    0.8831200      44.34
   1223.94287    0.8622200      43.29
   1223.94458    0.8386100      42.11
   1223.94629    0.8149900      40.92
   1223.94800    0.7962400      39.98
   1223.94971    0.7875100      39.54
   1223.95154    0.7913800      39.74
   1223.95325    0.8063100      40.49
   1223.95496    0.8277500      41.56
   1223.95667    0.8509400      42.73
   1223.95837    0.8729600      43.83
   1223.96008    0.8926400      44.82
   1223.96191    0.9094700      45.67
   1223.96362    0.9231300      46.35
   1223.96533    0.9338700      46.89
   1223.96704    0.9425600      47.33
   1223.96875    0.9499400      47.70
   1223.97046    0.9561200      48.01
   1223.97229    0.9609200      48.25
   1223.97400    0.9645700      48.43
   1223.97571    0.9677000      48.59
   1223.97742    0.9707600      48.74
   1223.97913    0.9737000      48.89
   1223.98083    0.9762000      49.01
   1223.98267    0.9780800      49.11
   1223.98438    0.9794400      49.18
   1223.98608    0.9805400      49.23
   1223.98779    0.9815900      49.28
   1223.98950    0.9825800      49.33
   1223.99121    0.9833900      49.37
   1223.99304    0.9839800      49.40
   1223.99475    0.9845300      49.43
   1223.99646    0.9852000      49.46
   1223.99817    0.9859000      49.50
   1223.99988    0.9864300      49.53
   1224.00159    0.9867700      49.54
   1224.00342    0.9870800      49.56
   1224.00513    0.9874400      49.58
   1224.00684    0.9878000      49.59
   1224.00854    0.9880900      49.61
   1224.01025    0.9883700      49.62
   1224.01208    0.9885800      49.63
   1224.01379    0.9885900      49.63
   1224.01550    0.9883600      49.62
   1224.01721    0.9881100      49.61
   1224.01892    0.9880300      49.60
   1224.02063    0.9880200      49.60
   1224.02246    0.9878200      49.59
   1224.02417    0.9874400      49.57
   1224.02588    0.9871100      49.56
   1224.02759    0.9869600      49.55
   1224.02930    0.9867800      49.54
   1224.03101    0.9863300      49.52
   1224.03284    0.9856300      49.48
   1224.03455    0.9850600      49.45
   1224.03625    0.9849300      49.45
   1224.03796    0.9852200      49.46
   1224.03967    0.9857100      49.49
   1224.04138    0.9862400      49.51
   1224.04321    0.9868600      49.54
   1224.04492    0.9877000      49.59
   1224.04663    0.9887300      49.64
   1224.04834    0.9897900      49.69
   1224.05005    0.9908300      49.74
   1224.05176    0.9918200      49.79
   1224.05359    0.9926400      49.83
   1224.05530    0.9931500      49.86
   1224.05701    0.9933300      49.87
   1224.05872    0.9933700      49.87
   1224.06042    0.9934400      49.87
   1224.06213    0.9936200      49.88
   1224.06396    0.9938600      49.89
   1224.06567    0.9940500      49.90
   1224.06738    0.9940500      49.90
   1224.06909    0.9937600      49.89
   1224.07080    0.9934400      49.87
   1224.07251    0.9934400      49.87
   1224.07434    0.9937800      49.89
   1224.07605    0.9939700      49.90
   1224.07776    0.9936200      49.88
   1224.07947    0.9929500      49.85
   1224.08118    0.9924500      49.82
   1224.08301    0.9922500      49.81
   1224.08472    0.9920900      49.80
   1224.08643    0.9918100      49.79
   1224.08813    0.9915400      49.78
   1224.08984    0.9914000      49.77
   1224.09155    0.9912900      49.76
   1224.09338    0.9910400      49.75
   1224.09509    0.9906400      49.73
   1224.09680    0.9902100      49.71
   1224.09851    0.9898200      49.69
