   1284.00012    0.9576100      43.45
   1284.00195    0.9579100      43.46
   1284.00391    0.9584200      43.48
   1284.00574    0.9588000      43.50
   1284.00769    0.9588200      43.50
   1284.00964    0.9586500      43.49
   1284.01147    0.9586200      43.49
   1284.01343    0.9587100      43.50
   1284.01526    0.9586300      43.49
   1284.01721    0.9583100      43.48
   1284.01904    0.9580100      43.46
   1284.02100    0.9578000      43.45
   1284.02295    0.9573200      43.43
   1284.02478    0.9564500      43.39
   1284.02673    0.9556000      43.35
   1284.02856    0.9551500      43.33
   1284.03052    0.9547300      43.31
   1284.03247    0.9536100      43.26
   1284.03430    0.9517300      43.18
   1284.03625    0.9496100      43.08
   1284.03809    0.9472700      42.98
   1284.04004    0.9437800      42.82
   1284.04199    0.9383200      42.57
   1284.04382    0.9311100      42.24
   1284.04578    0.9229500      41.87
   1284.04761    0.9141000      41.47
   1284.04956    0.9042400      41.02
   1284.05151    0.8934700      40.53
   1284.05334    0.8829400      40.06
   1284.05530    0.8742600      39.66
   1284.05713    0.8685600      39.40
   1284.05908    0.8661100      39.29
   1284.06104    0.8665800      39.31
   1284.06287    0.8695200      39.45
   1284.06482    0.8746400      39.68
   1284.06665    0.8816300      40.00
   1284.06860    0.8898200      40.37
   1284.07056    0.8982600      40.75
   1284.07239    0.9063500      41.12
   1284.07434    0.9140100      41.46
   1284.07617    0.9211400      41.79
   1284.07812    0.9272900      42.07
   1284.08008    0.9322100      42.29
   1284.08191    0.9365000      42.48
   1284.08386    0.9408600      42.68
   1284.08569    0.9450300      42.87
   1284.08765    0.9480400      43.01
   1284.08960    0.9497500      43.08
   1284.09143    0.9511700      43.15
   1284.09338    0.9530400      43.23
   1284.09521    0.9548600      43.32
   1284.09717    0.9558300      43.36
   1284.09900    0.9561900      43.38
   1284.10095    0.9567900      43.40
   1284.10291    0.9578800      43.45
   1284.10474    0.9589500      43.50
   1284.10669    0.9596100      43.53
   1284.10852    0.9600000      43.55
   1284.11047    0.9604300      43.57
   1284.11243    0.9609800      43.59
   1284.11426    0.9615000      43.62
   1284.11621    0.9617600      43.63
   1284.11804    0.9617400      43.63
   1284.12000    0.9618100      43.63
   1284.12195    0.9623000      43.65
   1284.12378    0.9627300      43.67
   1284.12573    0.9623100      43.65
   1284.12756    0.9613000      43.61
   1284.12952    0.9609300      43.59
   1284.13147    0.9615100      43.61
   1284.13330    0.9617700      43.63
   1284.13525    0.9609900      43.59
   1284.13708    0.9603300      43.56
   1284.13904    0.9608500      43.58
   1284.14099    0.9613700      43.61
   1284.14282    0.9603700      43.56
   1284.14478    0.9587800      43.49
   1284.14661    0.9585000      43.48
   1284.14856    0.9589900      43.50
   1284.15051    0.9581700      43.46
   1284.15234    0.9564500      43.38
   1284.15430    0.9563700      43.38
   1284.15613    0.9579500      43.45
   1284.15808    0.9581100      43.46
   1284.16003    0.9559400      43.36
   1284.16187    0.9544400      43.29
   1284.16382    0.9549600      43.32
   1284.16565    0.9539900      43.27
   1284.16760    0.9486100      43.03
   1284.16956    0.9416800      42.71
   1284.17139    0.9378200      42.54
   1284.17334    0.9372800      42.51
   1284.17517    0.9384100      42.56
   1284.17712    0.9422600      42.74
   1284.17908    0.9491100      43.05
   1284.18091    0.9534500      43.25
   1284.18286    0.9505800      43.12
   1284.18469    0.9455500      42.89
   1284.18665    0.9461100      42.91
   1284.18860    0.9479800      43.00
   1284.19043    0.9394900      42.61
   1284.19238    0.9223100      41.83
   1284.19421    0.9105900      41.30
   1284.19617    0.9011200      40.87
   1284.19812    0.8630700      39.15
   1284.19995    0.7790000      35.33
   1284.20190    0.6873800      31.18
   1284.20374    0.6569600      29.80
   1284.20569    0.7126300      32.32
   1284.20764    0.8069600      36.60
   1284.20947    0.8750500      39.69
   1284.21143    0.8999500      40.82
   1284.21326    0.9095400      41.25
   1284.21521    0.9255900      41.98
   1284.21716    0.9411400      42.68
   1284.21899    0.9449500      42.86
   1284.22095    0.9429900      42.77
   1284.22278    0.9461300      42.91
   1284.22473    0.9525500      43.20
   1284.22668    0.9541100      43.27
   1284.22852    0.9515400      43.16
   1284.23047    0.9517900      43.17
   1284.23230    0.9554300      43.33
   1284.23425    0.9568300      43.40
   1284.23621    0.9548400      43.30
   1284.23804    0.9542100      43.28
   1284.23999    0.9565700      43.38
   1284.24182    0.9578400      43.44
   1284.24377    0.9557700      43.35
   1284.24573    0.9536600      43.25
   1284.24756    0.9543500      43.28
   1284.24951    0.9556200      43.34
   1284.25134    0.9544700      43.29
   1284.25330    0.9519100      43.17
   1284.25525    0.9504600      43.10
   1284.25708    0.9497300      43.07
   1284.25903    0.9476900      42.98
   1284.26086    0.9442800      42.82
   1284.26282    0.9409000      42.67
   1284.26477    0.9374500      42.51
   1284.26660    0.9325700      42.29
   1284.26855    0.9260600      42.00
   1284.27039    0.9187100      41.66
   1284.27234    0.9101400      41.28
   1284.27429    0.8991000      40.77
   1284.27612    0.8862300      40.19
   1284.27808    0.8746800      39.67
   1284.27991    0.8678000      39.35
   1284.28186    0.8669800      39.32
   1284.28381    0.8719000      39.54
   1284.28564    0.8811600      39.96
   1284.28760    0.8924000      40.47
   1284.28943    0.9030800      40.95
   1284.29138    0.9120000      41.36
   1284.29333    0.9195200      41.70
   1284.29517    0.9262100      42.00
   1284.29712    0.9319400      42.26
   1284.29895    0.9365100      42.47
   1284.30090    0.9402700      42.64
   1284.30286    0.9435900      42.79
   1284.30469    0.9464000      42.92
   1284.30664    0.9486700      43.02
   1284.30847    0.9508400      43.12
   1284.31042    0.9531600      43.22
   1284.31238    0.9551600      43.31
   1284.31421    0.9563200      43.37
   1284.31616    0.9568500      43.39
   1284.31799    0.9573800      43.41
   1284.31995    0.9581500      43.45
   1284.32190    0.9588700      43.48
   1284.32373    0.9594400      43.51
   1284.32568    0.9600700      43.54
   1284.32751    0.9608800      43.57
   1284.32947    0.9616300      43.61
   1284.33142    0.9621300      43.63
   1284.33325    0.9623700      43.64
   1284.33521    0.9624600      43.64
   1284.33704    0.9625300      43.65
   1284.33899    0.9627100      43.65
   1284.34094    0.9630800      43.67
   1284.34277    0.9633900      43.68
   1284.34473    0.9633200      43.68
   1284.34656    0.9629500      43.66
   1284.34851    0.9627600      43.66
   1284.35046    0.9630900      43.67
   1284.35229    0.9636800      43.70
   1284.35425    0.9640700      43.72
   1284.35608    0.9641800      43.72
   1284.35803    0.9642300      43.72
   1284.35999    0.9643800      43.73
   1284.36182    0.9645600      43.74
   1284.36377    0.9646700      43.74
   1284.36560    0.9646900      43.74
   1284.36755    0.9646300      43.74
   1284.36951    0.9645400      43.74
   1284.37134    0.9645400      43.74
   1284.37329    0.9646600      43.74
   1284.37512    0.9647700      43.75
   1284.37708    0.9646500      43.74
   1284.37903    0.9644200      43.73
   1284.38086    0.9643900      43.73
   1284.38281    0.9646900      43.74
   1284.38464    0.9650500      43.76
   1284.38660    0.9652000      43.76
   1284.38855    0.9651300      43.76
   1284.39038    0.9649700      43.75
   1284.39233    0.9646700      43.74
   1284.39417    0.9642400      43.72
   1284.39612    0.9639900      43.71
   1284.39807    0.9641800      43.72
   1284.39990    0.9645900      43.74
   1284.40186    0.9647100      43.74
   1284.40369    0.9644100      43.73
   1284.40564    0.9641400      43.71
   1284.40759    0.9642700      43.72
   1284.40942    0.9647000      43.74
   1284.41138    0.9651200      43.76
   1284.41321    0.9654200      43.77
   1284.41516    0.9655600      43.78
   1284.41711    0.9654600      43.77
   1284.41895    0.9652500      43.76
   1284.42090    0.9652200      43.76
   1284.42273    0.9654200      43.77
   1284.42468    0.9654900      43.77
   1284.42664    0.9652300      43.76
   1284.42847    0.9649500      43.75
   1284.43042    0.9648800      43.75
   1284.43225    0.9646600      43.74
   1284.43420    0.9640200      43.71
   1284.43616    0.9636400      43.69
   1284.43799    0.9643000      43.72
   1284.43994    0.9655900      43.78
   1284.44177    0.9661900      43.80
   1284.44373    0.9657900      43.79
   1284.44568    0.9653600      43.77
   1284.44751    0.9654900      43.77
   1284.44946    0.9654000      43.77
   1284.45142    0.9644800      43.73
   1284.45325    0.9633500      43.68
   1284.45520    0.9624400      43.63
   1284.45703    0.9602800      43.54
   1284.45898    0.9555100      43.32
   1284.46094    0.9500700      43.07
   1284.46277    0.9482600      42.99
   1284.46472    0.9518100      43.15
   1284.46655    0.9575500      43.41
   1284.46851    0.9611200      43.57
   1284.47046    0.9618400      43.61
   1284.47229    0.9621400      43.62
   1284.47424    0.9635000      43.68
   1284.47607    0.9648800      43.74
   1284.47803    0.9651500      43.76
   1284.47998    0.9650300      43.75
   1284.48181    0.9655500      43.77
   1284.48376    0.9662800      43.81
   1284.48560    0.9661900      43.80
   1284.48755    0.9654600      43.77
   1284.48950    0.9651400      43.75
   1284.49133    0.9654400      43.77
   1284.49329    0.9655100      43.77
   1284.49512    0.9649700      43.75
   1284.49707    0.9645700      43.73
   1284.49902    0.9648700      43.74
   1284.50085    0.9653900      43.76
   1284.50281    0.9654600      43.77
   1284.50464    0.9652600      43.76
   1284.50659    0.9653800      43.76
   1284.50854    0.9658000      43.78
   1284.51038    0.9659300      43.79
   1284.51233    0.9656100      43.77
   1284.51416    0.9653000      43.76
   1284.51611    0.9653100      43.76
   1284.51807    0.9654200      43.76
   1284.51990    0.9653000      43.76
   1284.52185    0.9649200      43.74
   1284.52380    0.9643400      43.72
   1284.52563    0.9635600      43.68
   1284.52759    0.9627800      43.64
   1284.52942    0.9625100      43.63
   1284.53137    0.9628900      43.65
   1284.53333    0.9632800      43.67
   1284.53516    0.9629500      43.65
   1284.53711    0.9620700      43.61
   1284.53894    0.9615600      43.59
   1284.54089    0.9618500      43.60
   1284.54285    0.9623500      43.62
   1284.54468    0.9622400      43.62
   1284.54663    0.9614200      43.58
   1284.54846    0.9603700      43.53
   1284.55042    0.9594500      43.49
   1284.55237    0.9588000      43.46
   1284.55420    0.9585700      43.45
   1284.55615    0.9587200      43.46
   1284.55798    0.9587100      43.46
   1284.55994    0.9580000      43.43
   1284.56189    0.9568600      43.37
   1284.56372    0.9562200      43.34
   1284.56567    0.9565000      43.36
   1284.56750    0.9571000      43.38
   1284.56946    0.9573100      43.39
   1284.57141    0.9573100      43.39
   1284.57324    0.9577900      43.41
   1284.57520    0.9587100      43.46
   1284.57715    0.9593200      43.48
   1284.57898    0.9593300      43.48
   1284.58093    0.9594500      43.49
   1284.58276    0.9604500      43.53
   1284.58472    0.9621600      43.61
   1284.58667    0.9637100      43.68
   1284.58850    0.9645900      43.72
   1284.59045    0.9650200      43.74
   1284.59229    0.9652800      43.75
   1284.59424    0.9653500      43.76
   1284.59619    0.9651100      43.74
   1284.59802    0.9647500      43.73
   1284.59998    0.9645400      43.72
   1284.60181    0.9645400      43.72
   1284.60376    0.9645400      43.72
   1284.60571    0.9644700      43.71
   1284.60754    0.9644300      43.71
   1284.60950    0.9645000      43.72
   1284.61133    0.9645300      43.72
   1284.61328    0.9643400      43.71
   1284.61523    0.9639500      43.69
   1284.61707    0.9635100      43.67
   1284.61902    0.9630900      43.65
   1284.62097    0.9626300      43.63
   1284.62280    0.9620800      43.61
   1284.62476    0.9614500      43.58
   1284.62659    0.9606700      43.54
   1284.62854    0.9595300      43.49
   1284.63049    0.9579400      43.42
   1284.63232    0.9562600      43.34
   1284.63428    0.9550400      43.29
   1284.63611    0.9544300      43.26
   1284.63806    0.9540900      43.24
   1284.64001    0.9537500      43.23
   1284.64185    0.9537000      43.22
   1284.64380    0.9544100      43.26
   1284.64563    0.9559200      43.32
   1284.64758    0.9577100      43.41
   1284.64954    0.9593000      43.48
   1284.65137    0.9605500      43.53
   1284.65332    0.9615200      43.58
   1284.65515    0.9623300      43.61
   1284.65710    0.9630900      43.65
   1284.65906    0.9636800      43.68
   1284.66089    0.9635700      43.67
   1284.66284    0.9621700      43.61
   1284.66479    0.9597600      43.50
   1284.66663    0.9576900      43.40
   1284.66858    0.9572500      43.38
   1284.67041    0.9584500      43.44
   1284.67236    0.9601400      43.51
   1284.67432    0.9612400      43.56
   1284.67615    0.9615100      43.58
   1284.67810    0.9610900      43.56
   1284.67993    0.9600300      43.51
   1284.68188    0.9582800      43.43
   1284.68384    0.9558800      43.32
   1284.68567    0.9528900      43.18
   1284.68762    0.9490800      43.01
   1284.68945    0.9442500      42.79
   1284.69141    0.9384100      42.53
   1284.69336    0.9316600      42.22
   1284.69519    0.9239200      41.87
   1284.69714    0.9152800      41.48
   1284.69897    0.9063300      41.07
   1284.70093    0.8980500      40.70
   1284.70288    0.8912900      40.39
   1284.70471    0.8866200      40.18
   1284.70667    0.8846000      40.09
   1284.70862    0.8857100      40.14
   1284.71045    0.8899200      40.33
   1284.71240    0.8964600      40.63
   1284.71423    0.9043700      40.98
   1284.71619    0.9129600      41.37
   1284.71814    0.9217400      41.77
   1284.71997    0.9300800      42.15
   1284.72192    0.9372500      42.47
   1284.72375    0.9429500      42.73
   1284.72571    0.9473900      42.93
   1284.72766    0.9510200      43.10
   1284.72949    0.9540000      43.23
   1284.73145    0.9561900      43.33
   1284.73328    0.9573900      43.38
   1284.73523    0.9576100      43.39
   1284.73718    0.9570000      43.37
   1284.73901    0.9556600      43.31
   1284.74097    0.9534800      43.21
   1284.74292    0.9502400      43.06
   1284.74475    0.9460100      42.87
   1284.74670    0.9415400      42.67
   1284.74854    0.9382400      42.52
   1284.75049    0.9375000      42.48
   1284.75244    0.9396600      42.58
   1284.75427    0.9437100      42.76
   1284.75623    0.9479600      42.96
   1284.75806    0.9511700      43.10
   1284.76001    0.9532400      43.19
   1284.76196    0.9546900      43.26
   1284.76379    0.9558900      43.31
   1284.76575    0.9568200      43.36
   1284.76770    0.9575600      43.39
   1284.76953    0.9584900      43.43
   1284.77148    0.9597700      43.49
   1284.77332    0.9610100      43.55
   1284.77527    0.9617300      43.58
   1284.77722    0.9620300      43.59
   1284.77905    0.9623900      43.61
   1284.78101    0.9630000      43.64
   1284.78284    0.9634900      43.66
   1284.78479    0.9635700      43.66
   1284.78674    0.9634700      43.66
   1284.78857    0.9635500      43.66
   1284.79053    0.9637100      43.67
   1284.79236    0.9635200      43.66
   1284.79431    0.9628800      43.63
   1284.79626    0.9621900      43.60
   1284.79810    0.9619000      43.58
   1284.80005    0.9620300      43.59
   1284.80200    0.9621800      43.60
   1284.80383    0.9620300      43.59
   1284.80579    0.9616000      43.57
   1284.80762    0.9612300      43.55
   1284.80957    0.9612900      43.56
   1284.81152    0.9618100      43.58
   1284.81335    0.9624600      43.61
   1284.81531    0.9628400      43.63
   1284.81714    0.9629600      43.63
   1284.81909    0.9631500      43.64
   1284.82104    0.9635700      43.66
   1284.82288    0.9639400      43.68
   1284.82483    0.9639200      43.67
   1284.82678    0.9635700      43.66
   1284.82861    0.9633700      43.65
   1284.83057    0.9635700      43.66
   1284.83240    0.9640000      43.68
   1284.83435    0.9643400      43.69
   1284.83630    0.9645200      43.70
   1284.83813    0.9646900      43.71
   1284.84009    0.9648600      43.72
   1284.84192    0.9649100      43.72
   1284.84387    0.9648400      43.71
   1284.84583    0.9649200      43.72
   1284.84766    0.9653200      43.74
   1284.84961    0.9659600      43.76
   1284.85144    0.9666000      43.79
   1284.85339    0.9671000      43.82
   1284.85535    0.9675100      43.83
   1284.85718    0.9678500      43.85
   1284.85913    0.9680600      43.86
   1284.86108    0.9681700      43.86
   1284.86292    0.9682300      43.87
   1284.86487    0.9682000      43.87
   1284.86670    0.9679400      43.85
   1284.86865    0.9674700      43.83
   1284.87061    0.9671300      43.82
   1284.87244    0.9673100      43.82
   1284.87439    0.9680400      43.86
   1284.87622    0.9688400      43.89
   1284.87817    0.9690800      43.90
   1284.88013    0.9685500      43.88
   1284.88196    0.9676300      43.84
   1284.88391    0.9669600      43.81
   1284.88586    0.9669500      43.81
   1284.88770    0.9674100      43.83
   1284.88965    0.9678900      43.85
   1284.89148    0.9680900      43.86
   1284.89343    0.9680800      43.86
   1284.89539    0.9680700      43.86
   1284.89722    0.9680800      43.86
   1284.89917    0.9679700      43.85
   1284.90100    0.9677500      43.84
   1284.90295    0.9675900      43.83
   1284.90491    0.9675600      43.83
   1284.90674    0.9675200      43.83
   1284.90869    0.9674400      43.83
   1284.91064    0.9675000      43.83
   1284.91248    0.9678300      43.85
   1284.91443    0.9682200      43.86
   1284.91626    0.9683200      43.87
   1284.91821    0.9680900      43.86
   1284.92017    0.9678100      43.84
   1284.92200    0.9677400      43.84
   1284.92395    0.9678300      43.84
   1284.92578    0.9679200      43.85
   1284.92773    0.9679500      43.85
   1284.92969    0.9679300      43.85
   1284.93152    0.9678500      43.84
   1284.93347    0.9676600      43.84
   1284.93542    0.9672900      43.82
   1284.93726    0.9667000      43.79
   1284.93921    0.9659400      43.76
   1284.94104    0.9654200      43.73
   1284.94299    0.9656200      43.74
   1284.94495    0.9665700      43.79
   1284.94678    0.9676200      43.83
   1284.94873    0.9680200      43.85
   1284.95056    0.9677400      43.84
   1284.95251    0.9675100      43.83
   1284.95447    0.9679500      43.85
   1284.95630    0.9688500      43.89
   1284.95825    0.9694600      43.92
   1284.96021    0.9692400      43.91
   1284.96204    0.9684400      43.87
   1284.96399    0.9677200      43.84
   1284.96582    0.9675500      43.83
   1284.96777    0.9677900      43.84
   1284.96973    0.9679500      43.85
   1284.97156    0.9677300      43.84
   1284.97351    0.9674000      43.82
   1284.97546    0.9674000      43.82
   1284.97729    0.9678000      43.84
   1284.97925    0.9681500      43.85
   1284.98108    0.9680200      43.85
   1284.98303    0.9675500      43.83
   1284.98499    0.9671600      43.81
   1284.98682    0.9670700      43.81
   1284.98877    0.9671400      43.81
   1284.99060    0.9672000      43.81
   1284.99255    0.9672500      43.81
   1284.99451    0.9673400      43.82
   1284.99634    0.9673200      43.82
   1284.99829    0.9670300      43.80
   1285.00024    0.9665100      43.78
   1285.00208    0.9659000      43.75
   1285.00403    0.9653600      43.73
   1285.00586    0.9650800      43.71
   1285.00781    0.9652500      43.72
   1285.00977    0.9658600      43.75
   1285.01160    0.9665400      43.78
   1285.01355    0.9668400      43.79
   1285.01538    0.9666900      43.79
   1285.01733    0.9664200      43.77
   1285.01929    0.9663400      43.77
   1285.02112    0.9664900      43.78
   1285.02307    0.9666700      43.78
   1285.02502    0.9666700      43.78
   1285.02686    0.9664700      43.78
   1285.02881    0.9662400      43.76
   1285.03064    0.9661400      43.76
   1285.03259    0.9662100      43.76
   1285.03455    0.9662600      43.77
   1285.03638    0.9660800      43.76
   1285.03833    0.9657300      43.74
   1285.04028    0.9654700      43.73
   1285.04211    0.9654400      43.73
   1285.04407    0.9655500      43.73
   1285.04590    0.9656300      43.74
   1285.04785    0.9655400      43.73
   1285.04980    0.9650400      43.71
   1285.05164    0.9639400      43.66
   1285.05359    0.9625200      43.59
   1285.05542    0.9614600      43.55
   1285.05737    0.9612600      43.54
   1285.05933    0.9617000      43.56
   1285.06116    0.9622400      43.58
   1285.06311    0.9627500      43.60
   1285.06506    0.9635200      43.64
   1285.06689    0.9645600      43.69
   1285.06885    0.9653700      43.72
   1285.07068    0.9656200      43.73
   1285.07263    0.9655900      43.73
   1285.07458    0.9657900      43.74
   1285.07642    0.9662700      43.76
   1285.07837    0.9667800      43.79
   1285.08032    0.9671900      43.80
   1285.08215    0.9675800      43.82
   1285.08411    0.9678700      43.83
   1285.08594    0.9679400      43.84
   1285.08789    0.9679000      43.84
   1285.08984    0.9680600      43.84
   1285.09167    0.9683900      43.86
   1285.09363    0.9684900      43.86
   1285.09546    0.9682200      43.85
   1285.09741    0.9680500      43.84
   1285.09937    0.9684800      43.86
   1285.10120    0.9692900      43.90
   1285.10315    0.9697600      43.92
   1285.10510    0.9696100      43.91
   1285.10693    0.9692500      43.90
   1285.10889    0.9692500      43.90
   1285.11072    0.9696800      43.91
   1285.11267    0.9701100      43.93
   1285.11462    0.9701900      43.94
   1285.11646    0.9699600      43.93
   1285.11841    0.9697100      43.92
   1285.12036    0.9696500      43.91
   1285.12219    0.9696400      43.91
   1285.12415    0.9694500      43.90
   1285.12598    0.9691900      43.89
   1285.12793    0.9692600      43.89
   1285.12988    0.9699000      43.92
   1285.13171    0.9706900      43.96
   1285.13367    0.9709500      43.97
   1285.13562    0.9704700      43.95
   1285.13745    0.9697300      43.91
   1285.13940    0.9692800      43.89
   1285.14124    0.9692200      43.89
   1285.14319    0.9693100      43.90
   1285.14514    0.9694600      43.90
   1285.14697    0.9697600      43.92
   1285.14893    0.9702000      43.94
   1285.15076    0.9705800      43.95
   1285.15271    0.9706800      43.96
   1285.15466    0.9705500      43.95
   1285.15649    0.9703600      43.94
   1285.15845    0.9702500      43.94
   1285.16040    0.9701600      43.93
   1285.16223    0.9699100      43.92
   1285.16418    0.9694800      43.90
   1285.16602    0.9691100      43.88
   1285.16797    0.9690900      43.88
   1285.16992    0.9693000      43.89
   1285.17175    0.9693100      43.89
   1285.17371    0.9689400      43.88
   1285.17566    0.9686700      43.86
   1285.17749    0.9690500      43.88
   1285.17944    0.9699100      43.92
   1285.18127    0.9703900      43.94
   1285.18323    0.9699800      43.92
   1285.18518    0.9691600      43.89
   1285.18701    0.9687000      43.86
   1285.18896    0.9687100      43.86
   1285.19092    0.9685700      43.86
   1285.19275    0.9678900      43.83
   1285.19470    0.9670300      43.79
   1285.19653    0.9666100      43.77
   1285.19849    0.9667000      43.77
   1285.20044    0.9669000      43.78
   1285.20227    0.9669500      43.78
   1285.20422    0.9670700      43.79
   1285.20618    0.9676400      43.82
   1285.20801    0.9685600      43.86
   1285.20996    0.9692200      43.89
   1285.21179    0.9691300      43.88
   1285.21375    0.9683400      43.85
   1285.21570    0.9674600      43.81
   1285.21753    0.9669800      43.78
   1285.21948    0.9669200      43.78
   1285.22144    0.9669100      43.78
   1285.22327    0.9667100      43.77
   1285.22522    0.9665000      43.76
   1285.22705    0.9666000      43.77
   1285.22900    0.9669700      43.78
   1285.23096    0.9672000      43.79
   1285.23279    0.9670900      43.79
   1285.23474    0.9669300      43.78
   1285.23657    0.9671600      43.79
   1285.23853    0.9677700      43.82
   1285.24048    0.9681800      43.84
   1285.24231    0.9680000      43.83
   1285.24426    0.9675700      43.81
   1285.24622    0.9676200      43.81
   1285.24805    0.9683600      43.84
   1285.25000    0.9691000      43.88
   1285.25183    0.9690900      43.88
   1285.25378    0.9683800      43.85
   1285.25574    0.9677500      43.82
   1285.25757    0.9677600      43.82
   1285.25952    0.9682200      43.84
   1285.26147    0.9685900      43.85
   1285.26331    0.9686500      43.86
   1285.26526    0.9685500      43.85
   1285.26709    0.9684800      43.85
   1285.26904    0.9684300      43.85
   1285.27100    0.9683500      43.84
   1285.27283    0.9683200      43.84
   1285.27478    0.9683400      43.84
   1285.27673    0.9683600      43.84
   1285.27856    0.9683200      43.84
   1285.28052    0.9682300      43.84
   1285.28235    0.9679900      43.83
   1285.28430    0.9674400      43.80
   1285.28625    0.9666300      43.76
   1285.28809    0.9659200      43.73
   1285.29004    0.9656100      43.72
   1285.29199    0.9655200      43.71
   1285.29382    0.9652100      43.70
   1285.29578    0.9645400      43.67
   1285.29761    0.9639000      43.64
   1285.29956    0.9636400      43.63
   1285.30151    0.9637000      43.63
   1285.30334    0.9638200      43.64
   1285.30530    0.9639100      43.64
   1285.30725    0.9640600      43.65
   1285.30908    0.9642900      43.66
   1285.31104    0.9645200      43.67
   1285.31287    0.9646500      43.67
   1285.31482    0.9646100      43.67
   1285.31677    0.9643300      43.66
   1285.31860    0.9638400      43.64
   1285.32056    0.9634200      43.62
   1285.32251    0.9634500      43.62
   1285.32434    0.9639400      43.64
   1285.32629    0.9645300      43.67
   1285.32812    0.9650200      43.69
   1285.33008    0.9655600      43.71
   1285.33203    0.9662900      43.75
   1285.33386    0.9670000      43.78
   1285.33582    0.9673300      43.79
   1285.33777    0.9671900      43.79
   1285.33960    0.9668500      43.77
   1285.34155    0.9665600      43.76
   1285.34338    0.9663100      43.75
   1285.34534    0.9659600      43.73
   1285.34729    0.9654700      43.71
   1285.34912    0.9650400      43.69
   1285.35107    0.9649500      43.68
   1285.35303    0.9654200      43.70
   1285.35486    0.9663100      43.74
   1285.35681    0.9672500      43.79
   1285.35876    0.9679700      43.82
   1285.36060    0.9685300      43.84
   1285.36255    0.9690500      43.87
   1285.36438    0.9693800      43.88
   1285.36633    0.9693200      43.88
   1285.36829    0.9690400      43.87
   1285.37012    0.9689000      43.86
   1285.37207    0.9689200      43.86
   1285.37402    0.9687800      43.85
   1285.37585    0.9684400      43.84
   1285.37781    0.9683400      43.83
   1285.37964    0.9687400      43.85
   1285.38159    0.9692700      43.88
   1285.38354    0.9694400      43.88
   1285.38538    0.9692900      43.88
   1285.38733    0.9691700      43.87
   1285.38928    0.9690400      43.87
   1285.39111    0.9686700      43.85
   1285.39307    0.9682700      43.83
   1285.39490    0.9684000      43.84
   1285.39685    0.9690000      43.86
   1285.39880    0.9692100      43.87
   1285.40063    0.9684800      43.84
   1285.40259    0.9673100      43.79
   1285.40454    0.9665800      43.75
   1285.40637    0.9664100      43.75
   1285.40833    0.9662500      43.74
   1285.41016    0.9658000      43.72
   1285.41211    0.9653900      43.70
   1285.41406    0.9654200      43.70
   1285.41589    0.9657800      43.72
   1285.41785    0.9661600      43.73
   1285.41980    0.9664000      43.74
   1285.42163    0.9665500      43.75
   1285.42358    0.9666800      43.76
   1285.42542    0.9668700      43.76
   1285.42737    0.9671600      43.78
   1285.42932    0.9673900      43.79
   1285.43115    0.9672500      43.78
   1285.43311    0.9665900      43.75
   1285.43506    0.9656000      43.71
   1285.43689    0.9646000      43.66
   1285.43884    0.9638100      43.63
   1285.44067    0.9633700      43.61
   1285.44263    0.9633000      43.60
   1285.44458    0.9633500      43.60
   1285.44641    0.9631100      43.59
   1285.44836    0.9624400      43.56
   1285.45032    0.9616400      43.53
   1285.45215    0.9610300      43.50
   1285.45410    0.9606300      43.48
   1285.45605    0.9604800      43.47
   1285.45789    0.9608700      43.49
   1285.45984    0.9620100      43.54
   1285.46167    0.9634900      43.61
   1285.46362    0.9647000      43.66
   1285.46558    0.9654500      43.70
   1285.46741    0.9660700      43.73
   1285.46936    0.9666700      43.75
   1285.47131    0.9670400      43.77
   1285.47314    0.9672500      43.78
   1285.47510    0.9677500      43.80
   1285.47693    0.9685700      43.84
   1285.47888    0.9689500      43.85
   1285.48083    0.9683400      43.83
   1285.48267    0.9673400      43.78
   1285.48462    0.9670200      43.77
   1285.48657    0.9673900      43.78
   1285.48840    0.9674400      43.79
   1285.49036    0.9666100      43.75
   1285.49219    0.9656000      43.70
   1285.49414    0.9652600      43.69
   1285.49609    0.9652600      43.69
   1285.49792    0.9645600      43.65
   1285.49988    0.9629100      43.58
   1285.50183    0.9613100      43.51
   1285.50366    0.9609600      43.49
   1285.50562    0.9622400      43.55
   1285.50757    0.9645600      43.65
   1285.50940    0.9668600      43.76
   1285.51135    0.9682400      43.82
   1285.51318    0.9684300      43.83
   1285.51514    0.9680900      43.81
   1285.51709    0.9681700      43.82
   1285.51892    0.9688400      43.85
   1285.52087    0.9694500      43.87
   1285.52283    0.9694800      43.88
   1285.52466    0.9693400      43.87
   1285.52661    0.9697100      43.89
   1285.52844    0.9705400      43.92
   1285.53040    0.9710700      43.95
   1285.53235    0.9709000      43.94
   1285.53418    0.9705200      43.92
   1285.53613    0.9704700      43.92
   1285.53809    0.9706200      43.93
   1285.53992    0.9705200      43.92
   1285.54187    0.9702300      43.91
   1285.54370    0.9702600      43.91
   1285.54565    0.9707600      43.93
   1285.54761    0.9712500      43.95
   1285.54944    0.9712500      43.95
   1285.55139    0.9709700      43.94
   1285.55334    0.9709800      43.94
   1285.55518    0.9713800      43.96
   1285.55713    0.9716700      43.97
   1285.55908    0.9714500      43.96
   1285.56091    0.9708800      43.94
   1285.56287    0.9704000      43.91
   1285.56470    0.9701700      43.90
   1285.56665    0.9700100      43.90
   1285.56860    0.9697600      43.89
   1285.57043    0.9695300      43.87
   1285.57239    0.9695100      43.87
   1285.57434    0.9698100      43.89
   1285.57617    0.9703300      43.91
   1285.57812    0.9707600      43.93
   1285.57996    0.9706700      43.93
   1285.58191    0.9698200      43.89
   1285.58386    0.9686100      43.83
   1285.58569    0.9678100      43.80
   1285.58765    0.9678200      43.80
   1285.58960    0.9683300      43.82
   1285.59143    0.9687200      43.84
   1285.59338    0.9688000      43.84
   1285.59534    0.9688100      43.84
   1285.59717    0.9689200      43.84
   1285.59912    0.9691700      43.86
   1285.60095    0.9696700      43.88
   1285.60291    0.9705200      43.92
   1285.60486    0.9714700      43.96
   1285.60669    0.9719900      43.98
   1285.60864    0.9719200      43.98
   1285.61060    0.9716600      43.97
   1285.61243    0.9715900      43.96
   1285.61438    0.9715100      43.96
   1285.61633    0.9710700      43.94
   1285.61816    0.9705300      43.92
   1285.62012    0.9705300      43.92
   1285.62195    0.9712000      43.95
   1285.62390    0.9719500      43.98
   1285.62585    0.9721400      43.99
   1285.62769    0.9718000      43.97
   1285.62964    0.9713000      43.95
   1285.63159    0.9709000      43.93
   1285.63342    0.9706200      43.92
   1285.63538    0.9705900      43.92
   1285.63721    0.9709300      43.93
   1285.63916    0.9715600      43.96
   1285.64111    0.9721800      43.99
   1285.64294    0.9724600      44.00
   1285.64490    0.9723000      43.99
   1285.64685    0.9718400      43.97
   1285.64868    0.9713300      43.95
   1285.65063    0.9709900      43.93
   1285.65259    0.9708200      43.93
   1285.65442    0.9706200      43.92
   1285.65637    0.9703100      43.90
   1285.65820    0.9701700      43.90
   1285.66016    0.9704600      43.91
   1285.66211    0.9710200      43.94
   1285.66394    0.9714400      43.95
   1285.66589    0.9715900      43.96
   1285.66785    0.9717200      43.97
   1285.66968    0.9719400      43.98
   1285.67163    0.9719600      43.98
   1285.67358    0.9715100      43.96
   1285.67542    0.9707800      43.92
   1285.67737    0.9702600      43.90
   1285.67920    0.9701200      43.89
   1285.68115    0.9701300      43.89
   1285.68311    0.9700700      43.89
   1285.68494    0.9699600      43.89
   1285.68689    0.9698600      43.88
   1285.68884    0.9696800      43.87
   1285.69067    0.9693500      43.86
   1285.69263    0.9690000      43.84
   1285.69446    0.9687900      43.83
   1285.69641    0.9686000      43.82
   1285.69836    0.9682800      43.81
   1285.70020    0.9679800      43.79
   1285.70215    0.9680400      43.80
   1285.70410    0.9684300      43.82
   1285.70593    0.9686500      43.82
   1285.70789    0.9684600      43.82
   1285.70984    0.9682900      43.81
   1285.71167    0.9686600      43.82
   1285.71362    0.9693700      43.86
   1285.71545    0.9697300      43.87
   1285.71741    0.9695900      43.87
   1285.71936    0.9695300      43.86
   1285.72119    0.9699300      43.88
   1285.72314    0.9703400      43.90
   1285.72510    0.9701500      43.89
   1285.72693    0.9695400      43.86
   1285.72888    0.9692500      43.85
   1285.73083    0.9694300      43.86
   1285.73267    0.9694800      43.86
   1285.73462    0.9690300      43.84
   1285.73645    0.9684900      43.82
   1285.73840    0.9683300      43.81
   1285.74036    0.9683700      43.81
   1285.74219    0.9681000      43.80
   1285.74414    0.9675400      43.77
   1285.74609    0.9671300      43.75
   1285.74792    0.9670000      43.75
   1285.74988    0.9668600      43.74
   1285.75183    0.9665800      43.73
   1285.75366    0.9664000      43.72
   1285.75562    0.9664200      43.72
   1285.75745    0.9664100      43.72
   1285.75940    0.9663000      43.71
   1285.76135    0.9663600      43.72
   1285.76318    0.9667800      43.74
   1285.76514    0.9672700      43.76
   1285.76709    0.9675000      43.77
   1285.76892    0.9677100      43.78
   1285.77087    0.9683200      43.81
   1285.77283    0.9692300      43.85
   1285.77466    0.9698100      43.87
   1285.77661    0.9697900      43.87
   1285.77844    0.9695900      43.86
   1285.78040    0.9696400      43.86
   1285.78235    0.9696700      43.87
   1285.78418    0.9688900      43.83
   1285.78613    0.9669900      43.74
   1285.78809    0.9646400      43.64
   1285.78992    0.9630000      43.56
   1285.79187    0.9628800      43.56
   1285.79382    0.9642000      43.62
   1285.79565    0.9661100      43.70
   1285.79761    0.9677200      43.78
   1285.79944    0.9687000      43.82
   1285.80139    0.9693300      43.85
   1285.80334    0.9697900      43.87
   1285.80518    0.9698500      43.87
   1285.80713    0.9692300      43.84
   1285.80908    0.9682600      43.80
   1285.81091    0.9676700      43.77
   1285.81287    0.9678200      43.78
   1285.81482    0.9683600      43.80
   1285.81665    0.9687800      43.82
   1285.81860    0.9690200      43.83
   1285.82043    0.9692800      43.85
   1285.82239    0.9694400      43.85
   1285.82434    0.9690800      43.84
   1285.82617    0.9680900      43.79
   1285.82812    0.9669500      43.74
   1285.83008    0.9660400      43.70
   1285.83191    0.9649800      43.65
   1285.83386    0.9629300      43.56
   1285.83582    0.9597300      43.41
   1285.83765    0.9565200      43.27
   1285.83960    0.9550300      43.20
   1285.84155    0.9561300      43.25
   1285.84338    0.9592000      43.39
   1285.84534    0.9627100      43.55
   1285.84717    0.9654300      43.67
   1285.84912    0.9669500      43.74
   1285.85107    0.9675800      43.77
   1285.85291    0.9678200      43.78
   1285.85486    0.9681000      43.79
   1285.85681    0.9686800      43.82
   1285.85864    0.9695100      43.85
   1285.86060    0.9703100      43.89
   1285.86255    0.9708900      43.91
   1285.86438    0.9713100      43.93
   1285.86633    0.9717600      43.95
   1285.86816    0.9721900      43.97
   1285.87012    0.9723500      43.98
   1285.87207    0.9720600      43.97
   1285.87390    0.9715000      43.94
   1285.87585    0.9710000      43.92
   1285.87781    0.9706900      43.90
   1285.87964    0.9704700      43.89
   1285.88159    0.9702800      43.89
   1285.88354    0.9701100      43.88
   1285.88538    0.9699400      43.87
   1285.88733    0.9697800      43.86
   1285.88916    0.9697100      43.86
   1285.89111    0.9699500      43.87
   1285.89307    0.9705200      43.90
   1285.89490    0.9711300      43.92
   1285.89685    0.9714100      43.94
   1285.89880    0.9712500      43.93
   1285.90063    0.9708800      43.91
   1285.90259    0.9706100      43.90
   1285.90454    0.9705600      43.90
   1285.90637    0.9706600      43.90
   1285.90833    0.9707400      43.90
   1285.91028    0.9707100      43.90
   1285.91211    0.9706500      43.90
   1285.91406    0.9706000      43.90
   1285.91589    0.9705000      43.89
   1285.91785    0.9703000      43.88
   1285.91980    0.9702400      43.88
   1285.92163    0.9706500      43.90
   1285.92358    0.9714700      43.94
   1285.92554    0.9720800      43.96
   1285.92737    0.9719400      43.96
   1285.92932    0.9712400      43.93
   1285.93127    0.9707400      43.90
   1285.93311    0.9708800      43.91
   1285.93506    0.9714300      43.93
   1285.93689    0.9719100      43.96
   1285.93884    0.9721200      43.96
   1285.94080    0.9720300      43.96
   1285.94263    0.9716800      43.94
   1285.94458    0.9712600      43.93
   1285.94653    0.9710900      43.92
   1285.94836    0.9712800      43.93
   1285.95032    0.9715900      43.94
   1285.95227    0.9718300      43.95
   1285.95410    0.9721700      43.97
   1285.95605    0.9727400      43.99
   1285.95801    0.9731000      44.01
   1285.95984    0.9726900      43.99
   1285.96179    0.9717100      43.94
   1285.96362    0.9709900      43.91
   1285.96558    0.9709100      43.91
   1285.96753    0.9709300      43.91
   1285.96936    0.9704400      43.89
   1285.97131    0.9696700      43.85
   1285.97327    0.9693200      43.84
   1285.97510    0.9695000      43.84
   1285.97705    0.9697200      43.85
   1285.97900    0.9696400      43.85
   1285.98083    0.9695200      43.84
   1285.98279    0.9696900      43.85
   1285.98474    0.9701700      43.87
   1285.98657    0.9707800      43.90
   1285.98853    0.9714000      43.93
   1285.99036    0.9718600      43.95
   1285.99231    0.9719600      43.95
   1285.99426    0.9717400      43.94
   1285.99609    0.9715900      43.94
   1285.99805    0.9718000      43.95
   1286.00000    0.9722500      43.97
   1286.00183    0.9726000      43.98
   1286.00378    0.9726600      43.98
   1286.00574    0.9724500      43.98
   1286.00757    0.9719900      43.95
   1286.00952    0.9713700      43.93
   1286.01135    0.9709200      43.91
   1286.01331    0.9709200      43.91
   1286.01526    0.9712200      43.92
   1286.01709    0.9713100      43.92
   1286.01904    0.9709600      43.91
   1286.02100    0.9704000      43.88
   1286.02283    0.9699500      43.86
   1286.02478    0.9696700      43.85
   1286.02673    0.9695300      43.84
   1286.02856    0.9695600      43.84
   1286.03052    0.9695800      43.84
   1286.03247    0.9691200      43.82
   1286.03430    0.9678700      43.77
   1286.03625    0.9662000      43.69
   1286.03809    0.9648000      43.63
   1286.04004    0.9640200      43.59
   1286.04199    0.9636900      43.58
   1286.04382    0.9637600      43.58
   1286.04578    0.9644600      43.61
   1286.04773    0.9658300      43.67
   1286.04956    0.9673500      43.74
   1286.05151    0.9683900      43.79
   1286.05347    0.9688700      43.81
   1286.05530    0.9691600      43.82
   1286.05725    0.9695800      43.84
   1286.05920    0.9700900      43.86
   1286.06104    0.9705700      43.89
   1286.06299    0.9709900      43.90
   1286.06482    0.9712600      43.92
   1286.06677    0.9712600      43.92
   1286.06873    0.9710500      43.91
   1286.07056    0.9709000      43.90
   1286.07251    0.9710000      43.90
   1286.07446    0.9711500      43.91
   1286.07629    0.9709300      43.90
   1286.07825    0.9702400      43.87
   1286.08020    0.9694400      43.83
   1286.08203    0.9690100      43.81
   1286.08398    0.9690700      43.82
   1286.08594    0.9693400      43.83
   1286.08777    0.9696100      43.84
   1286.08972    0.9699600      43.86
   1286.09167    0.9704800      43.88
   1286.09351    0.9709500      43.90
   1286.09546    0.9709600      43.90
   1286.09729    0.9704200      43.88
   1286.09924    0.9697000      43.84
   1286.10120    0.9691200      43.82
   1286.10303    0.9685500      43.79
   1286.10498    0.9676200      43.75
   1286.10693    0.9664000      43.69
   1286.10876    0.9654300      43.65
   1286.11072    0.9651800      43.64
   1286.11267    0.9656500      43.66
   1286.11450    0.9665200      43.70
   1286.11646    0.9675400      43.75
   1286.11841    0.9684900      43.79
   1286.12024    0.9692100      43.82
   1286.12219    0.9697100      43.84
   1286.12402    0.9702800      43.87
   1286.12598    0.9711100      43.91
   1286.12793    0.9719000      43.94
   1286.12976    0.9720700      43.95
   1286.13171    0.9715800      43.93
   1286.13367    0.9710500      43.90
   1286.13550    0.9711300      43.91
   1286.13745    0.9717500      43.93
   1286.13940    0.9723500      43.96
   1286.14124    0.9725500      43.97
   1286.14319    0.9724800      43.97
   1286.14514    0.9723200      43.96
   1286.14697    0.9720500      43.95
   1286.14893    0.9717200      43.93
   1286.15088    0.9716500      43.93
   1286.15271    0.9720800      43.95
   1286.15466    0.9726400      43.97
   1286.15649    0.9726900      43.97
   1286.15845    0.9720800      43.95
   1286.16040    0.9714000      43.92
   1286.16223    0.9711400      43.90
   1286.16418    0.9711000      43.90
   1286.16614    0.9708500      43.89
   1286.16797    0.9704900      43.87
   1286.16992    0.9705400      43.88
   1286.17188    0.9711000      43.90
   1286.17371    0.9716200      43.93
   1286.17566    0.9715900      43.92
   1286.17761    0.9711000      43.90
   1286.17944    0.9705400      43.88
   1286.18140    0.9701000      43.86
   1286.18335    0.9698000      43.84
   1286.18518    0.9697000      43.84
   1286.18713    0.9697600      43.84
   1286.18896    0.9697200      43.84
   1286.19092    0.9694200      43.82
   1286.19287    0.9691400      43.81
   1286.19470    0.9692200      43.82
   1286.19666    0.9694600      43.83
   1286.19861    0.9692300      43.82
   1286.20044    0.9681900      43.77
   1286.20239    0.9667100      43.70
   1286.20435    0.9653600      43.64
   1286.20618    0.9643300      43.59
   1286.20813    0.9635200      43.56
   1286.21008    0.9628400      43.53
   1286.21191    0.9623600      43.50
   1286.21387    0.9621700      43.50
   1286.21570    0.9623000      43.50
   1286.21765    0.9627500      43.52
   1286.21960    0.9635400      43.56
   1286.22144    0.9645700      43.60
   1286.22339    0.9656000      43.65
   1286.22534    0.9664000      43.69
   1286.22717    0.9670400      43.71
   1286.22913    0.9678000      43.75
   1286.23108    0.9686400      43.79
   1286.23291    0.9690500      43.80
   1286.23486    0.9688000      43.79
   1286.23682    0.9685700      43.78
   1286.23865    0.9692600      43.81
   1286.24060    0.9705900      43.87
   1286.24255    0.9714200      43.91
   1286.24438    0.9714200      43.91
   1286.24634    0.9714800      43.91
   1286.24829    0.9720000      43.94
   1286.25012    0.9719100      43.93
   1286.25208    0.9705000      43.87
   1286.25391    0.9690100      43.80
   1286.25586    0.9688400      43.79
   1286.25781    0.9692500      43.81
   1286.25964    0.9687300      43.79
   1286.26160    0.9679000      43.75
   1286.26355    0.9685900      43.78
   1286.26538    0.9701900      43.85
   1286.26733    0.9700900      43.85
   1286.26929    0.9680800      43.76
   1286.27112    0.9671100      43.71
   1286.27307    0.9684200      43.77
   1286.27502    0.9693300      43.81
   1286.27686    0.9679600      43.75
   1286.27881    0.9667200      43.70
   1286.28076    0.9679300      43.75
   1286.28259    0.9691500      43.81
   1286.28455    0.9673400      43.72
   1286.28638    0.9648700      43.61
   1286.28833    0.9657500      43.65
   1286.29028    0.9679300      43.75
   1286.29211    0.9661300      43.67
   1286.29407    0.9616300      43.47
   1286.29602    0.9607500      43.43
   1286.29785    0.9626200      43.51
   1286.29980    0.9584700      43.32
   1286.30176    0.9468100      42.79
   1286.30359    0.9378000      42.39
   1286.30554    0.9330800      42.17
   1286.30750    0.9126000      41.25
   1286.30933    0.8591500      38.83
   1286.31128    0.7933500      35.86
   1286.31323    0.7640700      34.53
   1286.31506    0.7961800      35.99
   1286.31702    0.8616600      38.95
   1286.31897    0.9126300      41.25
   1286.32080    0.9318700      42.12
   1286.32275    0.9376500      42.38
   1286.32458    0.9478100      42.84
   1286.32654    0.9588000      43.33
   1286.32849    0.9614100      43.45
   1286.33032    0.9589900      43.34
   1286.33228    0.9604800      43.41
   1286.33423    0.9655700      43.64
   1286.33606    0.9674200      43.72
   1286.33801    0.9652100      43.62
   1286.33997    0.9643500      43.58
   1286.34180    0.9664800      43.68
   1286.34375    0.9675100      43.73
   1286.34570    0.9656000      43.64
   1286.34753    0.9638500      43.56
   1286.34949    0.9640100      43.57
   1286.35144    0.9633400      43.54
   1286.35327    0.9600700      43.39
   1286.35522    0.9571700      43.26
   1286.35718    0.9578600      43.29
   1286.35901    0.9606800      43.42
   1286.36096    0.9622800      43.49
   1286.36279    0.9623900      43.49
   1286.36475    0.9629000      43.52
   1286.36670    0.9637700      43.56
   1286.36853    0.9630700      43.52
   1286.37048    0.9603900      43.40
   1286.37244    0.9571600      43.26
   1286.37427    0.9536400      43.10
   1286.37622    0.9485400      42.87
   1286.37817    0.9420200      42.57
   1286.38000    0.9371400      42.35
   1286.38196    0.9369000      42.34
   1286.38391    0.9412300      42.54
   1286.38574    0.9476000      42.82
   1286.38770    0.9536900      43.10
   1286.38965    0.9585600      43.32
   1286.39148    0.9620000      43.47
   1286.39343    0.9640600      43.57
   1286.39539    0.9651500      43.62
   1286.39722    0.9658800      43.65
   1286.39917    0.9666300      43.68
   1286.40112    0.9673600      43.72
   1286.40295    0.9679700      43.74
   1286.40491    0.9684800      43.77
   1286.40674    0.9689800      43.79
   1286.40869    0.9695800      43.82
   1286.41064    0.9701900      43.84
   1286.41248    0.9705800      43.86
   1286.41443    0.9706200      43.86
   1286.41638    0.9705900      43.86
   1286.41821    0.9709200      43.88
   1286.42017    0.9715500      43.90
   1286.42212    0.9719500      43.92
   1286.42395    0.9717900      43.91
   1286.42590    0.9714500      43.90
   1286.42786    0.9714500      43.90
   1286.42969    0.9718200      43.92
   1286.43164    0.9722000      43.93
   1286.43359    0.9724000      43.94
   1286.43542    0.9725000      43.95
   1286.43738    0.9725500      43.95
   1286.43933    0.9724500      43.94
   1286.44116    0.9722500      43.93
   1286.44312    0.9721600      43.93
   1286.44507    0.9723200      43.94
   1286.44690    0.9725800      43.95
   1286.44885    0.9727500      43.96
   1286.45068    0.9728100      43.96
   1286.45264    0.9728000      43.96
   1286.45459    0.9727700      43.96
   1286.45642    0.9727600      43.96
   1286.45837    0.9728400      43.96
   1286.46033    0.9729300      43.96
   1286.46216    0.9727800      43.96
   1286.46411    0.9723100      43.94
   1286.46606    0.9718300      43.91
   1286.46790    0.9718400      43.91
   1286.46985    0.9723800      43.94
   1286.47180    0.9729100      43.96
   1286.47363    0.9729500      43.96
   1286.47559    0.9726400      43.95
   1286.47754    0.9725200      43.94
   1286.47937    0.9727900      43.96
   1286.48132    0.9730500      43.97
   1286.48328    0.9729800      43.96
   1286.48511    0.9727800      43.96
   1286.48706    0.9728600      43.96
   1286.48901    0.9731700      43.97
   1286.49084    0.9732500      43.98
   1286.49280    0.9728500      43.96
   1286.49475    0.9722900      43.93
   1286.49658    0.9719400      43.92
   1286.49854    0.9718200      43.91
   1286.50037    0.9717000      43.91
   1286.50232    0.9714900      43.90
   1286.50427    0.9711300      43.88
   1286.50610    0.9703900      43.85
   1286.50806    0.9690900      43.79
   1286.51001    0.9674400      43.71
   1286.51184    0.9659200      43.64
   1286.51379    0.9646900      43.59
   1286.51575    0.9635600      43.54
   1286.51758    0.9624500      43.49
   1286.51953    0.9616900      43.45
   1286.52148    0.9615500      43.45
   1286.52332    0.9619000      43.46
   1286.52527    0.9625200      43.49
   1286.52722    0.9635500      43.54
   1286.52905    0.9652400      43.61
   1286.53101    0.9672900      43.70
   1286.53296    0.9689900      43.78
   1286.53479    0.9699600      43.82
   1286.53674    0.9705700      43.85
   1286.53870    0.9712000      43.88
   1286.54053    0.9715800      43.90
   1286.54248    0.9712700      43.88
   1286.54443    0.9704500      43.85
   1286.54626    0.9698800      43.82
   1286.54822    0.9698900      43.82
   1286.55017    0.9699800      43.82
   1286.55200    0.9695100      43.80
   1286.55396    0.9683700      43.75
   1286.55579    0.9666200      43.67
   1286.55774    0.9638100      43.54
   1286.55969    0.9594500      43.35
   1286.56152    0.9541900      43.11
   1286.56348    0.9501000      42.92
   1286.56543    0.9491800      42.88
   1286.56726    0.9516900      43.00
   1286.56921    0.9560100      43.19
   1286.57117    0.9601500      43.38
   1286.57300    0.9632100      43.52
   1286.57495    0.9654600      43.62
   1286.57690    0.9674100      43.71
   1286.57874    0.9690900      43.78
   1286.58069    0.9701400      43.83
   1286.58264    0.9704500      43.84
   1286.58447    0.9704100      43.84
   1286.58643    0.9705000      43.84
   1286.58838    0.9708000      43.86
   1286.59021    0.9710100      43.87
   1286.59216    0.9709400      43.86
   1286.59412    0.9708000      43.86
   1286.59595    0.9708800      43.86
   1286.59790    0.9712600      43.88
   1286.59985    0.9718000      43.90
   1286.60168    0.9722800      43.92
   1286.60364    0.9725300      43.94
   1286.60559    0.9724300      43.93
   1286.60742    0.9720900      43.92
   1286.60938    0.9718600      43.90
   1286.61121    0.9718800      43.91
   1286.61316    0.9718800      43.91
   1286.61511    0.9714000      43.88
   1286.61694    0.9704000      43.84
   1286.61890    0.9693300      43.79
   1286.62085    0.9685900      43.76
   1286.62268    0.9681700      43.74
   1286.62463    0.9679500      43.73
   1286.62659    0.9679000      43.72
   1286.62842    0.9680400      43.73
   1286.63037    0.9682700      43.74
   1286.63232    0.9684800      43.75
   1286.63416    0.9686900      43.76
   1286.63611    0.9689200      43.77
   1286.63806    0.9690100      43.77
   1286.63989    0.9688900      43.77
   1286.64185    0.9688300      43.77
   1286.64380    0.9691300      43.78
   1286.64563    0.9697000      43.80
   1286.64758    0.9700900      43.82
   1286.64954    0.9701300      43.82
   1286.65137    0.9701100      43.82
   1286.65332    0.9703300      43.83
   1286.65527    0.9707400      43.85
   1286.65710    0.9710800      43.87
   1286.65906    0.9712300      43.87
   1286.66101    0.9711800      43.87
   1286.66284    0.9709700      43.86
   1286.66479    0.9707100      43.85
   1286.66675    0.9706800      43.85
   1286.66858    0.9709400      43.86
   1286.67053    0.9712400      43.87
   1286.67249    0.9712700      43.87
   1286.67432    0.9711400      43.87
   1286.67627    0.9711400      43.87
   1286.67822    0.9712600      43.87
   1286.68005    0.9712600      43.87
   1286.68201    0.9711800      43.87
   1286.68396    0.9714200      43.88
   1286.68579    0.9721000      43.91
   1286.68774    0.9727700      43.94
   1286.68958    0.9730500      43.95
   1286.69153    0.9730900      43.95
   1286.69348    0.9731300      43.96
   1286.69531    0.9730300      43.95
   1286.69727    0.9725200      43.93
   1286.69922    0.9719300      43.90
   1286.70105    0.9718300      43.90
   1286.70300    0.9721300      43.91
   1286.70496    0.9720900      43.91
   1286.70679    0.9714600      43.88
   1286.70874    0.9710300      43.86
   1286.71069    0.9715200      43.88
   1286.71252    0.9725500      43.93
   1286.71448    0.9731300      43.95
   1286.71643    0.9731400      43.95
   1286.71826    0.9732500      43.96
   1286.72021    0.9737200      43.98
   1286.72217    0.9737800      43.98
   1286.72400    0.9729000      43.94
   1286.72595    0.9716600      43.89
   1286.72791    0.9711200      43.86
   1286.72974    0.9713100      43.87
   1286.73169    0.9712900      43.87
   1286.73364    0.9705400      43.84
   1286.73547    0.9696500      43.80
   1286.73743    0.9693800      43.78
   1286.73938    0.9695700      43.79
   1286.74121    0.9693400      43.78
   1286.74316    0.9681600      43.73
   1286.74512    0.9664100      43.65
   1286.74695    0.9648400      43.58
   1286.74890    0.9639700      43.54
   1286.75085    0.9638500      43.53
   1286.75269    0.9642600      43.55
   1286.75464    0.9648300      43.58
   1286.75659    0.9653000      43.60
   1286.75842    0.9656900      43.62
   1286.76038    0.9662700      43.64
   1286.76233    0.9671800      43.68
   1286.76416    0.9681700      43.73
   1286.76611    0.9688600      43.76
   1286.76807    0.9691800      43.77
   1286.76990    0.9694100      43.78
   1286.77185    0.9697800      43.80
   1286.77380    0.9702800      43.82
   1286.77563    0.9707300      43.84
   1286.77759    0.9710400      43.86
   1286.77954    0.9712200      43.86
   1286.78137    0.9712700      43.87
   1286.78333    0.9712900      43.87
   1286.78516    0.9714100      43.87
   1286.78711    0.9716800      43.88
   1286.78906    0.9719500      43.90
   1286.79089    0.9720600      43.90
   1286.79285    0.9721100      43.90
   1286.79480    0.9723000      43.91
   1286.79663    0.9726000      43.92
   1286.79858    0.9727200      43.93
   1286.80054    0.9726000      43.92
   1286.80237    0.9726000      43.92
   1286.80432    0.9730000      43.94
   1286.80627    0.9735100      43.96
   1286.80811    0.9735200      43.97
   1286.81006    0.9728600      43.94
   1286.81201    0.9719800      43.90
   1286.81384    0.9714000      43.87
   1286.81580    0.9711900      43.86
   1286.81775    0.9710900      43.85
   1286.81958    0.9709500      43.85
   1286.82153    0.9708400      43.84
   1286.82349    0.9709400      43.85
   1286.82532    0.9713200      43.86
   1286.82727    0.9718400      43.89
   1286.82922    0.9721100      43.90
   1286.83105    0.9718400      43.89
   1286.83301    0.9712200      43.86
   1286.83496    0.9708500      43.84
   1286.83679    0.9710100      43.85
   1286.83875    0.9713400      43.86
   1286.84070    0.9713500      43.86
   1286.84253    0.9710500      43.85
   1286.84448    0.9707700      43.84
   1286.84644    0.9705200      43.83
   1286.84827    0.9700700      43.81
   1286.85022    0.9694500      43.78
   1286.85217    0.9690900      43.76
   1286.85400    0.9690800      43.76
   1286.85596    0.9688800      43.75
   1286.85791    0.9679200      43.71
   1286.85974    0.9663400      43.64
   1286.86169    0.9649200      43.57
   1286.86365    0.9644100      43.55
   1286.86548    0.9649600      43.57
   1286.86743    0.9659600      43.62
   1286.86938    0.9663800      43.64
   1286.87122    0.9655500      43.60
   1286.87317    0.9638200      43.52
   1286.87512    0.9621000      43.44
   1286.87695    0.9606400      43.38
   1286.87891    0.9588100      43.30
   1286.88086    0.9561600      43.18
   1286.88269    0.9529700      43.03
   1286.88464    0.9491500      42.86
   1286.88660    0.9433400      42.60
   1286.88843    0.9342300      42.19
   1286.89038    0.9218300      41.63
   1286.89233    0.9060000      40.91
   1286.89417    0.8845000      39.94
   1286.89612    0.8556400      38.64
   1286.89807    0.8243500      37.22
   1286.89990    0.8030500      36.26
   1286.90186    0.8029000      36.25
   1286.90381    0.8237800      37.20
   1286.90564    0.8545500      38.59
   1286.90759    0.8832300      39.88
   1286.90955    0.9051200      40.87
   1286.91138    0.9214400      41.61
   1286.91333    0.9336000      42.16
   1286.91528    0.9416100      42.52
   1286.91711    0.9463700      42.73
   1286.91907    0.9501700      42.90
   1286.92102    0.9542200      43.09
   1286.92285    0.9575800      43.24
   1286.92480    0.9593500      43.32
   1286.92676    0.9602900      43.36
   1286.92859    0.9614800      43.41
   1286.93054    0.9626400      43.47
   1286.93250    0.9628700      43.48
   1286.93433    0.9623600      43.45
   1286.93628    0.9621000      43.44
   1286.93823    0.9622900      43.45
   1286.94006    0.9621400      43.44
   1286.94202    0.9613000      43.40
   1286.94397    0.9602200      43.35
   1286.94580    0.9591400      43.31
   1286.94775    0.9574500      43.23
   1286.94971    0.9544000      43.09
   1286.95154    0.9497600      42.88
   1286.95349    0.9435400      42.60
   1286.95544    0.9359400      42.26
   1286.95728    0.9283200      41.91
   1286.95923    0.9234500      41.69
   1286.96118    0.9237100      41.71
   1286.96301    0.9289500      41.94
   1286.96497    0.9366300      42.29
   1286.96692    0.9440400      42.62
   1286.96875    0.9499900      42.89
   1286.97070    0.9544400      43.09
   1286.97266    0.9575900      43.23
   1286.97449    0.9597200      43.33
   1286.97644    0.9614200      43.41
   1286.97839    0.9631400      43.48
   1286.98022    0.9646600      43.55
   1286.98218    0.9654700      43.59
   1286.98413    0.9656000      43.59
   1286.98596    0.9657200      43.60
   1286.98792    0.9661500      43.62
   1286.98987    0.9664600      43.63
   1286.99170    0.9661600      43.62
   1286.99365    0.9654300      43.59
   1286.99561    0.9649000      43.56
   1286.99744    0.9648300      43.56
   1286.99939    0.9649100      43.56
   1287.00134    0.9649600      43.56
   1287.00317    0.9651700      43.57
   1287.00513    0.9656300      43.59
   1287.00696    0.9659800      43.61
   1287.00891    0.9658800      43.61
   1287.01086    0.9655600      43.59
   1287.01270    0.9655800      43.59
   1287.01465    0.9659500      43.61
   1287.01660    0.9661100      43.62
   1287.01855    0.9658200      43.60
   1287.02039    0.9655900      43.59
   1287.02234    0.9659200      43.61
   1287.02429    0.9664900      43.63
   1287.02612    0.9666100      43.64
   1287.02808    0.9663000      43.62
   1287.03003    0.9662300      43.62
   1287.03186    0.9665700      43.64
   1287.03381    0.9667200      43.64
   1287.03577    0.9663200      43.62
   1287.03760    0.9659600      43.61
   1287.03955    0.9662600      43.62
   1287.04150    0.9668300      43.65
   1287.04333    0.9668000      43.64
   1287.04529    0.9662000      43.62
   1287.04724    0.9660100      43.61
   1287.04907    0.9667200      43.64
   1287.05103    0.9675200      43.68
   1287.05298    0.9673800      43.67
   1287.05481    0.9663900      43.63
   1287.05676    0.9654400      43.58
   1287.05872    0.9650600      43.57
   1287.06055    0.9650300      43.56
   1287.06250    0.9651200      43.57
   1287.06445    0.9654100      43.58
   1287.06628    0.9659000      43.60
   1287.06824    0.9663100      43.62
   1287.07019    0.9663300      43.62
   1287.07202    0.9660300      43.61
   1287.07397    0.9656600      43.59
   1287.07593    0.9653800      43.58
   1287.07776    0.9653100      43.58
   1287.07971    0.9655200      43.58
   1287.08167    0.9658400      43.60
   1287.08350    0.9658700      43.60
   1287.08545    0.9655800      43.59
   1287.08740    0.9654300      43.58
   1287.08923    0.9658200      43.60
   1287.09119    0.9664600      43.63
   1287.09314    0.9668300      43.64
   1287.09497    0.9669300      43.65
   1287.09692    0.9672600      43.66
   1287.09888    0.9679300      43.69
   1287.10071    0.9684900      43.72
   1287.10266    0.9686800      43.73
   1287.10461    0.9688700      43.73
   1287.10645    0.9693700      43.76
   1287.10840    0.9698300      43.78
   1287.11035    0.9698500      43.78
   1287.11218    0.9697000      43.77
   1287.11414    0.9699900      43.78
   1287.11609    0.9705500      43.81
   1287.11792    0.9705700      43.81
   1287.11987    0.9698900      43.78
   1287.12183    0.9694500      43.76
   1287.12366    0.9698900      43.78
   1287.12561    0.9705700      43.81
   1287.12756    0.9704700      43.80
   1287.12939    0.9697500      43.77
   1287.13135    0.9694900      43.76
   1287.13330    0.9700100      43.78
   1287.13513    0.9703700      43.80
   1287.13708    0.9698600      43.78
   1287.13904    0.9689500      43.74
   1287.14087    0.9683200      43.71
   1287.14282    0.9676400      43.68
   1287.14478    0.9661700      43.61
   1287.14661    0.9643400      43.53
   1287.14856    0.9635300      43.49
   1287.15051    0.9643000      43.52
   1287.15234    0.9657100      43.59
   1287.15430    0.9665100      43.62
   1287.15625    0.9665500      43.63
   1287.15808    0.9664700      43.62
   1287.16003    0.9666100      43.63
   1287.16199    0.9668200      43.64
   1287.16382    0.9669900      43.64
   1287.16577    0.9672100      43.65
   1287.16772    0.9674500      43.67
   1287.16956    0.9676300      43.67
   1287.17151    0.9679200      43.69
   1287.17346    0.9685100      43.71
   1287.17529    0.9690900      43.74
   1287.17725    0.9691300      43.74
   1287.17920    0.9687100      43.72
   1287.18103    0.9684300      43.71
   1287.18298    0.9685300      43.71
   1287.18494    0.9686100      43.72
   1287.18677    0.9684600      43.71
   1287.18872    0.9685500      43.71
   1287.19067    0.9692400      43.74
   1287.19250    0.9700900      43.78
   1287.19446    0.9705100      43.80
   1287.19641    0.9707800      43.81
   1287.19824    0.9715000      43.85
   1287.20020    0.9724000      43.89
   1287.20215    0.9725200      43.89
   1287.20398    0.9717600      43.86
   1287.20593    0.9712100      43.83
   1287.20789    0.9715600      43.85
   1287.20972    0.9720500      43.87
   1287.21167    0.9716600      43.85
   1287.21362    0.9707300      43.81
   1287.21545    0.9704500      43.80
   1287.21741    0.9710500      43.82
   1287.21936    0.9715100      43.84
   1287.22119    0.9711200      43.83
   1287.22314    0.9705000      43.80
   1287.22510    0.9705000      43.80
   1287.22693    0.9708300      43.81
   1287.22888    0.9706500      43.81
   1287.23083    0.9698900      43.77
   1287.23267    0.9693500      43.75
   1287.23462    0.9694800      43.75
   1287.23657    0.9698400      43.77
   1287.23853    0.9699300      43.77
   1287.24036    0.9699200      43.77
   1287.24231    0.9702400      43.79
   1287.24426    0.9708300      43.81
   1287.24609    0.9712600      43.83
   1287.24805    0.9714300      43.84
   1287.25000    0.9716600      43.85
   1287.25183    0.9720500      43.87
   1287.25378    0.9723300      43.88
   1287.25574    0.9723400      43.88
   1287.25757    0.9723900      43.88
   1287.25952    0.9728200      43.90
   1287.26147    0.9734800      43.93
   1287.26331    0.9738400      43.95
   1287.26526    0.9736700      43.94
   1287.26721    0.9732600      43.92
   1287.26904    0.9730100      43.91
   1287.27100    0.9729500      43.91
   1287.27295    0.9728400      43.90
   1287.27478    0.9724700      43.88
   1287.27673    0.9719800      43.86
   1287.27869    0.9716000      43.84
   1287.28052    0.9714100      43.84
   1287.28247    0.9712500      43.83
   1287.28442    0.9708400      43.81
   1287.28625    0.9701800      43.78
   1287.28821    0.9695800      43.75
   1287.29016    0.9694000      43.74
   1287.29199    0.9696900      43.76
   1287.29395    0.9701600      43.78
   1287.29590    0.9704600      43.79
   1287.29773    0.9705000      43.79
   1287.29968    0.9704600      43.79
   1287.30164    0.9704700      43.79
   1287.30347    0.9704900      43.79
   1287.30542    0.9703900      43.79
   1287.30737    0.9701600      43.78
   1287.30920    0.9699200      43.77
   1287.31116    0.9698100      43.76
   1287.31311    0.9698700      43.76
   1287.31494    0.9699900      43.77
   1287.31689    0.9699600      43.77
   1287.31885    0.9697100      43.76
   1287.32068    0.9693800      43.74
   1287.32263    0.9692000      43.73
   1287.32458    0.9693700      43.74
   1287.32642    0.9699100      43.76
   1287.32837    0.9706800      43.80
   1287.33032    0.9715000      43.84
   1287.33228    0.9721300      43.86
   1287.33411    0.9725100      43.88
   1287.33606    0.9728000      43.89
   1287.33801    0.9731300      43.91
   1287.33984    0.9735100      43.93
   1287.34180    0.9738300      43.94
   1287.34375    0.9741200      43.95
   1287.34558    0.9744500      43.97
   1287.34753    0.9746100      43.98
   1287.34949    0.9742100      43.96
   1287.35132    0.9733000      43.92
   1287.35327    0.9726100      43.88
   1287.35522    0.9728400      43.90
   1287.35706    0.9737500      43.94
   1287.35901    0.9743900      43.96
   1287.36096    0.9742400      43.96
   1287.36279    0.9738200      43.94
   1287.36475    0.9739400      43.94
   1287.36670    0.9745600      43.97
   1287.36853    0.9750300      43.99
   1287.37048    0.9750000      43.99
   1287.37244    0.9748100      43.98
   1287.37427    0.9748300      43.98
   1287.37622    0.9749100      43.99
   1287.37817    0.9747900      43.98
   1287.38000    0.9746300      43.97
   1287.38196    0.9748100      43.98
   1287.38391    0.9753200      44.00
   1287.38574    0.9756300      44.02
   1287.38770    0.9753700      44.01
   1287.38965    0.9747100      43.98
   1287.39148    0.9741400      43.95
   1287.39343    0.9738700      43.94
   1287.39539    0.9738000      43.94
   1287.39722    0.9737400      43.93
   1287.39917    0.9736200      43.93
   1287.40112    0.9734500      43.92
   1287.40295    0.9732500      43.91
   1287.40491    0.9732000      43.91
   1287.40686    0.9734600      43.92
   1287.40881    0.9739800      43.94
   1287.41064    0.9744300      43.96
   1287.41260    0.9744600      43.96
   1287.41455    0.9741200      43.95
   1287.41638    0.9738400      43.94
   1287.41833    0.9739100      43.94
   1287.42029    0.9741800      43.95
   1287.42212    0.9741800      43.95
   1287.42407    0.9738200      43.93
   1287.42603    0.9735500      43.92
   1287.42786    0.9738000      43.93
   1287.42981    0.9743600      43.96
   1287.43176    0.9745300      43.97
   1287.43359    0.9740800      43.95
   1287.43555    0.9736000      43.92
   1287.43750    0.9737900      43.93
   1287.43933    0.9745000      43.96
   1287.44128    0.9749100      43.98
   1287.44324    0.9746800      43.97
   1287.44507    0.9743100      43.95
   1287.44702    0.9744000      43.96
   1287.44897    0.9748100      43.98
   1287.45081    0.9749700      43.98
   1287.45276    0.9747700      43.98
   1287.45471    0.9746400      43.97
   1287.45654    0.9749200      43.98
   1287.45850    0.9753700      44.00
   1287.46045    0.9755900      44.01
   1287.46228    0.9755500      44.01
   1287.46423    0.9754300      44.00
   1287.46619    0.9752800      44.00
   1287.46814    0.9749800      43.98
   1287.46997    0.9746200      43.97
   1287.47192    0.9744200      43.96
   1287.47388    0.9744200      43.96
   1287.47571    0.9744000      43.96
   1287.47766    0.9742100      43.95
   1287.47961    0.9740500      43.94
   1287.48145    0.9741400      43.94
   1287.48340    0.9743400      43.95
   1287.48535    0.9742900      43.95
   1287.48718    0.9739600      43.94
   1287.48914    0.9738000      43.93
   1287.49109    0.9742200      43.95
   1287.49292    0.9749700      43.98
   1287.49487    0.9753600      44.00
   1287.49683    0.9750100      43.98
   1287.49866    0.9743200      43.95
   1287.50061    0.9739300      43.93
   1287.50256    0.9740300      43.94
   1287.50439    0.9742500      43.95
   1287.50635    0.9742600      43.95
   1287.50830    0.9741300      43.94
   1287.51013    0.9740200      43.94
   1287.51208    0.9738800      43.93
   1287.51404    0.9736500      43.92
   1287.51587    0.9735600      43.92
   1287.51782    0.9740000      43.94
   1287.51978    0.9748900      43.98
   1287.52173    0.9756100      44.01
   1287.52356    0.9756200      44.01
   1287.52551    0.9750700      43.98
   1287.52747    0.9745500      43.96
   1287.52930    0.9744600      43.96
   1287.53125    0.9746200      43.96
   1287.53320    0.9746800      43.97
   1287.53503    0.9746100      43.96
   1287.53699    0.9746400      43.96
   1287.53894    0.9749100      43.98
   1287.54077    0.9752100      43.99
   1287.54272    0.9752700      43.99
   1287.54468    0.9751100      43.98
   1287.54651    0.9750200      43.98
   1287.54846    0.9751000      43.98
   1287.55042    0.9751100      43.98
   1287.55225    0.9749100      43.97
   1287.55420    0.9747200      43.97
   1287.55615    0.9748800      43.97
   1287.55798    0.9752500      43.99
   1287.55994    0.9753600      43.99
   1287.56189    0.9751800      43.99
   1287.56372    0.9752100      43.99
   1287.56567    0.9757700      44.01
   1287.56763    0.9763300      44.04
   1287.56958    0.9761700      44.03
   1287.57141    0.9754500      44.00
   1287.57336    0.9749900      43.98
   1287.57532    0.9751500      43.98
   1287.57715    0.9753700      43.99
   1287.57910    0.9750900      43.98
   1287.58105    0.9745500      43.96
   1287.58289    0.9743200      43.95
   1287.58484    0.9743800      43.95
   1287.58679    0.9743200      43.95
   1287.58862    0.9741200      43.94
   1287.59058    0.9742600      43.94
   1287.59253    0.9748700      43.97
   1287.59436    0.9754100      43.99
   1287.59631    0.9753900      43.99
   1287.59827    0.9749400      43.97
   1287.60010    0.9744800      43.95
   1287.60205    0.9740700      43.93
   1287.60400    0.9735500      43.91
   1287.60583    0.9729700      43.88
   1287.60779    0.9725300      43.86
   1287.60974    0.9721600      43.85
   1287.61157    0.9716700      43.82
   1287.61353    0.9712900      43.81
   1287.61548    0.9714700      43.81
   1287.61743    0.9721600      43.85
   1287.61926    0.9727800      43.87
   1287.62122    0.9730400      43.88
   1287.62317    0.9733000      43.90
   1287.62500    0.9738500      43.92
   1287.62695    0.9742300      43.94
   1287.62891    0.9738700      43.92
   1287.63074    0.9730700      43.89
   1287.63269    0.9726400      43.87
   1287.63464    0.9726400      43.87
   1287.63647    0.9723000      43.85
   1287.63843    0.9712800      43.80
   1287.64038    0.9704600      43.77
   1287.64221    0.9707100      43.78
   1287.64417    0.9716800      43.82
   1287.64612    0.9723600      43.85
   1287.64795    0.9726000      43.86
   1287.64990    0.9731100      43.89
   1287.65186    0.9740300      43.93
   1287.65369    0.9744800      43.95
   1287.65564    0.9737700      43.92
   1287.65759    0.9725400      43.86
   1287.65955    0.9719000      43.83
   1287.66138    0.9719500      43.83
   1287.66333    0.9718000      43.83
   1287.66528    0.9709400      43.79
   1287.66711    0.9697900      43.73
   1287.66907    0.9689100      43.70
   1287.67102    0.9681900      43.66
   1287.67285    0.9671800      43.62
   1287.67480    0.9657600      43.55
   1287.67676    0.9641200      43.48
   1287.67859    0.9625500      43.41
   1287.68054    0.9614600      43.36
   1287.68250    0.9614000      43.36
   1287.68433    0.9625500      43.41
   1287.68628    0.9642800      43.49
   1287.68823    0.9655400      43.54
   1287.69006    0.9658000      43.55
   1287.69202    0.9652400      43.53
   1287.69397    0.9640700      43.48
   1287.69592    0.9622200      43.39
   1287.69775    0.9598100      43.28
   1287.69971    0.9573800      43.17
   1287.70166    0.9552200      43.08
   1287.70349    0.9527900      42.97
   1287.70544    0.9493600      42.81
   1287.70740    0.9450000      42.61
   1287.70923    0.9403300      42.40
   1287.71118    0.9353300      42.18
   1287.71313    0.9291800      41.90
   1287.71497    0.9216300      41.56
   1287.71692    0.9144100      41.23
   1287.71887    0.9104200      41.05
   1287.72070    0.9115500      41.10
   1287.72266    0.9173900      41.37
   1287.72461    0.9258600      41.75
   1287.72644    0.9347400      42.15
   1287.72839    0.9425700      42.50
   1287.73035    0.9487900      42.78
   1287.73230    0.9535600      43.00
   1287.73413    0.9574600      43.17
   1287.73608    0.9609000      43.33
   1287.73804    0.9637800      43.46
   1287.73987    0.9657200      43.55
   1287.74182    0.9666800      43.59
   1287.74377    0.9671400      43.61
   1287.74561    0.9676700      43.63
   1287.74756    0.9684600      43.67
   1287.74951    0.9694000      43.71
   1287.75134    0.9703500      43.75
   1287.75330    0.9712100      43.79
   1287.75525    0.9718300      43.82
   1287.75708    0.9721500      43.83
   1287.75903    0.9723900      43.85
   1287.76099    0.9727500      43.86
   1287.76282    0.9731200      43.88
   1287.76477    0.9731300      43.88
   1287.76672    0.9726300      43.86
   1287.76868    0.9719600      43.83
   1287.77051    0.9715400      43.81
   1287.77246    0.9715100      43.80
   1287.77441    0.9716400      43.81
   1287.77625    0.9716900      43.81
   1287.77820    0.9717000      43.81
   1287.78015    0.9718600      43.82
   1287.78198    0.9723100      43.84
   1287.78394    0.9729200      43.87
   1287.78589    0.9733100      43.89
   1287.78772    0.9731200      43.88
   1287.78967    0.9723600      43.84
   1287.79163    0.9714900      43.80
   1287.79346    0.9709600      43.78
   1287.79541    0.9708300      43.77
   1287.79736    0.9707800      43.77
   1287.79919    0.9705600      43.76
   1287.80115    0.9701900      43.74
   1287.80310    0.9698300      43.73
   1287.80505    0.9694400      43.71
   1287.80688    0.9688100      43.68
   1287.80884    0.9678900      43.64
   1287.81079    0.9669500      43.60
   1287.81262    0.9663400      43.57
   1287.81458    0.9661700      43.56
   1287.81653    0.9662600      43.57
   1287.81836    0.9663500      43.57
   1287.82031    0.9663600      43.57
   1287.82227    0.9663400      43.57
   1287.82410    0.9663200      43.57
   1287.82605    0.9662000      43.56
   1287.82800    0.9659100      43.55
   1287.82983    0.9655800      43.53
   1287.83179    0.9652700      43.52
   1287.83374    0.9648600      43.50
   1287.83569    0.9641400      43.47
   1287.83752    0.9631000      43.42
   1287.83948    0.9619600      43.37
   1287.84143    0.9608900      43.32
   1287.84326    0.9598200      43.27
   1287.84521    0.9585800      43.22
   1287.84717    0.9569800      43.14
   1287.84900    0.9548900      43.05
   1287.85095    0.9522600      42.93
   1287.85291    0.9492700      42.80
   1287.85474    0.9461200      42.65
   1287.85669    0.9426200      42.50
   1287.85864    0.9380200      42.29
   1287.86047    0.9315500      42.00
   1287.86243    0.9230500      41.61
   1287.86438    0.9125800      41.14
   1287.86633    0.8997300      40.56
   1287.86816    0.8841000      39.86
   1287.87012    0.8669700      39.08
   1287.87207    0.8521700      38.42
   1287.87390    0.8443500      38.06
   1287.87585    0.8456600      38.12
   1287.87781    0.8542100      38.51
   1287.87964    0.8657600      39.03
   1287.88159    0.8767200      39.52
   1287.88354    0.8855500      39.92
   1287.88538    0.8918300      40.20
   1287.88733    0.8950000      40.35
   1287.88928    0.8944200      40.32
   1287.89111    0.8900800      40.13
   1287.89307    0.8825700      39.79
   1287.89502    0.8721800      39.32
   1287.89697    0.8587700      38.71
   1287.89880    0.8429400      38.00
   1287.90076    0.8272200      37.29
   1287.90271    0.8157000      36.77
   1287.90454    0.8120000      36.60
   1287.90649    0.8173900      36.85
   1287.90845    0.8304400      37.44
   1287.91028    0.8480900      38.23
   1287.91223    0.8669900      39.08
   1287.91418    0.8845200      39.87
   1287.91602    0.8993200      40.54
   1287.91797    0.9112700      41.08
   1287.91992    0.9209200      41.51
   1287.92175    0.9288100      41.87
   1287.92371    0.9351800      42.16
   1287.92566    0.9401900      42.38
   1287.92761    0.9441800      42.56
   1287.92944    0.9475500      42.71
   1287.93140    0.9505700      42.85
   1287.93335    0.9532500      42.97
   1287.93518    0.9554800      43.07
   1287.93713    0.9572000      43.15
   1287.93909    0.9584700      43.21
   1287.94092    0.9595000      43.25
   1287.94287    0.9604200      43.29
   1287.94482    0.9611500      43.33
   1287.94666    0.9613700      43.34
   1287.94861    0.9607900      43.31
   1287.95056    0.9592300      43.24
   1287.95251    0.9565600      43.12
   1287.95435    0.9524100      42.93
   1287.95630    0.9463400      42.66
   1287.95825    0.9378100      42.27
   1287.96008    0.9262000      41.75
   1287.96204    0.9106200      41.05
   1287.96399    0.8901900      40.13
   1287.96582    0.8645400      38.97
   1287.96777    0.8342400      37.60
   1287.96973    0.8008400      36.10
   1287.97156    0.7667000      34.56
   1287.97351    0.7349100      33.13
   1287.97546    0.7089100      31.95
   1287.97729    0.6917000      31.18
   1287.97925    0.6852200      30.89
   1287.98120    0.6901400      31.11
   1287.98315    0.7059500      31.82
   1287.98499    0.7307900      32.94
   1287.98694    0.7615700      34.33
   1287.98889    0.7945400      35.81
   1287.99072    0.8265300      37.25
   1287.99268    0.8556700      38.57
   1287.99463    0.8811800      39.72
   1287.99646    0.9027200      40.69
   1287.99841    0.9202000      41.48
   1288.00037    0.9339000      42.09
   1288.00220    0.9443800      42.57
   1288.00415    0.9521900      42.92
   1288.00610    0.9577200      43.17
   1288.00806    0.9614400      43.33
   1288.00989    0.9640100      43.45
   1288.01184    0.9659800      43.54
   1288.01379    0.9676300      43.61
   1288.01562    0.9689300      43.67
   1288.01758    0.9698400      43.71
   1288.01953    0.9702500      43.73
   1288.02136    0.9700000      43.72
   1288.02332    0.9690400      43.68
   1288.02527    0.9676200      43.61
   1288.02710    0.9662400      43.55
   1288.02905    0.9653300      43.51
   1288.03101    0.9650900      43.50
   1288.03296    0.9655600      43.52
   1288.03479    0.9665900      43.56
   1288.03674    0.9678400      43.62
   1288.03870    0.9690100      43.67
   1288.04053    0.9700600      43.72
   1288.04248    0.9711300      43.77
   1288.04443    0.9721100      43.81
   1288.04626    0.9727000      43.84
   1288.04822    0.9728500      43.85
   1288.05017    0.9728900      43.85
   1288.05200    0.9731200      43.86
   1288.05396    0.9733600      43.87
   1288.05591    0.9734000      43.87
   1288.05786    0.9734500      43.87
   1288.05969    0.9738700      43.89
   1288.06165    0.9744300      43.92
   1288.06360    0.9744500      43.92
   1288.06543    0.9737600      43.89
   1288.06738    0.9730800      43.85
   1288.06934    0.9730900      43.85
   1288.07117    0.9735300      43.87
   1288.07312    0.9737000      43.88
   1288.07507    0.9734900      43.87
   1288.07690    0.9735400      43.87
   1288.07886    0.9741300      43.90
   1288.08081    0.9747600      43.93
   1288.08276    0.9747900      43.93
   1288.08459    0.9742900      43.91
   1288.08655    0.9738100      43.89
   1288.08850    0.9735900      43.88
   1288.09033    0.9734400      43.87
   1288.09229    0.9731800      43.86
   1288.09424    0.9728300      43.84
   1288.09607    0.9723900      43.82
   1288.09802    0.9717300      43.79
   1288.09998    0.9709200      43.75
