   1232.00012    0.9478000      46.94
   1232.00183    0.9463600      46.86
   1232.00366    0.9458500      46.84
   1232.00537    0.9460000      46.85
   1232.00720    0.9464000      46.87
   1232.00891    0.9469100      46.89
   1232.01062    0.9476600      46.93
   1232.01245    0.9486000      46.97
   1232.01416    0.9492000      47.00
   1232.01587    0.9489400      46.99
   1232.01770    0.9479100      46.94
   1232.01941    0.9466900      46.88
   1232.02112    0.9456000      46.83
   1232.02295    0.9445000      46.77
   1232.02466    0.9433800      46.71
   1232.02637    0.9427700      46.68
   1232.02820    0.9433100      46.71
   1232.02991    0.9450500      46.80
   1232.03174    0.9475400      46.92
   1232.03345    0.9505000      47.07
   1232.03516    0.9540000      47.24
   1232.03699    0.9580300      47.44
   1232.03870    0.9621800      47.64
   1232.04041    0.9659800      47.83
   1232.04224    0.9693100      48.00
   1232.04395    0.9724500      48.15
   1232.04565    0.9756100      48.31
   1232.04749    0.9786400      48.46
   1232.04919    0.9811400      48.58
   1232.05090    0.9829000      48.67
   1232.05273    0.9840500      48.73
   1232.05444    0.9849600      48.77
   1232.05627    0.9859000      48.82
   1232.05798    0.9868900      48.87
   1232.05969    0.9877900      48.91
   1232.06152    0.9885700      48.95
   1232.06323    0.9892400      48.98
   1232.06494    0.9896200      49.00
   1232.06677    0.9895600      49.00
   1232.06848    0.9892300      48.98
   1232.07019    0.9891200      48.98
   1232.07202    0.9894100      48.99
   1232.07373    0.9897500      49.01
   1232.07544    0.9898000      49.01
   1232.07727    0.9897500      49.01
   1232.07898    0.9900500      49.02
   1232.08081    0.9907000      49.05
   1232.08252    0.9912000      49.08
   1232.08423    0.9912700      49.08
   1232.08606    0.9911300      49.07
   1232.08777    0.9910700      49.07
   1232.08948    0.9910500      49.07
   1232.09131    0.9909600      49.07
   1232.09302    0.9908900      49.06
   1232.09473    0.9909200      49.06
   1232.09656    0.9908700      49.06
   1232.09827    0.9905500      49.04
   1232.09998    0.9901800      49.03
   1232.10181    0.9901900      49.03
   1232.10352    0.9905600      49.04
   1232.10535    0.9908600      49.06
   1232.10706    0.9907400      49.05
   1232.10876    0.9903000      49.03
   1232.11060    0.9897500      49.00
   1232.11230    0.9892100      48.98
   1232.11401    0.9887600      48.95
   1232.11584    0.9884600      48.94
   1232.11755    0.9882800      48.93
   1232.11926    0.9880900      48.92
   1232.12109    0.9880000      48.92
   1232.12280    0.9882500      48.93
   1232.12463    0.9887500      48.95
   1232.12634    0.9890500      48.97
   1232.12805    0.9889300      48.96
   1232.12988    0.9888400      48.96
   1232.13159    0.9892400      48.98
   1232.13330    0.9898900      49.01
   1232.13513    0.9900800      49.02
   1232.13684    0.9897100      49.00
   1232.13855    0.9894100      48.98
   1232.14038    0.9896100      48.99
   1232.14209    0.9899300      49.01
   1232.14380    0.9898000      49.00
   1232.14563    0.9893400      48.98
   1232.14734    0.9892200      48.97
   1232.14917    0.9897800      49.00
   1232.15088    0.9906000      49.04
   1232.15259    0.9910700      49.07
   1232.15442    0.9910400      49.06
   1232.15613    0.9909000      49.06
   1232.15784    0.9910600      49.06
   1232.15967    0.9914900      49.09
   1232.16138    0.9918200      49.10
   1232.16309    0.9917500      49.10
   1232.16492    0.9914000      49.08
   1232.16663    0.9910900      49.07
   1232.16833    0.9909200      49.06
   1232.17017    0.9907300      49.05
   1232.17188    0.9904600      49.03
   1232.17371    0.9903100      49.03
   1232.17542    0.9903200      49.03
   1232.17712    0.9901900      49.02
   1232.17896    0.9896100      48.99
   1232.18066    0.9888500      48.95
   1232.18237    0.9884800      48.93
   1232.18420    0.9886300      48.94
   1232.18591    0.9888800      48.95
   1232.18762    0.9889400      48.96
   1232.18945    0.9890100      48.96
   1232.19116    0.9893400      48.98
   1232.19299    0.9897600      49.00
   1232.19470    0.9900000      49.01
   1232.19641    0.9901000      49.01
   1232.19824    0.9901900      49.02
   1232.19995    0.9901800      49.02
   1232.20166    0.9899100      49.00
   1232.20349    0.9896500      48.99
   1232.20520    0.9897800      49.00
   1232.20691    0.9901900      49.02
   1232.20874    0.9903100      49.02
   1232.21045    0.9900500      49.01
   1232.21216    0.9899600      49.01
   1232.21399    0.9904800      49.03
   1232.21570    0.9912200      49.07
   1232.21753    0.9915400      49.08
   1232.21924    0.9914800      49.08
   1232.22095    0.9915100      49.08
   1232.22278    0.9916500      49.09
   1232.22449    0.9913600      49.07
   1232.22620    0.9904000      49.03
   1232.22803    0.9893400      48.97
   1232.22974    0.9887400      48.94
   1232.23145    0.9884800      48.93
   1232.23328    0.9879700      48.91
   1232.23499    0.9871200      48.86
   1232.23682    0.9863500      48.82
   1232.23853    0.9858800      48.80
   1232.24023    0.9854000      48.78
   1232.24207    0.9845500      48.74
   1232.24377    0.9835300      48.68
   1232.24548    0.9828600      48.65
   1232.24731    0.9827300      48.64
   1232.24902    0.9828600      48.65
   1232.25073    0.9829800      48.66
   1232.25256    0.9832700      48.67
   1232.25427    0.9840400      48.71
   1232.25610    0.9851900      48.77
   1232.25781    0.9861900      48.82
   1232.25952    0.9866800      48.84
   1232.26135    0.9867600      48.84
   1232.26306    0.9867100      48.84
   1232.26477    0.9865500      48.83
   1232.26660    0.9861700      48.81
   1232.26831    0.9856800      48.79
   1232.27002    0.9852800      48.77
   1232.27185    0.9849100      48.75
   1232.27356    0.9841700      48.71
   1232.27539    0.9829800      48.65
   1232.27710    0.9817000      48.59
   1232.27881    0.9805800      48.54
   1232.28064    0.9792000      48.47
   1232.28235    0.9768800      48.35
   1232.28406    0.9734900      48.18
   1232.28589    0.9695100      47.99
   1232.28760    0.9651500      47.77
   1232.28931    0.9599000      47.51
   1232.29114    0.9531300      47.18
   1232.29285    0.9447900      46.76
   1232.29468    0.9355200      46.30
   1232.29639    0.9262400      45.84
   1232.29810    0.9182300      45.45
   1232.29993    0.9132900      45.20
   1232.30164    0.9132400      45.20
   1232.30334    0.9184800      45.46
   1232.30518    0.9273200      45.90
   1232.30688    0.9370100      46.38
   1232.30859    0.9457000      46.81
   1232.31042    0.9532600      47.18
   1232.31213    0.9601600      47.52
   1232.31396    0.9661700      47.82
   1232.31567    0.9706200      48.04
   1232.31738    0.9736200      48.19
   1232.31921    0.9761400      48.31
   1232.32092    0.9786700      48.44
   1232.32263    0.9806000      48.53
   1232.32446    0.9814500      48.58
   1232.32617    0.9819400      48.60
   1232.32788    0.9830200      48.65
   1232.32971    0.9843800      48.72
   1232.33142    0.9849300      48.75
   1232.33325    0.9846900      48.73
   1232.33496    0.9848400      48.74
   1232.33667    0.9858300      48.79
   1232.33850    0.9865200      48.82
   1232.34021    0.9860500      48.80
   1232.34192    0.9853200      48.77
   1232.34375    0.9856600      48.78
   1232.34546    0.9867500      48.84
   1232.34717    0.9873300      48.86
   1232.34900    0.9872400      48.86
   1232.35071    0.9873300      48.86
   1232.35254    0.9874500      48.87
   1232.35425    0.9861500      48.81
   1232.35596    0.9827600      48.64
   1232.35779    0.9787400      48.44
   1232.35950    0.9762600      48.32
   1232.36121    0.9763700      48.32
   1232.36304    0.9786900      48.44
   1232.36475    0.9813400      48.57
   1232.36646    0.9807500      48.54
   1232.36829    0.9739200      48.20
   1232.37000    0.9626800      47.64
   1232.37183    0.9545500      47.24
   1232.37354    0.9563300      47.33
   1232.37524    0.9669300      47.85
   1232.37708    0.9784900      48.42
   1232.37878    0.9848200      48.74
   1232.38049    0.9865400      48.82
   1232.38232    0.9875400      48.87
   1232.38403    0.9891300      48.95
   1232.38574    0.9899400      48.99
   1232.38757    0.9895000      48.97
   1232.38928    0.9891300      48.95
   1232.39111    0.9894900      48.97
   1232.39282    0.9897000      48.98
   1232.39453    0.9892800      48.96
   1232.39636    0.9891200      48.95
   1232.39807    0.9898700      48.99
   1232.39978    0.9907600      49.03
   1232.40161    0.9909100      49.04
   1232.40332    0.9907000      49.03
   1232.40503    0.9908500      49.03
   1232.40686    0.9909800      49.04
   1232.40857    0.9904400      49.01
   1232.41040    0.9896100      48.97
   1232.41211    0.9895000      48.97
   1232.41382    0.9901100      49.00
   1232.41565    0.9904400      49.01
   1232.41736    0.9901100      49.00
   1232.41907    0.9898100      48.98
   1232.42090    0.9900400      48.99
   1232.42261    0.9902900      49.00
   1232.42432    0.9899400      48.99
   1232.42615    0.9892400      48.95
   1232.42786    0.9888000      48.93
   1232.42969    0.9885900      48.92
   1232.43140    0.9881000      48.90
   1232.43311    0.9872800      48.85
   1232.43494    0.9866600      48.82
   1232.43665    0.9866100      48.82
   1232.43835    0.9868100      48.83
   1232.44019    0.9866800      48.82
   1232.44189    0.9860500      48.79
   1232.44373    0.9852500      48.75
   1232.44543    0.9847500      48.73
   1232.44714    0.9847200      48.73
   1232.44897    0.9848100      48.73
   1232.45068    0.9845600      48.72
   1232.45239    0.9838400      48.68
   1232.45422    0.9829700      48.64
   1232.45593    0.9822800      48.61
   1232.45764    0.9816800      48.58
   1232.45947    0.9808500      48.53
   1232.46118    0.9796600      48.48
   1232.46301    0.9782400      48.40
   1232.46472    0.9766100      48.32
   1232.46643    0.9746000      48.22
   1232.46826    0.9720300      48.10
   1232.46997    0.9688400      47.94
   1232.47168    0.9649000      47.74
   1232.47351    0.9599600      47.50
   1232.47522    0.9538100      47.19
   1232.47693    0.9463600      46.83
   1232.47876    0.9374300      46.38
   1232.48047    0.9267100      45.85
   1232.48230    0.9143100      45.24
   1232.48401    0.9015900      44.61
   1232.48572    0.8912100      44.10
   1232.48755    0.8860100      43.84
   1232.48926    0.8873800      43.91
   1232.49097    0.8945100      44.26
   1232.49280    0.9049700      44.78
   1232.49451    0.9161500      45.33
   1232.49634    0.9264000      45.84
   1232.49805    0.9350500      46.26
   1232.49976    0.9418400      46.60
   1232.50159    0.9465600      46.83
   1232.50330    0.9493100      46.97
   1232.50500    0.9505900      47.03
   1232.50684    0.9510800      47.06
   1232.50854    0.9512300      47.06
   1232.51025    0.9513800      47.07
   1232.51208    0.9519500      47.10
   1232.51379    0.9533000      47.17
   1232.51562    0.9554500      47.27
   1232.51733    0.9581300      47.41
   1232.51904    0.9611800      47.56
   1232.52087    0.9647200      47.73
   1232.52258    0.9686700      47.93
   1232.52429    0.9725600      48.12
   1232.52612    0.9758700      48.28
   1232.52783    0.9785100      48.41
   1232.52966    0.9806600      48.52
   1232.53137    0.9824100      48.61
   1232.53308    0.9836500      48.67
   1232.53491    0.9844500      48.71
   1232.53662    0.9850900      48.74
   1232.53833    0.9857500      48.77
   1232.54016    0.9863900      48.80
   1232.54187    0.9869900      48.83
   1232.54358    0.9877500      48.87
   1232.54541    0.9887000      48.92
   1232.54712    0.9895200      48.96
   1232.54895    0.9898700      48.97
   1232.55066    0.9898700      48.97
   1232.55237    0.9899900      48.98
   1232.55420    0.9904200      49.00
   1232.55591    0.9908400      49.02
   1232.55762    0.9909300      49.02
   1232.55945    0.9907800      49.02
   1232.56116    0.9906500      49.01
   1232.56299    0.9906200      49.01
   1232.56470    0.9906300      49.01
   1232.56641    0.9907200      49.01
   1232.56824    0.9910100      49.03
   1232.56995    0.9913300      49.04
   1232.57166    0.9913800      49.05
   1232.57349    0.9911100      49.03
   1232.57520    0.9908000      49.02
   1232.57690    0.9907100      49.01
   1232.57874    0.9907500      49.01
   1232.58044    0.9907400      49.01
   1232.58228    0.9907800      49.02
   1232.58398    0.9910300      49.03
   1232.58569    0.9914000      49.05
   1232.58752    0.9915500      49.05
   1232.58923    0.9914000      49.05
   1232.59094    0.9911900      49.03
   1232.59277    0.9911200      49.03
   1232.59448    0.9911100      49.03
   1232.59631    0.9910800      49.03
   1232.59802    0.9911900      49.03
   1232.59973    0.9915800      49.05
   1232.60156    0.9920000      49.07
   1232.60327    0.9920700      49.08
   1232.60498    0.9917400      49.06
   1232.60681    0.9914300      49.05
   1232.60852    0.9915000      49.05
   1232.61035    0.9918300      49.06
   1232.61206    0.9921200      49.08
   1232.61377    0.9922000      49.08
   1232.61560    0.9921200      49.08
   1232.61731    0.9919500      49.07
   1232.61902    0.9917900      49.06
   1232.62085    0.9917300      49.06
   1232.62256    0.9917600      49.06
   1232.62427    0.9916400      49.05
   1232.62610    0.9912500      49.03
   1232.62781    0.9908600      49.02
   1232.62964    0.9909000      49.02
   1232.63135    0.9912900      49.04
   1232.63306    0.9914400      49.04
   1232.63489    0.9909400      49.02
   1232.63660    0.9902100      48.98
   1232.63831    0.9899400      48.97
   1232.64014    0.9902300      48.98
   1232.64185    0.9904700      48.99
   1232.64368    0.9901100      48.98
   1232.64539    0.9894000      48.94
   1232.64709    0.9890800      48.93
   1232.64893    0.9894800      48.95
   1232.65063    0.9901900      48.98
   1232.65234    0.9906000      49.00
   1232.65417    0.9906000      49.00
   1232.65588    0.9905500      49.00
   1232.65771    0.9907700      49.01
   1232.65942    0.9911700      49.03
   1232.66113    0.9914200      49.04
   1232.66296    0.9913900      49.04
   1232.66467    0.9912500      49.03
   1232.66638    0.9912400      49.03
   1232.66821    0.9914300      49.04
   1232.66992    0.9916400      49.05
   1232.67163    0.9916500      49.05
   1232.67346    0.9913800      49.04
   1232.67517    0.9908800      49.01
   1232.67700    0.9902900      48.98
   1232.67871    0.9899000      48.96
   1232.68042    0.9899600      48.97
   1232.68225    0.9903900      48.99
   1232.68396    0.9907800      49.01
   1232.68567    0.9907400      49.00
   1232.68750    0.9903500      48.99
   1232.68921    0.9900700      48.97
   1232.69104    0.9900900      48.97
   1232.69275    0.9901000      48.97
   1232.69446    0.9897400      48.95
   1232.69629    0.9891900      48.93
   1232.69800    0.9889000      48.91
   1232.69971    0.9888000      48.91
   1232.70154    0.9882700      48.88
   1232.70325    0.9871300      48.82
   1232.70508    0.9860700      48.77
   1232.70679    0.9859100      48.76
   1232.70850    0.9865300      48.79
   1232.71033    0.9870600      48.82
   1232.71204    0.9869300      48.81
   1232.71375    0.9863000      48.78
   1232.71558    0.9854100      48.74
   1232.71729    0.9841800      48.68
   1232.71912    0.9826000      48.60
   1232.72083    0.9807600      48.51
   1232.72253    0.9783800      48.39
   1232.72437    0.9747100      48.21
   1232.72607    0.9694700      47.95
   1232.72778    0.9628300      47.62
   1232.72961    0.9539200      47.18
   1232.73132    0.9404100      46.51
   1232.73315    0.9216400      45.58
   1232.73486    0.9023900      44.63
   1232.73657    0.8915200      44.09
   1232.73840    0.8949600      44.26
   1232.74011    0.9104000      45.03
   1232.74182    0.9295300      45.97
   1232.74365    0.9453300      46.75
   1232.74536    0.9562600      47.29
   1232.74719    0.9642200      47.69
   1232.74890    0.9705500      48.00
   1232.75061    0.9750400      48.22
   1232.75244    0.9774900      48.34
   1232.75415    0.9786800      48.40
   1232.75586    0.9796400      48.45
   1232.75769    0.9807700      48.51
   1232.75940    0.9818700      48.56
   1232.76123    0.9826400      48.60
   1232.76294    0.9830100      48.62
   1232.76465    0.9832400      48.63
   1232.76648    0.9836500      48.65
   1232.76819    0.9843000      48.68
   1232.76990    0.9847800      48.70
   1232.77173    0.9847800      48.70
   1232.77344    0.9845200      48.69
   1232.77515    0.9846200      48.69
   1232.77698    0.9853300      48.73
   1232.77869    0.9863300      48.78
   1232.78052    0.9871800      48.82
   1232.78223    0.9876800      48.85
   1232.78394    0.9878300      48.85
   1232.78577    0.9877100      48.85
   1232.78748    0.9876500      48.84
   1232.78918    0.9879800      48.86
   1232.79102    0.9886400      48.89
   1232.79272    0.9890900      48.91
   1232.79456    0.9889600      48.91
   1232.79626    0.9885600      48.89
   1232.79797    0.9884100      48.88
   1232.79980    0.9885800      48.89
   1232.80151    0.9887200      48.89
   1232.80322    0.9887000      48.89
   1232.80505    0.9887700      48.90
   1232.80676    0.9890700      48.91
   1232.80859    0.9893400      48.92
   1232.81030    0.9892900      48.92
   1232.81201    0.9891000      48.91
   1232.81384    0.9892100      48.92
   1232.81555    0.9897000      48.94
   1232.81726    0.9901500      48.96
   1232.81909    0.9901800      48.97
   1232.82080    0.9899300      48.95
   1232.82263    0.9898700      48.95
   1232.82434    0.9901700      48.96
   1232.82605    0.9904600      48.98
   1232.82788    0.9903400      48.97
   1232.82959    0.9899000      48.95
   1232.83130    0.9896500      48.94
   1232.83313    0.9898400      48.95
   1232.83484    0.9901900      48.96
   1232.83667    0.9903000      48.97
   1232.83838    0.9901300      48.96
   1232.84009    0.9899100      48.95
   1232.84192    0.9897300      48.94
   1232.84363    0.9894400      48.93
   1232.84534    0.9890000      48.91
   1232.84717    0.9886600      48.89
   1232.84888    0.9886100      48.89
   1232.85071    0.9887100      48.89
   1232.85242    0.9887100      48.89
   1232.85413    0.9884800      48.88
   1232.85596    0.9880800      48.86
   1232.85767    0.9875600      48.83
   1232.85938    0.9868900      48.80
   1232.86121    0.9860600      48.76
   1232.86292    0.9850800      48.71
   1232.86475    0.9839600      48.65
   1232.86646    0.9827500      48.59
   1232.86816    0.9814500      48.53
   1232.87000    0.9800200      48.46
   1232.87170    0.9783600      48.38
   1232.87354    0.9764800      48.28
   1232.87524    0.9744600      48.18
   1232.87695    0.9722900      48.08
   1232.87878    0.9696900      47.95
   1232.88049    0.9665000      47.79
   1232.88220    0.9629900      47.62
   1232.88403    0.9597600      47.46
   1232.88574    0.9572600      47.33
   1232.88757    0.9557100      47.26
   1232.88928    0.9552900      47.23
   1232.89099    0.9560800      47.27
   1232.89282    0.9576600      47.35
   1232.89453    0.9591700      47.43
   1232.89624    0.9600900      47.47
   1232.89807    0.9607400      47.50
   1232.89978    0.9618200      47.56
   1232.90161    0.9635300      47.64
   1232.90332    0.9655100      47.74
   1232.90503    0.9674500      47.83
   1232.90686    0.9693900      47.93
   1232.90857    0.9714200      48.03
   1232.91028    0.9733300      48.12
   1232.91211    0.9749600      48.21
   1232.91382    0.9763800      48.28
   1232.91565    0.9777300      48.34
   1232.91736    0.9788800      48.40
   1232.91907    0.9797000      48.44
   1232.92090    0.9804000      48.47
   1232.92261    0.9813100      48.52
   1232.92432    0.9824100      48.57
   1232.92615    0.9833500      48.62
   1232.92786    0.9839700      48.65
   1232.92969    0.9845300      48.68
   1232.93140    0.9852500      48.71
   1232.93311    0.9859100      48.74
   1232.93494    0.9861900      48.76
   1232.93665    0.9862100      48.76
   1232.93835    0.9864400      48.77
   1232.94019    0.9870500      48.80
   1232.94189    0.9876800      48.83
   1232.94373    0.9879400      48.84
   1232.94543    0.9878700      48.84
   1232.94714    0.9877700      48.84
   1232.94897    0.9877600      48.84
   1232.95068    0.9876900      48.83
   1232.95239    0.9874300      48.82
   1232.95422    0.9870800      48.80
   1232.95593    0.9867400      48.78
   1232.95776    0.9863400      48.76
   1232.95947    0.9856700      48.73
   1232.96118    0.9846200      48.68
   1232.96301    0.9834100      48.62
   1232.96472    0.9824400      48.57
   1232.96655    0.9820900      48.55
   1232.96826    0.9825300      48.57
   1232.96997    0.9836100      48.63
   1232.97180    0.9849300      48.69
   1232.97351    0.9860500      48.75
   1232.97522    0.9868000      48.79
   1232.97705    0.9872500      48.81
   1232.97876    0.9876100      48.83
   1232.98059    0.9880300      48.85
   1232.98230    0.9886600      48.88
   1232.98401    0.9894400      48.92
   1232.98584    0.9901400      48.95
   1232.98755    0.9904400      48.96
   1232.98926    0.9903100      48.96
   1232.99109    0.9901200      48.95
   1232.99280    0.9901800      48.95
   1232.99463    0.9903000      48.96
   1232.99634    0.9900300      48.94
   1232.99805    0.9893900      48.91
   1232.99988    0.9889600      48.89
   1233.00159    0.9890700      48.90
   1233.00330    0.9893800      48.91
   1233.00513    0.9893800      48.91
   1233.00684    0.9890400      48.89
   1233.00867    0.9887200      48.88
   1233.01038    0.9885500      48.87
   1233.01208    0.9883200      48.86
   1233.01392    0.9879400      48.84
   1233.01562    0.9875200      48.82
   1233.01746    0.9870900      48.80
   1233.01917    0.9865400      48.77
   1233.02087    0.9858900      48.74
   1233.02271    0.9852500      48.70
   1233.02441    0.9845500      48.67
   1233.02612    0.9835800      48.62
   1233.02795    0.9824600      48.57
   1233.02966    0.9815000      48.52
   1233.03149    0.9805200      48.47
   1233.03320    0.9789300      48.39
   1233.03491    0.9766000      48.28
   1233.03674    0.9741000      48.15
   1233.03845    0.9716100      48.03
   1233.04016    0.9684500      47.87
   1233.04199    0.9642100      47.66
   1233.04370    0.9594300      47.43
   1233.04553    0.9539600      47.16
   1233.04724    0.9458000      46.75
   1233.04895    0.9328500      46.11
   1233.05078    0.9150400      45.23
   1233.05249    0.8922900      44.11
   1233.05420    0.8609400      42.56
   1233.05603    0.8170700      40.39
   1233.05774    0.7663300      37.88
   1233.05957    0.7273900      35.96
   1233.06128    0.7200500      35.59
   1233.06299    0.7481200      36.98
   1233.06482    0.7961000      39.35
   1233.06653    0.8434400      41.69
   1233.06836    0.8797300      43.49
   1233.07007    0.9060600      44.79
   1233.07178    0.9262400      45.78
   1233.07361    0.9412500      46.53
   1233.07532    0.9511300      47.01
   1233.07703    0.9576200      47.33
   1233.07886    0.9627700      47.59
   1233.08057    0.9669600      47.80
   1233.08240    0.9697500      47.93
   1233.08411    0.9715000      48.02
   1233.08582    0.9729500      48.09
   1233.08765    0.9740800      48.15
   1233.08936    0.9745000      48.17
   1233.09119    0.9745200      48.17
   1233.09290    0.9747200      48.18
   1233.09460    0.9750100      48.19
   1233.09644    0.9749000      48.19
   1233.09814    0.9746100      48.17
   1233.09985    0.9748400      48.18
   1233.10168    0.9756200      48.22
   1233.10339    0.9762600      48.25
   1233.10522    0.9764600      48.26
   1233.10693    0.9766800      48.27
   1233.10864    0.9773000      48.30
   1233.11047    0.9780300      48.34
   1233.11218    0.9785500      48.37
   1233.11389    0.9789900      48.39
   1233.11572    0.9795800      48.42
   1233.11743    0.9802400      48.45
   1233.11926    0.9808700      48.48
   1233.12097    0.9816500      48.52
   1233.12268    0.9826900      48.57
   1233.12451    0.9837400      48.62
   1233.12622    0.9846500      48.67
   1233.12805    0.9856100      48.71
   1233.12976    0.9866500      48.77
   1233.13147    0.9872500      48.79
   1233.13330    0.9870900      48.79
   1233.13501    0.9867400      48.77
   1233.13672    0.9870000      48.78
   1233.13855    0.9876800      48.82
   1233.14026    0.9878300      48.82
   1233.14209    0.9872200      48.79
   1233.14380    0.9867100      48.77
   1233.14551    0.9869200      48.78
   1233.14734    0.9872900      48.80
   1233.14905    0.9869500      48.78
   1233.15088    0.9859900      48.73
   1233.15259    0.9852400      48.69
   1233.15430    0.9849000      48.68
   1233.15613    0.9843400      48.65
   1233.15784    0.9831300      48.59
   1233.15955    0.9816100      48.51
   1233.16138    0.9801200      48.44
   1233.16309    0.9783200      48.35
   1233.16492    0.9757700      48.22
   1233.16663    0.9730000      48.09
   1233.16833    0.9713500      48.01
   1233.17017    0.9716800      48.02
   1233.17188    0.9736300      48.12
   1233.17358    0.9760600      48.24
   1233.17542    0.9780300      48.34
   1233.17712    0.9792900      48.40
   1233.17896    0.9799500      48.43
   1233.18066    0.9802000      48.44
   1233.18237    0.9801900      48.44
   1233.18420    0.9799500      48.43
   1233.18591    0.9793300      48.40
   1233.18774    0.9781200      48.34
   1233.18945    0.9763600      48.25
   1233.19116    0.9743300      48.15
   1233.19299    0.9722000      48.05
   1233.19470    0.9697700      47.93
   1233.19641    0.9667400      47.78
   1233.19824    0.9633100      47.61
   1233.19995    0.9601400      47.45
   1233.20178    0.9578200      47.33
   1233.20349    0.9565000      47.27
   1233.20520    0.9560800      47.25
   1233.20703    0.9565600      47.27
   1233.20874    0.9580100      47.34
   1233.21057    0.9603700      47.46
   1233.21228    0.9634300      47.61
   1233.21399    0.9670200      47.79
   1233.21582    0.9708700      47.98
   1233.21753    0.9744700      48.16
   1233.21924    0.9774000      48.30
   1233.22107    0.9798000      48.42
   1233.22278    0.9821900      48.54
   1233.22461    0.9846600      48.66
   1233.22632    0.9866100      48.76
   1233.22803    0.9875200      48.80
   1233.22986    0.9877400      48.81
   1233.23157    0.9880800      48.83
   1233.23340    0.9888600      48.87
   1233.23511    0.9896400      48.90
   1233.23682    0.9899400      48.92
   1233.23865    0.9898300      48.91
   1233.24036    0.9897300      48.91
   1233.24207    0.9898300      48.91
   1233.24390    0.9899700      48.92
   1233.24561    0.9900000      48.92
   1233.24744    0.9898700      48.91
   1233.24915    0.9896400      48.90
   1233.25085    0.9894000      48.89
   1233.25269    0.9892700      48.88
   1233.25439    0.9893100      48.89
   1233.25623    0.9893400      48.89
   1233.25793    0.9891800      48.88
   1233.25964    0.9889500      48.87
   1233.26147    0.9889000      48.87
   1233.26318    0.9889600      48.87
   1233.26489    0.9886300      48.85
   1233.26672    0.9875000      48.80
   1233.26843    0.9858100      48.71
   1233.27026    0.9842200      48.63
   1233.27197    0.9832400      48.58
   1233.27368    0.9827400      48.56
   1233.27551    0.9822200      48.53
   1233.27722    0.9812200      48.48
   1233.27905    0.9796600      48.41
   1233.28076    0.9777700      48.31
   1233.28247    0.9758100      48.22
   1233.28430    0.9738500      48.12
   1233.28601    0.9718200      48.02
   1233.28772    0.9696800      47.91
   1233.28955    0.9676700      47.81
   1233.29126    0.9661300      47.74
   1233.29309    0.9653600      47.70
   1233.29480    0.9653200      47.70
   1233.29651    0.9657600      47.72
   1233.29834    0.9665000      47.76
   1233.30005    0.9676700      47.81
   1233.30188    0.9694800      47.90
   1233.30359    0.9718900      48.02
   1233.30530    0.9744400      48.15
   1233.30713    0.9766800      48.26
   1233.30884    0.9785500      48.35
   1233.31067    0.9803800      48.44
   1233.31238    0.9823100      48.54
   1233.31409    0.9840400      48.62
   1233.31592    0.9852000      48.68
   1233.31763    0.9858700      48.71
   1233.31934    0.9865600      48.74
   1233.32117    0.9876000      48.80
   1233.32288    0.9886900      48.85
   1233.32471    0.9892800      48.88
   1233.32642    0.9892700      48.88
   1233.32812    0.9891200      48.87
   1233.32996    0.9893000      48.88
   1233.33167    0.9897100      48.90
   1233.33350    0.9898400      48.91
   1233.33521    0.9895000      48.89
   1233.33691    0.9891000      48.87
   1233.33875    0.9890400      48.87
   1233.34045    0.9890900      48.87
   1233.34216    0.9887000      48.85
   1233.34399    0.9878300      48.81
   1233.34570    0.9871000      48.77
   1233.34753    0.9870100      48.76
   1233.34924    0.9872600      48.78
   1233.35095    0.9872000      48.77
   1233.35278    0.9867100      48.75
   1233.35449    0.9862800      48.73
   1233.35632    0.9863300      48.73
   1233.35803    0.9867700      48.75
   1233.35974    0.9873500      48.78
   1233.36157    0.9880000      48.81
   1233.36328    0.9886300      48.84
   1233.36511    0.9889800      48.86
   1233.36682    0.9889300      48.86
   1233.36853    0.9887600      48.85
   1233.37036    0.9888300      48.85
   1233.37207    0.9891400      48.87
   1233.37378    0.9893500      48.88
   1233.37561    0.9892700      48.87
   1233.37732    0.9890900      48.86
   1233.37915    0.9890100      48.86
   1233.38086    0.9890500      48.86
   1233.38257    0.9891400      48.87
   1233.38440    0.9892000      48.87
   1233.38611    0.9891500      48.87
   1233.38794    0.9889000      48.85
   1233.38965    0.9885000      48.83
   1233.39136    0.9881900      48.82
   1233.39319    0.9881200      48.82
   1233.39490    0.9881500      48.82
   1233.39673    0.9880600      48.81
   1233.39844    0.9879000      48.80
   1233.40015    0.9878900      48.80
   1233.40198    0.9881300      48.82
   1233.40369    0.9883900      48.83
   1233.40540    0.9883300      48.83
   1233.40723    0.9877200      48.79
   1233.40894    0.9866100      48.74
   1233.41077    0.9852200      48.67
   1233.41248    0.9836500      48.59
   1233.41418    0.9817800      48.50
   1233.41602    0.9795900      48.39
   1233.41772    0.9775300      48.29
   1233.41956    0.9764000      48.23
   1233.42126    0.9766000      48.24
   1233.42297    0.9775800      48.29
   1233.42480    0.9783900      48.33
   1233.42651    0.9785700      48.34
   1233.42834    0.9783300      48.33
   1233.43005    0.9779500      48.31
   1233.43176    0.9773300      48.28
   1233.43359    0.9763800      48.23
   1233.43530    0.9753800      48.18
   1233.43701    0.9746500      48.15
   1233.43884    0.9739800      48.11
   1233.44055    0.9729500      48.06
   1233.44238    0.9715100      47.99
   1233.44409    0.9700500      47.92
   1233.44580    0.9687500      47.85
   1233.44763    0.9672900      47.78
   1233.44934    0.9653000      47.68
   1233.45117    0.9629400      47.57
   1233.45288    0.9607000      47.46
   1233.45459    0.9589200      47.37
   1233.45642    0.9576600      47.31
   1233.45813    0.9571300      47.28
   1233.45996    0.9576700      47.31
   1233.46167    0.9593400      47.39
   1233.46338    0.9616200      47.50
   1233.46521    0.9638700      47.61
   1233.46692    0.9659600      47.71
   1233.46863    0.9682500      47.83
   1233.47046    0.9709000      47.96
   1233.47217    0.9735600      48.09
   1233.47400    0.9757700      48.20
   1233.47571    0.9775200      48.29
   1233.47742    0.9792300      48.37
   1233.47925    0.9810600      48.46
   1233.48096    0.9825700      48.53
   1233.48279    0.9832500      48.57
   1233.48450    0.9832000      48.56
   1233.48621    0.9831000      48.56
   1233.48804    0.9834800      48.58
   1233.48975    0.9841900      48.61
   1233.49158    0.9846800      48.64
   1233.49329    0.9846200      48.63
   1233.49500    0.9842000      48.61
   1233.49683    0.9838400      48.60
   1233.49854    0.9837500      48.59
   1233.50037    0.9838400      48.60
   1233.50208    0.9839400      48.60
   1233.50378    0.9839900      48.60
   1233.50562    0.9840500      48.61
   1233.50732    0.9841500      48.61
   1233.50903    0.9842300      48.61
   1233.51086    0.9842400      48.61
   1233.51257    0.9842800      48.62
   1233.51440    0.9844300      48.62
   1233.51611    0.9844400      48.62
   1233.51782    0.9838700      48.60
   1233.51965    0.9826900      48.54
   1233.52136    0.9815300      48.48
   1233.52319    0.9810800      48.46
   1233.52490    0.9811800      48.46
   1233.52661    0.9810100      48.45
   1233.52844    0.9802300      48.41
   1233.53015    0.9793400      48.37
   1233.53198    0.9788400      48.35
   1233.53369    0.9783300      48.32
   1233.53540    0.9771400      48.26
   1233.53723    0.9754900      48.18
   1233.53894    0.9743500      48.12
   1233.54077    0.9739900      48.11
   1233.54248    0.9734800      48.08
   1233.54419    0.9719600      48.00
   1233.54602    0.9699600      47.91
   1233.54773    0.9686300      47.84
   1233.54944    0.9682800      47.82
   1233.55127    0.9681200      47.81
   1233.55298    0.9676400      47.79
   1233.55481    0.9672000      47.77
   1233.55652    0.9671300      47.77
   1233.55823    0.9669600      47.76
   1233.56006    0.9661800      47.72
   1233.56177    0.9652300      47.67
   1233.56360    0.9650600      47.66
   1233.56531    0.9657400      47.70
   1233.56702    0.9663900      47.73
   1233.56885    0.9664200      47.73
   1233.57056    0.9663200      47.72
   1233.57239    0.9668600      47.75
   1233.57410    0.9680300      47.81
   1233.57581    0.9692300      47.87
   1233.57764    0.9701000      47.91
   1233.57935    0.9709000      47.95
   1233.58118    0.9719900      48.00
   1233.58289    0.9733600      48.07
   1233.58459    0.9748000      48.14
   1233.58643    0.9760900      48.21
   1233.58813    0.9770400      48.25
   1233.58997    0.9776500      48.28
   1233.59167    0.9781800      48.31
   1233.59338    0.9789900      48.35
   1233.59521    0.9800800      48.40
   1233.59692    0.9809800      48.45
   1233.59863    0.9813000      48.46
   1233.60046    0.9812100      48.46
   1233.60217    0.9813000      48.46
   1233.60400    0.9818400      48.49
   1233.60571    0.9825300      48.52
   1233.60742    0.9828300      48.54
   1233.60925    0.9826200      48.53
   1233.61096    0.9822400      48.51
   1233.61279    0.9819500      48.49
   1233.61450    0.9816400      48.48
   1233.61621    0.9810100      48.45
   1233.61804    0.9801000      48.40
   1233.61975    0.9793500      48.36
   1233.62158    0.9790700      48.35
   1233.62329    0.9790500      48.35
   1233.62500    0.9788600      48.34
   1233.62683    0.9785100      48.32
   1233.62854    0.9784700      48.32
   1233.63037    0.9790100      48.35
   1233.63208    0.9797200      48.38
   1233.63379    0.9799900      48.39
   1233.63562    0.9798800      48.39
   1233.63733    0.9800100      48.39
   1233.63916    0.9807600      48.43
   1233.64087    0.9816600      48.48
   1233.64258    0.9820200      48.49
   1233.64441    0.9818000      48.48
   1233.64612    0.9815900      48.47
   1233.64783    0.9818000      48.48
   1233.64966    0.9821400      48.50
   1233.65137    0.9820600      48.49
   1233.65320    0.9816200      48.47
   1233.65491    0.9815000      48.47
   1233.65662    0.9821400      48.50
   1233.65845    0.9831000      48.55
   1233.66016    0.9835300      48.57
   1233.66199    0.9831900      48.55
   1233.66370    0.9827500      48.53
   1233.66541    0.9829200      48.54
   1233.66724    0.9836200      48.57
   1233.66895    0.9841400      48.60
   1233.67078    0.9841200      48.59
   1233.67249    0.9839800      48.59
   1233.67419    0.9843500      48.61
   1233.67603    0.9852400      48.65
   1233.67773    0.9861800      48.70
   1233.67957    0.9868800      48.73
   1233.68127    0.9875100      48.76
   1233.68298    0.9882500      48.80
   1233.68481    0.9889100      48.83
   1233.68652    0.9891600      48.84
   1233.68835    0.9889900      48.83
   1233.69006    0.9886800      48.82
   1233.69177    0.9884400      48.81
   1233.69360    0.9881500      48.79
   1233.69531    0.9877500      48.77
   1233.69714    0.9874200      48.76
   1233.69885    0.9873500      48.75
   1233.70056    0.9874900      48.76
   1233.70239    0.9876900      48.77
   1233.70410    0.9879100      48.78
   1233.70593    0.9882200      48.79
   1233.70764    0.9884200      48.80
   1233.70935    0.9881500      48.79
   1233.71118    0.9875100      48.76
   1233.71289    0.9870700      48.74
   1233.71472    0.9872100      48.74
   1233.71643    0.9875300      48.76
   1233.71814    0.9872600      48.75
   1233.71997    0.9862800      48.70
   1233.72168    0.9851900      48.64
   1233.72351    0.9844900      48.61
   1233.72522    0.9839100      48.58
   1233.72693    0.9829500      48.53
   1233.72876    0.9816900      48.47
   1233.73047    0.9806100      48.42
   1233.73218    0.9799200      48.38
   1233.73401    0.9792800      48.35
   1233.73572    0.9784300      48.31
   1233.73755    0.9775600      48.27
   1233.73926    0.9770700      48.24
   1233.74097    0.9770800      48.24
   1233.74280    0.9774800      48.26
   1233.74451    0.9781900      48.30
   1233.74634    0.9792100      48.35
   1233.74805    0.9804400      48.41
   1233.74976    0.9816900      48.47
   1233.75159    0.9828100      48.52
   1233.75330    0.9837800      48.57
   1233.75513    0.9845700      48.61
   1233.75684    0.9852000      48.64
   1233.75854    0.9858400      48.67
   1233.76038    0.9866300      48.71
   1233.76208    0.9874400      48.75
   1233.76392    0.9879100      48.77
   1233.76562    0.9879400      48.78
   1233.76733    0.9878700      48.77
   1233.76917    0.9881200      48.78
   1233.77087    0.9886300      48.81
   1233.77271    0.9889500      48.82
   1233.77441    0.9888200      48.82
   1233.77612    0.9885200      48.80
   1233.77795    0.9885000      48.80
   1233.77966    0.9887700      48.82
   1233.78149    0.9889100      48.82
   1233.78320    0.9885600      48.80
   1233.78491    0.9878800      48.77
   1233.78674    0.9873700      48.75
   1233.78845    0.9873300      48.74
   1233.79028    0.9876900      48.76
   1233.79199    0.9882000      48.79
   1233.79370    0.9887000      48.81
   1233.79553    0.9890500      48.83
   1233.79724    0.9890000      48.83
   1233.79907    0.9885100      48.80
   1233.80078    0.9878600      48.77
   1233.80249    0.9874500      48.75
   1233.80432    0.9872200      48.74
   1233.80603    0.9866800      48.71
   1233.80786    0.9855300      48.65
   1233.80957    0.9842000      48.59
   1233.81128    0.9834400      48.55
   1233.81311    0.9835900      48.56
   1233.81482    0.9842300      48.59
   1233.81665    0.9847800      48.62
   1233.81836    0.9849700      48.62
   1233.82007    0.9850100      48.63
   1233.82190    0.9852300      48.64
   1233.82361    0.9858000      48.67
   1233.82544    0.9866500      48.71
   1233.82715    0.9874600      48.75
   1233.82886    0.9880100      48.77
   1233.83069    0.9883500      48.79
   1233.83240    0.9887200      48.81
   1233.83423    0.9891900      48.83
   1233.83594    0.9894300      48.84
   1233.83765    0.9892300      48.83
   1233.83948    0.9888800      48.82
   1233.84119    0.9889600      48.82
   1233.84302    0.9895800      48.85
   1233.84473    0.9901900      48.88
   1233.84644    0.9902300      48.88
   1233.84827    0.9897800      48.86
   1233.84998    0.9893900      48.84
   1233.85181    0.9894700      48.84
   1233.85352    0.9898600      48.86
   1233.85522    0.9901500      48.88
   1233.85706    0.9901100      48.88
   1233.85876    0.9897700      48.86
   1233.86060    0.9893100      48.84
   1233.86230    0.9889200      48.82
   1233.86401    0.9886900      48.80
   1233.86584    0.9886100      48.80
   1233.86755    0.9885600      48.80
   1233.86938    0.9884900      48.79
   1233.87109    0.9884600      48.79
   1233.87280    0.9885400      48.80
   1233.87463    0.9887800      48.81
   1233.87634    0.9892200      48.83
   1233.87817    0.9898600      48.86
   1233.87988    0.9904800      48.89
   1233.88159    0.9907200      48.90
   1233.88342    0.9904600      48.89
   1233.88513    0.9901100      48.87
   1233.88696    0.9901700      48.88
   1233.88867    0.9906700      48.90
   1233.89038    0.9911600      48.92
   1233.89221    0.9912400      48.93
   1233.89392    0.9909900      48.92
   1233.89575    0.9906600      48.90
   1233.89746    0.9903900      48.89
   1233.89917    0.9902300      48.88
   1233.90100    0.9903100      48.88
   1233.90271    0.9906600      48.90
   1233.90454    0.9909500      48.91
   1233.90625    0.9907500      48.90
   1233.90796    0.9901000      48.87
   1233.90979    0.9894900      48.84
   1233.91150    0.9892100      48.83
   1233.91333    0.9890100      48.82
   1233.91504    0.9885700      48.79
   1233.91675    0.9879900      48.77
   1233.91858    0.9875800      48.75
   1233.92029    0.9873700      48.73
   1233.92212    0.9870800      48.72
   1233.92383    0.9865400      48.69
   1233.92554    0.9859300      48.66
   1233.92737    0.9855500      48.64
   1233.92908    0.9856500      48.65
   1233.93091    0.9863000      48.68
   1233.93262    0.9873400      48.73
   1233.93433    0.9883700      48.78
   1233.93616    0.9890300      48.82
   1233.93787    0.9893600      48.83
   1233.93970    0.9896400      48.84
   1233.94141    0.9899800      48.86
   1233.94312    0.9901300      48.87
   1233.94495    0.9900700      48.87
   1233.94666    0.9901200      48.87
   1233.94849    0.9905300      48.89
   1233.95020    0.9910200      48.91
   1233.95190    0.9910700      48.91
   1233.95374    0.9905900      48.89
   1233.95544    0.9899700      48.86
   1233.95728    0.9895300      48.84
   1233.95898    0.9892000      48.82
   1233.96069    0.9888700      48.81
   1233.96252    0.9885200      48.79
   1233.96423    0.9881800      48.77
   1233.96606    0.9878500      48.75
   1233.96777    0.9877400      48.75
   1233.96948    0.9881400      48.77
   1233.97131    0.9889600      48.81
   1233.97302    0.9895800      48.84
   1233.97485    0.9895200      48.84
   1233.97656    0.9890500      48.81
   1233.97827    0.9888700      48.80
   1233.98010    0.9891800      48.82
   1233.98181    0.9895300      48.84
   1233.98364    0.9894800      48.83
   1233.98535    0.9892100      48.82
   1233.98706    0.9891700      48.82
   1233.98889    0.9894500      48.83
   1233.99060    0.9896800      48.84
   1233.99243    0.9895100      48.83
   1233.99414    0.9890800      48.81
   1233.99585    0.9888700      48.80
   1233.99768    0.9891800      48.82
   1233.99939    0.9896900      48.84
   1234.00122    0.9898200      48.85
   1234.00293    0.9894600      48.83
   1234.00464    0.9891700      48.82
   1234.00647    0.9894400      48.83
   1234.00818    0.9900000      48.86
   1234.01001    0.9901500      48.86
   1234.01172    0.9897200      48.84
   1234.01343    0.9892700      48.82
   1234.01526    0.9891700      48.82
   1234.01697    0.9890900      48.81
   1234.01880    0.9886000      48.79
   1234.02051    0.9878100      48.75
   1234.02222    0.9870900      48.71
   1234.02405    0.9863500      48.68
   1234.02576    0.9852100      48.62
   1234.02759    0.9836200      48.54
   1234.02930    0.9818700      48.45
   1234.03101    0.9799300      48.36
   1234.03284    0.9773900      48.23
   1234.03455    0.9742200      48.08
   1234.03638    0.9709900      47.92
   1234.03809    0.9681000      47.77
   1234.03979    0.9651600      47.63
   1234.04163    0.9616100      47.45
   1234.04333    0.9575200      47.25
   1234.04517    0.9536000      47.06
   1234.04688    0.9504300      46.90
   1234.04871    0.9483300      46.80
   1234.05042    0.9477000      46.77
   1234.05212    0.9488900      46.82
   1234.05396    0.9517500      46.97
   1234.05566    0.9556100      47.16
   1234.05750    0.9598400      47.36
   1234.05920    0.9642200      47.58
   1234.06091    0.9685800      47.80
   1234.06274    0.9725800      47.99
   1234.06445    0.9759900      48.16
   1234.06628    0.9787900      48.30
   1234.06799    0.9809800      48.41
   1234.06970    0.9823300      48.47
   1234.07153    0.9828700      48.50
   1234.07324    0.9831400      48.51
   1234.07507    0.9836700      48.54
   1234.07678    0.9843800      48.57
   1234.07849    0.9847500      48.59
   1234.08032    0.9846400      48.59
   1234.08203    0.9843600      48.57
   1234.08386    0.9841700      48.56
   1234.08557    0.9840000      48.55
   1234.08728    0.9838500      48.55
   1234.08911    0.9839900      48.55
   1234.09082    0.9845100      48.58
   1234.09265    0.9850300      48.60
   1234.09436    0.9851500      48.61
   1234.09607    0.9849200      48.60
   1234.09790    0.9846000      48.58
   1234.09961    0.9842200      48.56
   1234.10144    0.9836400      48.54
   1234.10315    0.9830700      48.51
   1234.10486    0.9829500      48.50
   1234.10669    0.9834600      48.53
   1234.10840    0.9843100      48.57
   1234.11023    0.9851800      48.61
   1234.11194    0.9860000      48.65
   1234.11365    0.9867900      48.69
   1234.11548    0.9874700      48.72
   1234.11719    0.9880400      48.75
   1234.11902    0.9887000      48.78
   1234.12073    0.9894400      48.82
   1234.12256    0.9899100      48.84
   1234.12427    0.9898900      48.84
   1234.12598    0.9898000      48.84
   1234.12781    0.9901900      48.86
   1234.12952    0.9908500      48.89
   1234.13135    0.9910100      48.90
   1234.13306    0.9904700      48.87
   1234.13477    0.9899700      48.84
   1234.13660    0.9901400      48.85
   1234.13831    0.9905800      48.87
   1234.14014    0.9904300      48.87
   1234.14185    0.9896200      48.83
   1234.14355    0.9890200      48.80
   1234.14539    0.9891800      48.81
   1234.14709    0.9896600      48.83
   1234.14893    0.9896500      48.83
   1234.15063    0.9889700      48.79
   1234.15234    0.9880400      48.75
   1234.15417    0.9871200      48.70
   1234.15588    0.9861000      48.65
   1234.15771    0.9848700      48.59
   1234.15942    0.9835700      48.53
   1234.16113    0.9822200      48.46
   1234.16296    0.9806400      48.38
   1234.16467    0.9787000      48.29
   1234.16650    0.9767900      48.19
   1234.16821    0.9755900      48.13
   1234.16992    0.9756200      48.13
   1234.17175    0.9768400      48.19
   1234.17346    0.9788100      48.29
   1234.17529    0.9809900      48.40
   1234.17700    0.9830400      48.50
   1234.17883    0.9848400      48.59
   1234.18054    0.9863100      48.66
   1234.18225    0.9873600      48.71
   1234.18408    0.9879700      48.74
   1234.18579    0.9882600      48.76
   1234.18762    0.9883800      48.76
   1234.18933    0.9883300      48.76
   1234.19104    0.9880700      48.75
   1234.19287    0.9878000      48.73
   1234.19458    0.9879300      48.74
   1234.19641    0.9886400      48.77
   1234.19812    0.9896500      48.82
   1234.19983    0.9904400      48.86
   1234.20166    0.9907300      48.88
   1234.20337    0.9906300      48.87
   1234.20520    0.9904400      48.86
   1234.20691    0.9903900      48.86
   1234.20862    0.9904700      48.86
   1234.21045    0.9905100      48.87
   1234.21216    0.9902800      48.85
   1234.21399    0.9897800      48.83
   1234.21570    0.9891700      48.80
   1234.21741    0.9885000      48.77
   1234.21924    0.9875800      48.72
   1234.22095    0.9862400      48.65
   1234.22278    0.9846600      48.58
   1234.22449    0.9830600      48.50
   1234.22632    0.9812800      48.41
   1234.22803    0.9788800      48.29
   1234.22974    0.9758000      48.14
   1234.23157    0.9724700      47.97
   1234.23328    0.9692700      47.82
   1234.23511    0.9662500      47.67
   1234.23682    0.9635600      47.53
   1234.23853    0.9618400      47.45
   1234.24036    0.9615500      47.43
   1234.24207    0.9623600      47.47
   1234.24390    0.9635300      47.53
   1234.24561    0.9649700      47.60
   1234.24731    0.9671300      47.71
   1234.24915    0.9701000      47.86
   1234.25085    0.9731700      48.01
   1234.25269    0.9757100      48.13
   1234.25439    0.9778200      48.24
   1234.25610    0.9797800      48.33
   1234.25793    0.9812400      48.40
   1234.25964    0.9816500      48.42
   1234.26147    0.9811300      48.40
   1234.26318    0.9803700      48.36
   1234.26489    0.9796700      48.33
   1234.26672    0.9785200      48.27
   1234.26843    0.9764000      48.16
   1234.27026    0.9732200      48.01
   1234.27197    0.9688400      47.79
   1234.27380    0.9627100      47.49
   1234.27551    0.9543500      47.08
   1234.27722    0.9439200      46.56
   1234.27905    0.9318700      45.97
   1234.28076    0.9180700      45.29
   1234.28259    0.9021300      44.50
   1234.28430    0.8844100      43.63
   1234.28601    0.8663800      42.74
   1234.28784    0.8498700      41.92
   1234.28955    0.8362000      41.25
   1234.29138    0.8263500      40.76
   1234.29309    0.8212400      40.51
   1234.29480    0.8215800      40.53
   1234.29663    0.8274200      40.81
   1234.29834    0.8379800      41.33
   1234.30017    0.8520700      42.03
   1234.30188    0.8682900      42.83
   1234.30371    0.8852100      43.66
   1234.30542    0.9016300      44.47
   1234.30713    0.9167400      45.22
   1234.30896    0.9299300      45.87
   1234.31067    0.9407800      46.40
   1234.31250    0.9494400      46.83
   1234.31421    0.9567200      47.19
   1234.31592    0.9633100      47.51
   1234.31775    0.9689900      47.79
   1234.31946    0.9729400      47.99
   1234.32129    0.9751700      48.10
   1234.32300    0.9769100      48.19
   1234.32471    0.9792500      48.30
   1234.32654    0.9818900      48.43
   1234.32825    0.9837800      48.52
   1234.33008    0.9847200      48.57
   1234.33179    0.9855600      48.61
   1234.33350    0.9868900      48.68
   1234.33533    0.9882300      48.74
   1234.33704    0.9888100      48.77
   1234.33887    0.9887800      48.77
   1234.34058    0.9889000      48.77
   1234.34241    0.9894800      48.80
   1234.34412    0.9900900      48.83
   1234.34583    0.9902800      48.84
   1234.34766    0.9901700      48.84
   1234.34937    0.9900800      48.83
   1234.35120    0.9901200      48.83
   1234.35291    0.9902400      48.84
   1234.35461    0.9904300      48.85
   1234.35645    0.9906700      48.86
   1234.35815    0.9907900      48.87
   1234.35999    0.9906900      48.86
   1234.36169    0.9905800      48.86
   1234.36340    0.9906600      48.86
   1234.36523    0.9908000      48.87
   1234.36694    0.9907300      48.86
   1234.36877    0.9904900      48.85
   1234.37048    0.9903900      48.85
   1234.37231    0.9905600      48.85
   1234.37402    0.9907500      48.86
   1234.37573    0.9906900      48.86
   1234.37756    0.9904100      48.85
   1234.37927    0.9901200      48.83
   1234.38110    0.9898600      48.82
   1234.38281    0.9896000      48.81
   1234.38452    0.9893900      48.80
   1234.38635    0.9893600      48.79
   1234.38806    0.9895000      48.80
   1234.38989    0.9896700      48.81
   1234.39160    0.9898100      48.82
   1234.39331    0.9900000      48.82
   1234.39514    0.9902200      48.84
   1234.39685    0.9902900      48.84
   1234.39868    0.9900900      48.83
   1234.40039    0.9897800      48.81
   1234.40222    0.9896600      48.81
   1234.40393    0.9899000      48.82
   1234.40564    0.9904200      48.84
   1234.40747    0.9909300      48.87
   1234.40918    0.9911800      48.88
   1234.41101    0.9911200      48.88
   1234.41272    0.9909600      48.87
   1234.41443    0.9909200      48.87
   1234.41626    0.9908800      48.87
   1234.41797    0.9906100      48.85
   1234.41980    0.9901300      48.83
   1234.42151    0.9898400      48.81
   1234.42322    0.9899300      48.82
   1234.42505    0.9901000      48.83
   1234.42676    0.9899500      48.82
   1234.42859    0.9895900      48.80
   1234.43030    0.9895200      48.80
   1234.43213    0.9898400      48.81
   1234.43384    0.9900500      48.82
   1234.43555    0.9897800      48.81
   1234.43738    0.9893400      48.79
   1234.43909    0.9893100      48.79
   1234.44092    0.9897700      48.81
   1234.44263    0.9901900      48.83
   1234.44434    0.9902100      48.83
   1234.44617    0.9900400      48.82
   1234.44788    0.9900800      48.82
   1234.44971    0.9903800      48.84
   1234.45142    0.9906300      48.85
   1234.45312    0.9905500      48.85
   1234.45496    0.9901800      48.83
   1234.45667    0.9898300      48.81
   1234.45850    0.9897500      48.81
   1234.46021    0.9898300      48.81
   1234.46204    0.9896500      48.80
   1234.46375    0.9889300      48.77
   1234.46545    0.9879300      48.72
   1234.46729    0.9873500      48.69
   1234.46899    0.9876100      48.70
   1234.47083    0.9883700      48.74
   1234.47253    0.9890100      48.77
   1234.47424    0.9893000      48.78
   1234.47607    0.9895000      48.79
   1234.47778    0.9898000      48.81
   1234.47961    0.9900600      48.82
   1234.48132    0.9900700      48.82
   1234.48315    0.9898700      48.81
   1234.48486    0.9896000      48.80
   1234.48657    0.9892800      48.78
   1234.48840    0.9888900      48.76
   1234.49011    0.9885800      48.75
   1234.49194    0.9884800      48.74
   1234.49365    0.9883500      48.74
   1234.49536    0.9877700      48.71
   1234.49719    0.9866500      48.65
   1234.49890    0.9853200      48.59
   1234.50073    0.9840500      48.52
   1234.50244    0.9827200      48.46
   1234.50415    0.9812300      48.38
   1234.50598    0.9800900      48.33
   1234.50769    0.9800800      48.33
   1234.50952    0.9813900      48.39
   1234.51123    0.9832500      48.48
   1234.51306    0.9846900      48.55
   1234.51477    0.9853900      48.59
   1234.51648    0.9856600      48.60
   1234.51831    0.9857700      48.61
   1234.52002    0.9857000      48.60
   1234.52185    0.9855000      48.59
   1234.52356    0.9854500      48.59
   1234.52527    0.9857700      48.61
   1234.52710    0.9862600      48.63
   1234.52881    0.9866200      48.65
   1234.53064    0.9868500      48.66
   1234.53235    0.9872100      48.68
   1234.53418    0.9877800      48.70
   1234.53589    0.9883400      48.73
   1234.53760    0.9887100      48.75
   1234.53943    0.9889600      48.76
   1234.54114    0.9892100      48.77
   1234.54297    0.9894700      48.79
   1234.54468    0.9896900      48.80
   1234.54639    0.9898300      48.80
   1234.54822    0.9898700      48.81
   1234.54993    0.9897800      48.80
   1234.55176    0.9896500      48.79
   1234.55347    0.9896700      48.80
   1234.55530    0.9899200      48.81
   1234.55701    0.9902000      48.82
   1234.55872    0.9903600      48.83
   1234.56055    0.9904800      48.83
   1234.56226    0.9906600      48.84
   1234.56409    0.9907500      48.85
   1234.56580    0.9905100      48.84
   1234.56750    0.9899900      48.81
   1234.56934    0.9894800      48.78
   1234.57104    0.9890600      48.76
   1234.57288    0.9886500      48.74
   1234.57458    0.9883200      48.73
   1234.57642    0.9882900      48.73
   1234.57812    0.9883900      48.73
   1234.57983    0.9880900      48.72
   1234.58167    0.9871800      48.67
   1234.58337    0.9863100      48.63
   1234.58521    0.9861800      48.62
   1234.58691    0.9866500      48.64
   1234.58862    0.9869200      48.66
   1234.59045    0.9866200      48.64
   1234.59216    0.9861800      48.62
   1234.59399    0.9860500      48.61
   1234.59570    0.9860500      48.61
   1234.59753    0.9857800      48.60
   1234.59924    0.9852100      48.57
   1234.60095    0.9847300      48.55
   1234.60278    0.9845700      48.54
   1234.60449    0.9846500      48.54
   1234.60632    0.9847900      48.55
   1234.60803    0.9849300      48.56
   1234.60974    0.9851800      48.57
   1234.61157    0.9856500      48.59
   1234.61328    0.9862900      48.62
   1234.61511    0.9867300      48.65
   1234.61682    0.9866500      48.64
   1234.61865    0.9862000      48.62
   1234.62036    0.9860000      48.61
   1234.62207    0.9863900      48.63
   1234.62390    0.9870500      48.66
   1234.62561    0.9875500      48.68
   1234.62744    0.9879300      48.70
   1234.62915    0.9883900      48.73
   1234.63086    0.9886700      48.74
   1234.63269    0.9883100      48.72
   1234.63440    0.9875500      48.68
   1234.63623    0.9872200      48.67
   1234.63794    0.9875800      48.69
   1234.63977    0.9879300      48.70
   1234.64148    0.9875900      48.69
   1234.64319    0.9868900      48.65
   1234.64502    0.9866000      48.64
   1234.64673    0.9869100      48.65
   1234.64856    0.9873600      48.67
   1234.65027    0.9876500      48.69
   1234.65198    0.9878500      48.70
   1234.65381    0.9879500      48.70
   1234.65552    0.9876500      48.69
   1234.65735    0.9870000      48.65
   1234.65906    0.9865200      48.63
   1234.66089    0.9865900      48.63
   1234.66260    0.9869900      48.65
   1234.66431    0.9872900      48.67
   1234.66614    0.9873700      48.67
   1234.66785    0.9872700      48.67
   1234.66968    0.9869900      48.65
   1234.67139    0.9865700      48.63
   1234.67310    0.9863400      48.62
   1234.67493    0.9865500      48.63
   1234.67664    0.9870100      48.65
   1234.67847    0.9873600      48.67
   1234.68018    0.9875700      48.68
   1234.68201    0.9878400      48.69
   1234.68372    0.9880200      48.70
   1234.68542    0.9878100      48.69
   1234.68726    0.9873600      48.67
   1234.68896    0.9872900      48.67
   1234.69080    0.9878300      48.69
   1234.69250    0.9884000      48.72
   1234.69421    0.9883600      48.72
   1234.69604    0.9878800      48.69
   1234.69775    0.9876500      48.68
   1234.69958    0.9879300      48.70
   1234.70129    0.9883400      48.72
   1234.70312    0.9884700      48.72
   1234.70483    0.9883600      48.72
   1234.70654    0.9882200      48.71
   1234.70837    0.9880800      48.70
   1234.71008    0.9878200      48.69
   1234.71191    0.9874600      48.67
   1234.71362    0.9871900      48.66
   1234.71545    0.9871400      48.66
   1234.71716    0.9872700      48.66
   1234.71887    0.9873900      48.67
   1234.72070    0.9873000      48.66
   1234.72241    0.9869200      48.65
   1234.72424    0.9864700      48.62
   1234.72595    0.9861900      48.61
   1234.72766    0.9860500      48.60
   1234.72949    0.9856900      48.58
   1234.73120    0.9849500      48.55
   1234.73303    0.9841100      48.51
   1234.73474    0.9835900      48.48
   1234.73657    0.9833800      48.47
   1234.73828    0.9830200      48.45
   1234.73999    0.9821800      48.41
   1234.74182    0.9809600      48.35
   1234.74353    0.9797000      48.29
   1234.74536    0.9785000      48.23
   1234.74707    0.9773000      48.17
   1234.74878    0.9760400      48.11
   1234.75061    0.9747800      48.04
   1234.75232    0.9735900      47.99
   1234.75415    0.9724800      47.93
   1234.75586    0.9713800      47.88
   1234.75769    0.9702400      47.82
   1234.75940    0.9690300      47.76
   1234.76111    0.9678400      47.70
   1234.76294    0.9668500      47.65
   1234.76465    0.9661500      47.62
   1234.76648    0.9656700      47.59
   1234.76819    0.9653100      47.58
   1234.77002    0.9651100      47.57
   1234.77173    0.9651300      47.57
   1234.77344    0.9652500      47.57
   1234.77527    0.9652200      47.57
   1234.77698    0.9649700      47.56
   1234.77881    0.9645400      47.54
   1234.78052    0.9637900      47.50
   1234.78223    0.9624500      47.43
   1234.78406    0.9605800      47.34
   1234.78577    0.9588600      47.26
   1234.78760    0.9580300      47.22
   1234.78931    0.9582400      47.23
   1234.79114    0.9592100      47.27
   1234.79285    0.9608400      47.35
   1234.79456    0.9632800      47.47
   1234.79639    0.9663700      47.63
   1234.79810    0.9693900      47.78
   1234.79993    0.9717200      47.89
   1234.80164    0.9734600      47.98
   1234.80347    0.9751400      48.06
   1234.80518    0.9769000      48.14
   1234.80688    0.9783900      48.22
   1234.80872    0.9794200      48.27
   1234.81042    0.9802900      48.31
   1234.81226    0.9813700      48.36
   1234.81396    0.9826200      48.43
   1234.81580    0.9837200      48.48
   1234.81750    0.9845300      48.52
   1234.81921    0.9851400      48.55
   1234.82104    0.9855900      48.57
   1234.82275    0.9858600      48.58
   1234.82458    0.9861000      48.60
   1234.82629    0.9865300      48.62
   1234.82800    0.9870700      48.64
   1234.82983    0.9872900      48.65
   1234.83154    0.9869500      48.64
   1234.83337    0.9863700      48.61
   1234.83508    0.9860300      48.59
   1234.83691    0.9859900      48.59
   1234.83862    0.9859500      48.59
   1234.84033    0.9857600      48.58
   1234.84216    0.9856500      48.57
   1234.84387    0.9857400      48.58
   1234.84570    0.9857700      48.58
   1234.84741    0.9854700      48.56
   1234.84924    0.9850800      48.54
   1234.85095    0.9850800      48.54
   1234.85266    0.9855700      48.57
   1234.85449    0.9861100      48.59
   1234.85620    0.9863000      48.60
   1234.85803    0.9862500      48.60
   1234.85974    0.9863900      48.61
   1234.86145    0.9868800      48.63
   1234.86328    0.9875100      48.66
   1234.86499    0.9880200      48.69
   1234.86682    0.9883600      48.70
   1234.86853    0.9886500      48.72
   1234.87036    0.9889300      48.73
   1234.87207    0.9891100      48.74
   1234.87378    0.9890500      48.74
   1234.87561    0.9887600      48.72
   1234.87732    0.9885100      48.71
   1234.87915    0.9885700      48.71
   1234.88086    0.9889500      48.73
   1234.88269    0.9892800      48.75
   1234.88440    0.9893200      48.75
   1234.88611    0.9892300      48.75
   1234.88794    0.9892100      48.74
   1234.88965    0.9891200      48.74
   1234.89148    0.9886100      48.71
   1234.89319    0.9876600      48.67
   1234.89502    0.9866200      48.62
   1234.89673    0.9857200      48.57
   1234.89844    0.9848400      48.53
   1234.90027    0.9840100      48.49
   1234.90198    0.9836900      48.47
   1234.90381    0.9842700      48.50
   1234.90552    0.9854400      48.56
   1234.90723    0.9864900      48.61
   1234.90906    0.9870400      48.64
   1234.91077    0.9872400      48.65
   1234.91260    0.9873300      48.65
   1234.91431    0.9873300      48.65
   1234.91614    0.9873000      48.65
   1234.91785    0.9873900      48.65
   1234.91956    0.9874500      48.66
   1234.92139    0.9870800      48.64
   1234.92310    0.9862000      48.59
   1234.92493    0.9853700      48.55
   1234.92664    0.9851800      48.54
   1234.92847    0.9856500      48.57
   1234.93018    0.9863300      48.60
   1234.93188    0.9868900      48.63
   1234.93372    0.9872500      48.64
   1234.93542    0.9872900      48.65
   1234.93726    0.9869500      48.63
   1234.93896    0.9864500      48.60
   1234.94080    0.9861300      48.59
   1234.94250    0.9858900      48.58
   1234.94421    0.9852600      48.55
   1234.94604    0.9841700      48.49
   1234.94775    0.9831900      48.44
   1234.94958    0.9827600      48.42
   1234.95129    0.9825600      48.41
   1234.95312    0.9820100      48.38
   1234.95483    0.9811800      48.34
   1234.95654    0.9807100      48.32
   1234.95837    0.9808800      48.33
   1234.96008    0.9813100      48.35
   1234.96191    0.9817100      48.37
   1234.96362    0.9824100      48.40
   1234.96533    0.9838800      48.48
   1234.96716    0.9858000      48.57
   1234.96887    0.9873100      48.64
   1234.97070    0.9879800      48.68
   1234.97241    0.9881500      48.69
   1234.97424    0.9883300      48.69
   1234.97595    0.9884700      48.70
   1234.97766    0.9882700      48.69
   1234.97949    0.9878000      48.67
   1234.98120    0.9876100      48.66
   1234.98303    0.9880200      48.68
   1234.98474    0.9887100      48.71
   1234.98657    0.9890500      48.73
   1234.98828    0.9888000      48.72
   1234.98999    0.9883200      48.69
   1234.99182    0.9880400      48.68
   1234.99353    0.9880600      48.68
   1234.99536    0.9881100      48.68
   1234.99707    0.9879300      48.67
   1234.99890    0.9875400      48.65
   1235.00061    0.9871300      48.63
   1235.00232    0.9868500      48.62
   1235.00415    0.9866700      48.61
   1235.00586    0.9865000      48.60
   1235.00769    0.9863700      48.59
   1235.00940    0.9864700      48.60
   1235.01123    0.9869400      48.62
   1235.01294    0.9875700      48.65
   1235.01465    0.9880100      48.67
   1235.01648    0.9881400      48.68
   1235.01819    0.9881600      48.68
   1235.02002    0.9882300      48.69
   1235.02173    0.9882400      48.69
   1235.02356    0.9881000      48.68
   1235.02527    0.9880600      48.68
   1235.02698    0.9884300      48.69
   1235.02881    0.9890800      48.73
   1235.03052    0.9895000      48.75
   1235.03235    0.9894600      48.74
   1235.03406    0.9893500      48.74
   1235.03589    0.9896600      48.75
   1235.03760    0.9903000      48.79
   1235.03931    0.9907400      48.81
   1235.04114    0.9907200      48.81
   1235.04285    0.9905300      48.80
   1235.04468    0.9905100      48.80
   1235.04639    0.9906100      48.80
   1235.04822    0.9905000      48.79
   1235.04993    0.9901900      48.78
   1235.05164    0.9900000      48.77
   1235.05347    0.9901500      48.78
   1235.05518    0.9904200      48.79
   1235.05701    0.9904200      48.79
   1235.05872    0.9900600      48.77
   1235.06055    0.9896800      48.75
   1235.06226    0.9896200      48.75
   1235.06396    0.9898400      48.76
   1235.06580    0.9899900      48.77
   1235.06750    0.9899700      48.77
   1235.06934    0.9900000      48.77
   1235.07104    0.9903000      48.78
   1235.07288    0.9906200      48.80
   1235.07458    0.9905600      48.80
   1235.07629    0.9900800      48.77
   1235.07812    0.9895500      48.75
   1235.07983    0.9893200      48.73
   1235.08167    0.9892400      48.73
   1235.08337    0.9889600      48.72
   1235.08521    0.9883600      48.69
   1235.08691    0.9876200      48.65
   1235.08862    0.9869500      48.62
   1235.09045    0.9863400      48.59
   1235.09216    0.9857200      48.56
   1235.09399    0.9850800      48.52
   1235.09570    0.9844800      48.49
   1235.09753    0.9838900      48.46
   1235.09924    0.9832500      48.43
   1235.10095    0.9825400      48.40
   1235.10278    0.9818700      48.37
   1235.10449    0.9814000      48.34
   1235.10632    0.9812200      48.33
   1235.10803    0.9812800      48.34
   1235.10986    0.9814100      48.34
   1235.11157    0.9814800      48.35
   1235.11328    0.9815700      48.35
   1235.11511    0.9818000      48.36
   1235.11682    0.9821900      48.38
   1235.11865    0.9825700      48.40
   1235.12036    0.9828700      48.41
   1235.12219    0.9831200      48.42
   1235.12390    0.9833100      48.43
   1235.12561    0.9832800      48.43
   1235.12744    0.9828700      48.41
   1235.12915    0.9821200      48.38
   1235.13098    0.9812400      48.33
   1235.13269    0.9803800      48.29
   1235.13452    0.9795000      48.25
   1235.13623    0.9784800      48.20
   1235.13794    0.9772100      48.13
   1235.13977    0.9758800      48.07
   1235.14148    0.9749000      48.02
   1235.14331    0.9746200      48.00
   1235.14502    0.9748900      48.02
   1235.14685    0.9751500      48.03
   1235.14856    0.9750400      48.02
   1235.15027    0.9747300      48.01
   1235.15210    0.9745400      48.00
   1235.15381    0.9744300      47.99
   1235.15564    0.9740800      47.98
   1235.15735    0.9733900      47.94
   1235.15918    0.9724200      47.89
   1235.16089    0.9710200      47.83
   1235.16260    0.9687800      47.72
   1235.16443    0.9655300      47.56
   1235.16614    0.9612400      47.34
   1235.16797    0.9555400      47.06
   1235.16968    0.9480100      46.69
   1235.17151    0.9394600      46.27
   1235.17322    0.9324400      45.92
   1235.17493    0.9293900      45.77
   1235.17676    0.9304400      45.83
   1235.17847    0.9335300      45.98
   1235.18030    0.9366200      46.13
   1235.18201    0.9393600      46.26
   1235.18384    0.9423300      46.41
   1235.18555    0.9456600      46.57
   1235.18726    0.9489400      46.74
   1235.18909    0.9519100      46.88
   1235.19080    0.9546200      47.02
   1235.19263    0.9569600      47.13
   1235.19434    0.9587400      47.22
   1235.19617    0.9601000      47.29
   1235.19788    0.9613700      47.35
   1235.19958    0.9625600      47.41
   1235.20142    0.9633800      47.45
   1235.20312    0.9639500      47.47
   1235.20496    0.9647400      47.51
   1235.20667    0.9658500      47.57
   1235.20850    0.9669000      47.62
   1235.21021    0.9678000      47.66
   1235.21191    0.9691900      47.73
   1235.21375    0.9715200      47.85
   1235.21545    0.9742100      47.98
   1235.21729    0.9762800      48.08
   1235.21899    0.9776200      48.15
   1235.22083    0.9789100      48.21
   1235.22253    0.9805000      48.29
   1235.22424    0.9819100      48.36
   1235.22607    0.9827900      48.40
   1235.22778    0.9835000      48.43
   1235.22961    0.9844300      48.48
   1235.23132    0.9852900      48.52
   1235.23315    0.9855800      48.54
   1235.23486    0.9853800      48.53
   1235.23657    0.9852900      48.52
   1235.23840    0.9854800      48.53
   1235.24011    0.9854900      48.53
   1235.24194    0.9849900      48.51
   1235.24365    0.9843200      48.47
   1235.24548    0.9840600      48.46
   1235.24719    0.9843800      48.48
   1235.24890    0.9850900      48.51
   1235.25073    0.9859500      48.55
   1235.25244    0.9867100      48.59
   1235.25427    0.9871800      48.61
   1235.25598    0.9874800      48.63
   1235.25781    0.9880400      48.66
   1235.25952    0.9890700      48.71
   1235.26135    0.9900800      48.76
   1235.26306    0.9904200      48.77
   1235.26477    0.9901300      48.76
   1235.26660    0.9899200      48.75
   1235.26831    0.9901200      48.76
   1235.27014    0.9902300      48.76
   1235.27185    0.9897500      48.74
   1235.27368    0.9890500      48.70
   1235.27539    0.9889700      48.70
   1235.27710    0.9896500      48.73
   1235.27893    0.9903400      48.77
   1235.28064    0.9903700      48.77
   1235.28247    0.9898600      48.74
   1235.28418    0.9893600      48.72
   1235.28601    0.9891000      48.71
   1235.28772    0.9889800      48.70
   1235.28943    0.9890300      48.70
   1235.29126    0.9893500      48.72
   1235.29297    0.9897800      48.74
   1235.29480    0.9899200      48.75
   1235.29651    0.9896400      48.73
   1235.29834    0.9892200      48.71
   1235.30005    0.9889800      48.70
   1235.30176    0.9889400      48.70
   1235.30359    0.9889400      48.70
   1235.30530    0.9889500      48.70
   1235.30713    0.9889200      48.70
   1235.30884    0.9887400      48.69
   1235.31067    0.9884500      48.67
   1235.31238    0.9883100      48.66
   1235.31421    0.9885400      48.68
   1235.31592    0.9889100      48.69
   1235.31763    0.9889800      48.70
   1235.31946    0.9886700      48.68
   1235.32117    0.9883500      48.67
   1235.32300    0.9883000      48.66
   1235.32471    0.9884100      48.67
   1235.32654    0.9885700      48.68
   1235.32825    0.9888600      48.69
   1235.32996    0.9892700      48.71
   1235.33179    0.9894500      48.72
   1235.33350    0.9891100      48.70
   1235.33533    0.9885300      48.67
   1235.33704    0.9883100      48.66
   1235.33887    0.9884900      48.67
   1235.34058    0.9885100      48.67
   1235.34229    0.9881000      48.65
   1235.34412    0.9877300      48.63
   1235.34583    0.9880400      48.65
   1235.34766    0.9888000      48.69
   1235.34937    0.9891400      48.70
   1235.35120    0.9886400      48.68
   1235.35291    0.9878300      48.64
   1235.35461    0.9874400      48.62
   1235.35645    0.9874100      48.62
   1235.35815    0.9871200      48.60
   1235.35999    0.9862500      48.56
   1235.36169    0.9851600      48.51
   1235.36353    0.9843700      48.47
   1235.36523    0.9838200      48.44
   1235.36707    0.9831400      48.41
   1235.36877    0.9822600      48.36
   1235.37048    0.9815500      48.33
   1235.37231    0.9813400      48.32
   1235.37402    0.9814000      48.32
   1235.37585    0.9813100      48.31
   1235.37756    0.9810700      48.30
   1235.37939    0.9811000      48.30
   1235.38110    0.9816200      48.33
   1235.38281    0.9822500      48.36
   1235.38464    0.9824300      48.37
   1235.38635    0.9820900      48.35
   1235.38818    0.9815800      48.33
   1235.38989    0.9812300      48.31
   1235.39172    0.9810400      48.30
   1235.39343    0.9809400      48.30
   1235.39514    0.9809000      48.29
   1235.39697    0.9807000      48.28
   1235.39868    0.9799200      48.24
   1235.40051    0.9783000      48.16
   1235.40222    0.9761900      48.06
   1235.40405    0.9741600      47.96
   1235.40576    0.9723500      47.87
   1235.40759    0.9704400      47.78
   1235.40930    0.9682600      47.67
   1235.41101    0.9661100      47.56
   1235.41284    0.9642700      47.47
   1235.41455    0.9626700      47.39
   1235.41638    0.9611800      47.32
   1235.41809    0.9601400      47.27
   1235.41992    0.9601700      47.27
   1235.42163    0.9615100      47.34
   1235.42334    0.9637600      47.45
   1235.42517    0.9665100      47.58
   1235.42688    0.9696300      47.74
   1235.42871    0.9729800      47.90
   1235.43042    0.9761500      48.06
   1235.43225    0.9787400      48.18
   1235.43396    0.9808100      48.29
   1235.43579    0.9827100      48.38
   1235.43750    0.9844900      48.47
   1235.43921    0.9857600      48.53
   1235.44104    0.9863300      48.56
   1235.44275    0.9865200      48.57
   1235.44458    0.9867400      48.58
   1235.44629    0.9869700      48.59
   1235.44812    0.9869200      48.59
   1235.44983    0.9865900      48.57
   1235.45154    0.9864000      48.56
   1235.45337    0.9866700      48.57
   1235.45508    0.9872000      48.60
   1235.45691    0.9874300      48.61
   1235.45862    0.9870200      48.59
   1235.46045    0.9860900      48.54
   1235.46216    0.9850800      48.49
   1235.46387    0.9842200      48.45
   1235.46570    0.9833500      48.41
   1235.46741    0.9820200      48.34
   1235.46924    0.9798800      48.24
   1235.47095    0.9768900      48.09
   1235.47278    0.9733200      47.91
   1235.47449    0.9696600      47.73
   1235.47632    0.9665900      47.58
   1235.47803    0.9649600      47.50
   1235.47974    0.9654300      47.52
   1235.48157    0.9679400      47.65
   1235.48328    0.9717000      47.83
   1235.48511    0.9755900      48.02
   1235.48682    0.9788900      48.19
   1235.48865    0.9814300      48.31
   1235.49036    0.9833600      48.41
   1235.49207    0.9848500      48.48
   1235.49390    0.9860200      48.54
   1235.49561    0.9869300      48.58
   1235.49744    0.9875800      48.61
   1235.49915    0.9879700      48.63
   1235.50098    0.9882200      48.64
   1235.50269    0.9884200      48.65
   1235.50452    0.9885800      48.66
   1235.50623    0.9886600      48.67
   1235.50793    0.9887800      48.67
   1235.50977    0.9891300      48.69
   1235.51147    0.9896600      48.71
   1235.51331    0.9899300      48.73
   1235.51501    0.9895900      48.71
   1235.51685    0.9888500      48.67
   1235.51855    0.9884400      48.65
   1235.52026    0.9888000      48.67
   1235.52209    0.9896600      48.71
   1235.52380    0.9903500      48.75
   1235.52563    0.9904700      48.75
   1235.52734    0.9901800      48.74
   1235.52917    0.9899800      48.73
   1235.53088    0.9901500      48.74
   1235.53271    0.9906000      48.76
   1235.53442    0.9909300      48.78
   1235.53613    0.9908400      48.77
   1235.53796    0.9904800      48.75
   1235.53967    0.9902700      48.74
   1235.54150    0.9903600      48.75
   1235.54321    0.9904000      48.75
   1235.54504    0.9899700      48.73
   1235.54675    0.9892600      48.69
   1235.54858    0.9888700      48.67
   1235.55029    0.9890800      48.68
   1235.55200    0.9894100      48.70
   1235.55383    0.9892700      48.69
   1235.55554    0.9887200      48.66
   1235.55737    0.9883900      48.65
   1235.55908    0.9886400      48.66
   1235.56091    0.9891600      48.69
   1235.56262    0.9894300      48.70
   1235.56433    0.9892900      48.69
   1235.56616    0.9890500      48.68
   1235.56787    0.9889800      48.68
   1235.56970    0.9890000      48.68
   1235.57141    0.9888700      48.67
   1235.57324    0.9885900      48.66
   1235.57495    0.9885000      48.65
   1235.57678    0.9888400      48.67
   1235.57849    0.9893400      48.69
   1235.58020    0.9893500      48.69
   1235.58203    0.9886900      48.66
   1235.58374    0.9880000      48.63
   1235.58557    0.9880500      48.63
   1235.58728    0.9887400      48.66
   1235.58911    0.9891900      48.69
   1235.59082    0.9889100      48.67
   1235.59253    0.9884700      48.65
   1235.59436    0.9887000      48.66
   1235.59607    0.9895200      48.70
   1235.59790    0.9901000      48.73
   1235.59961    0.9900800      48.73
   1235.60144    0.9900100      48.72
   1235.60315    0.9904300      48.74
   1235.60498    0.9910800      48.78
   1235.60669    0.9913300      48.79
   1235.60840    0.9910400      48.77
   1235.61023    0.9906800      48.76
   1235.61194    0.9905200      48.75
   1235.61377    0.9904500      48.75
   1235.61548    0.9903200      48.74
   1235.61731    0.9902000      48.73
   1235.61902    0.9901100      48.73
   1235.62085    0.9899200      48.72
   1235.62256    0.9896100      48.70
   1235.62427    0.9894400      48.69
   1235.62610    0.9895700      48.70
   1235.62781    0.9898100      48.71
   1235.62964    0.9898600      48.71
   1235.63135    0.9898100      48.71
   1235.63318    0.9899100      48.72
   1235.63489    0.9900600      48.72
   1235.63672    0.9899400      48.72
   1235.63843    0.9895400      48.70
   1235.64014    0.9892800      48.69
   1235.64197    0.9894200      48.69
   1235.64368    0.9896700      48.70
   1235.64551    0.9896300      48.70
   1235.64722    0.9893700      48.69
   1235.64905    0.9893000      48.69
   1235.65076    0.9894700      48.69
   1235.65247    0.9896000      48.70
   1235.65430    0.9895600      48.70
   1235.65601    0.9896400      48.70
   1235.65784    0.9900000      48.72
   1235.65955    0.9902700      48.73
   1235.66138    0.9900000      48.72
   1235.66309    0.9893300      48.69
   1235.66492    0.9888100      48.66
   1235.66663    0.9886100      48.65
   1235.66833    0.9883500      48.64
   1235.67017    0.9876600      48.60
   1235.67188    0.9867500      48.56
   1235.67371    0.9859400      48.52
   1235.67542    0.9852100      48.48
   1235.67725    0.9842400      48.43
   1235.67896    0.9831200      48.38
   1235.68079    0.9823900      48.34
   1235.68250    0.9823400      48.34
   1235.68420    0.9826000      48.35
   1235.68604    0.9825300      48.35
   1235.68774    0.9820400      48.32
   1235.68958    0.9815800      48.30
   1235.69128    0.9815800      48.30
   1235.69312    0.9818200      48.31
   1235.69482    0.9816700      48.31
   1235.69666    0.9807400      48.26
   1235.69836    0.9793100      48.19
   1235.70007    0.9780100      48.13
   1235.70190    0.9772100      48.09
   1235.70361    0.9767700      48.06
   1235.70544    0.9764700      48.05
   1235.70715    0.9764000      48.05
   1235.70898    0.9768700      48.07
   1235.71069    0.9778200      48.12
   1235.71252    0.9788100      48.16
   1235.71423    0.9795800      48.20
   1235.71594    0.9804400      48.24
   1235.71777    0.9817400      48.31
   1235.71948    0.9832600      48.38
   1235.72131    0.9843500      48.44
   1235.72302    0.9848100      48.46
   1235.72485    0.9850600      48.47
   1235.72656    0.9855400      48.49
   1235.72827    0.9861800      48.53
   1235.73010    0.9866800      48.55
   1235.73181    0.9870200      48.57
   1235.73364    0.9874000      48.58
   1235.73535    0.9878600      48.61
   1235.73718    0.9881900      48.62
   1235.73889    0.9882500      48.63
   1235.74072    0.9881800      48.62
   1235.74243    0.9881500      48.62
   1235.74414    0.9881900      48.62
   1235.74597    0.9883000      48.63
   1235.74768    0.9885300      48.64
   1235.74951    0.9887300      48.65
   1235.75122    0.9886000      48.64
   1235.75305    0.9880900      48.62
   1235.75476    0.9875800      48.59
   1235.75659    0.9875000      48.59
   1235.75830    0.9877000      48.60
   1235.76001    0.9876500      48.60
   1235.76184    0.9871200      48.57
   1235.76355    0.9865000      48.54
   1235.76538    0.9862800      48.53
   1235.76709    0.9863600      48.53
   1235.76892    0.9861600      48.52
   1235.77063    0.9852900      48.48
   1235.77246    0.9838800      48.41
   1235.77417    0.9822700      48.33
   1235.77588    0.9806300      48.25
   1235.77771    0.9789800      48.17
   1235.77942    0.9774100      48.09
   1235.78125    0.9761100      48.03
   1235.78296    0.9751200      47.98
   1235.78479    0.9743200      47.94
   1235.78650    0.9735600      47.90
   1235.78833    0.9728300      47.86
   1235.79004    0.9721300      47.83
   1235.79175    0.9713900      47.79
   1235.79358    0.9704000      47.74
   1235.79529    0.9689700      47.67
   1235.79712    0.9670700      47.58
   1235.79883    0.9648600      47.47
   1235.80066    0.9626600      47.36
   1235.80237    0.9606500      47.26
   1235.80420    0.9587900      47.17
   1235.80591    0.9569000      47.08
   1235.80762    0.9551400      46.99
   1235.80945    0.9540400      46.94
   1235.81116    0.9540500      46.94
   1235.81299    0.9550800      46.99
   1235.81470    0.9567600      47.07
   1235.81653    0.9588900      47.18
   1235.81824    0.9615700      47.31
   1235.82007    0.9647900      47.47
   1235.82178    0.9681700      47.63
   1235.82349    0.9713300      47.79
   1235.82532    0.9741800      47.93
   1235.82703    0.9767700      48.05
   1235.82886    0.9788900      48.16
   1235.83057    0.9803300      48.23
   1235.83240    0.9812800      48.28
   1235.83411    0.9822800      48.32
   1235.83594    0.9835800      48.39
   1235.83765    0.9848900      48.45
   1235.83936    0.9858100      48.50
   1235.84119    0.9863900      48.53
   1235.84290    0.9869800      48.56
   1235.84473    0.9876400      48.59
   1235.84644    0.9880600      48.61
   1235.84827    0.9879800      48.60
   1235.84998    0.9876200      48.59
   1235.85181    0.9874000      48.58
   1235.85352    0.9875400      48.58
   1235.85535    0.9878600      48.60
   1235.85706    0.9881300      48.61
   1235.85876    0.9883800      48.62
   1235.86060    0.9887800      48.64
   1235.86230    0.9893200      48.67
   1235.86414    0.9897500      48.69
   1235.86584    0.9898700      48.70
   1235.86768    0.9897100      48.69
   1235.86938    0.9895200      48.68
   1235.87122    0.9893900      48.67
   1235.87292    0.9892200      48.66
   1235.87463    0.9889200      48.65
   1235.87646    0.9886200      48.63
   1235.87817    0.9885900      48.63
   1235.88000    0.9889600      48.65
   1235.88171    0.9894400      48.67
   1235.88354    0.9896000      48.68
   1235.88525    0.9892900      48.67
   1235.88708    0.9889300      48.65
   1235.88879    0.9890500      48.65
   1235.89050    0.9896500      48.68
   1235.89233    0.9901500      48.71
   1235.89404    0.9900700      48.70
   1235.89587    0.9896700      48.68
   1235.89758    0.9895300      48.68
   1235.89941    0.9897900      48.69
   1235.90112    0.9900100      48.70
   1235.90295    0.9899000      48.69
   1235.90466    0.9896900      48.68
   1235.90637    0.9895800      48.68
   1235.90820    0.9893700      48.67
   1235.90991    0.9888400      48.64
   1235.91174    0.9883300      48.62
   1235.91345    0.9883300      48.62
   1235.91528    0.9886900      48.63
   1235.91699    0.9887200      48.63
   1235.91882    0.9881700      48.61
   1235.92053    0.9876200      48.58
   1235.92224    0.9876700      48.58
   1235.92407    0.9881200      48.60
   1235.92578    0.9883600      48.62
   1235.92761    0.9881800      48.61
   1235.92932    0.9878900      48.59
   1235.93115    0.9877300      48.58
   1235.93286    0.9876800      48.58
   1235.93469    0.9876300      48.58
   1235.93640    0.9875000      48.57
   1235.93823    0.9871800      48.56
   1235.93994    0.9865700      48.53
   1235.94165    0.9857600      48.49
   1235.94348    0.9847200      48.44
   1235.94519    0.9831000      48.36
   1235.94702    0.9807500      48.24
   1235.94873    0.9785300      48.13
   1235.95056    0.9778500      48.10
   1235.95227    0.9791300      48.16
   1235.95410    0.9811800      48.26
   1235.95581    0.9825500      48.33
   1235.95752    0.9831600      48.36
   1235.95935    0.9840100      48.40
   1235.96106    0.9855800      48.48
   1235.96289    0.9872200      48.56
   1235.96460    0.9881900      48.60
   1235.96643    0.9886000      48.62
   1235.96814    0.9889100      48.64
   1235.96997    0.9891200      48.65
   1235.97168    0.9889800      48.64
   1235.97339    0.9886600      48.63
   1235.97522    0.9886700      48.63
   1235.97693    0.9890200      48.64
   1235.97876    0.9891800      48.65
   1235.98047    0.9888300      48.63
   1235.98230    0.9884300      48.61
   1235.98401    0.9886000      48.62
   1235.98584    0.9892900      48.66
   1235.98755    0.9898000      48.68
   1235.98938    0.9896600      48.67
   1235.99109    0.9891400      48.65
   1235.99280    0.9888900      48.64
   1235.99463    0.9891300      48.65
   1235.99634    0.9894900      48.67
   1235.99817    0.9895000      48.67
   1235.99988    0.9890900      48.65
   1236.00171    0.9886000      48.62
   1236.00342    0.9884000      48.61
   1236.00525    0.9886000      48.62
   1236.00696    0.9890400      48.64
   1236.00867    0.9895000      48.67
   1236.01050    0.9898500      48.68
   1236.01221    0.9900700      48.69
   1236.01404    0.9902900      48.70
   1236.01575    0.9905800      48.72
   1236.01758    0.9907900      48.73
   1236.01929    0.9906400      48.72
   1236.02112    0.9901200      48.69
   1236.02283    0.9895800      48.67
   1236.02466    0.9893900      48.66
   1236.02637    0.9895200      48.66
   1236.02808    0.9895700      48.67
   1236.02991    0.9894200      48.66
   1236.03162    0.9894000      48.66
   1236.03345    0.9897300      48.67
   1236.03516    0.9901700      48.70
   1236.03699    0.9902900      48.70
   1236.03870    0.9901000      48.69
   1236.04053    0.9899800      48.69
   1236.04224    0.9901100      48.69
   1236.04395    0.9902500      48.70
   1236.04578    0.9901800      48.70
   1236.04749    0.9900700      48.69
   1236.04932    0.9901700      48.69
   1236.05103    0.9903400      48.70
   1236.05286    0.9902100      48.70
   1236.05457    0.9897200      48.67
   1236.05640    0.9892800      48.65
   1236.05811    0.9892600      48.65
   1236.05994    0.9895600      48.66
   1236.06165    0.9897800      48.67
   1236.06335    0.9897600      48.67
   1236.06519    0.9897000      48.67
   1236.06689    0.9898900      48.68
   1236.06873    0.9903100      48.70
   1236.07043    0.9906500      48.72
   1236.07227    0.9906400      48.72
   1236.07397    0.9903300      48.70
   1236.07581    0.9900800      48.69
   1236.07751    0.9901000      48.69
   1236.07922    0.9902800      48.70
   1236.08105    0.9903400      48.70
   1236.08276    0.9902200      48.69
   1236.08459    0.9902000      48.69
   1236.08630    0.9904200      48.70
   1236.08813    0.9906900      48.72
   1236.08984    0.9906600      48.72
   1236.09167    0.9902700      48.70
   1236.09338    0.9898100      48.67
   1236.09521    0.9895200      48.66
   1236.09692    0.9894000      48.65
   1236.09863    0.9894700      48.66
