   1208.00049    0.9858200      50.89
   1208.00220    0.9856000      50.88
   1208.00378    0.9854000      50.87
   1208.00549    0.9854900      50.87
   1208.00720    0.9857800      50.89
   1208.00891    0.9858600      50.89
   1208.01062    0.9854500      50.87
   1208.01221    0.9848500      50.84
   1208.01392    0.9845700      50.82
   1208.01562    0.9845400      50.82
   1208.01733    0.9839600      50.79
   1208.01904    0.9823100      50.71
   1208.02063    0.9800600      50.59
   1208.02234    0.9779500      50.48
   1208.02405    0.9758600      50.37
   1208.02576    0.9729100      50.22
   1208.02747    0.9686800      50.00
   1208.02905    0.9637300      49.75
   1208.03076    0.9587000      49.49
   1208.03247    0.9535300      49.22
   1208.03418    0.9478400      48.93
   1208.03589    0.9417500      48.61
   1208.03748    0.9359600      48.31
   1208.03918    0.9310600      48.06
   1208.04089    0.9274200      47.87
   1208.04260    0.9253700      47.77
   1208.04431    0.9252000      47.76
   1208.04590    0.9267700      47.84
   1208.04761    0.9295200      47.98
   1208.04932    0.9330600      48.16
   1208.05103    0.9374100      48.39
   1208.05273    0.9425600      48.65
   1208.05432    0.9481100      48.94
   1208.05603    0.9533900      49.21
   1208.05774    0.9580000      49.45
   1208.05945    0.9619300      49.65
   1208.06116    0.9653500      49.83
   1208.06287    0.9683600      49.98
   1208.06445    0.9709000      50.11
   1208.06616    0.9727900      50.21
   1208.06787    0.9738900      50.27
   1208.06958    0.9743800      50.29
   1208.07129    0.9748000      50.32
   1208.07288    0.9755800      50.36
   1208.07458    0.9765500      50.41
   1208.07629    0.9772100      50.44
   1208.07800    0.9774700      50.45
   1208.07971    0.9777500      50.47
   1208.08130    0.9782200      50.49
   1208.08301    0.9783800      50.50
   1208.08472    0.9777800      50.47
   1208.08643    0.9768900      50.42
   1208.08813    0.9766100      50.41
   1208.08972    0.9770000      50.43
   1208.09143    0.9771300      50.43
   1208.09314    0.9764900      50.40
   1208.09485    0.9757900      50.36
   1208.09656    0.9756900      50.36
   1208.09814    0.9755900      50.35
   1208.09985    0.9745200      50.30
   1208.10156    0.9727100      50.20
   1208.10327    0.9710400      50.12
   1208.10498    0.9692700      50.03
   1208.10657    0.9662100      49.87
   1208.10828    0.9619800      49.65
   1208.10999    0.9582200      49.46
   1208.11169    0.9557400      49.33
   1208.11340    0.9532700      49.20
   1208.11499    0.9499900      49.03
   1208.11670    0.9474100      48.90
   1208.11841    0.9472300      48.89
   1208.12012    0.9486200      48.96
   1208.12183    0.9496600      49.01
   1208.12341    0.9506300      49.06
   1208.12512    0.9532200      49.20
   1208.12683    0.9569900      49.39
   1208.12854    0.9595700      49.52
   1208.13025    0.9605000      49.57
   1208.13184    0.9618000      49.64
   1208.13354    0.9639000      49.75
   1208.13525    0.9644900      49.78
   1208.13696    0.9629300      49.70
   1208.13867    0.9622300      49.66
   1208.14038    0.9639000      49.75
   1208.14197    0.9646500      49.79
   1208.14368    0.9617200      49.63
   1208.14539    0.9582900      49.46
   1208.14709    0.9581500      49.45
   1208.14880    0.9578900      49.44
   1208.15039    0.9514000      49.10
   1208.15210    0.9409200      48.56
   1208.15381    0.9339700      48.20
   1208.15552    0.9273600      47.86
   1208.15723    0.9054400      46.73
   1208.15881    0.8627900      44.53
   1208.16052    0.8211000      42.38
   1208.16223    0.8108500      41.85
   1208.16394    0.8371200      43.20
   1208.16565    0.8740500      45.11
   1208.16724    0.8951200      46.19
   1208.16895    0.8983200      46.36
   1208.17065    0.8974000      46.31
   1208.17236    0.8985100      46.37
   1208.17407    0.8958400      46.23
   1208.17566    0.8853500      45.69
   1208.17737    0.8713300      44.97
   1208.17908    0.8579100      44.27
   1208.18079    0.8426700      43.49
   1208.18250    0.8217900      42.41
   1208.18408    0.7962000      41.09
   1208.18579    0.7688400      39.68
   1208.18750    0.7395300      38.16
   1208.18921    0.7064700      36.46
   1208.19092    0.6706700      34.61
   1208.19263    0.6353900      32.79
   1208.19421    0.6029500      31.12
   1208.19592    0.5749900      29.67
   1208.19763    0.5549200      28.64
   1208.19934    0.5467700      28.22
   1208.20105    0.5512600      28.45
   1208.20264    0.5654900      29.18
   1208.20435    0.5864800      30.26
   1208.20605    0.6128400      31.62
   1208.20776    0.6429300      33.18
   1208.20947    0.6739200      34.78
   1208.21106    0.7038500      36.32
   1208.21277    0.7329600      37.82
   1208.21448    0.7618000      39.31
   1208.21619    0.7891300      40.72
   1208.21790    0.8131800      41.96
   1208.21948    0.8337800      43.03
   1208.22119    0.8520600      43.97
   1208.22290    0.8684700      44.81
   1208.22461    0.8824400      45.54
   1208.22632    0.8938600      46.12
   1208.22791    0.9036000      46.63
   1208.22961    0.9122800      47.08
   1208.23132    0.9196200      47.45
   1208.23303    0.9252500      47.74
   1208.23474    0.9295500      47.97
   1208.23633    0.9332500      48.16
   1208.23804    0.9365600      48.33
   1208.23975    0.9391900      48.46
   1208.24146    0.9409900      48.56
   1208.24316    0.9421900      48.62
   1208.24487    0.9431500      48.67
   1208.24646    0.9440900      48.72
   1208.24817    0.9450700      48.77
   1208.24988    0.9459500      48.81
   1208.25159    0.9464500      48.84
   1208.25330    0.9464900      48.84
   1208.25488    0.9462900      48.83
   1208.25659    0.9460900      48.82
   1208.25830    0.9457200      48.80
   1208.26001    0.9448600      48.75
   1208.26172    0.9435800      48.69
   1208.26331    0.9424200      48.63
   1208.26501    0.9416600      48.59
   1208.26672    0.9409200      48.55
   1208.26843    0.9395700      48.48
   1208.27014    0.9376800      48.38
   1208.27173    0.9359700      48.29
   1208.27344    0.9347300      48.23
   1208.27515    0.9334000      48.16
   1208.27686    0.9313200      48.05
   1208.27856    0.9286400      47.92
   1208.28015    0.9259900      47.78
   1208.28186    0.9235000      47.65
   1208.28357    0.9207400      47.51
   1208.28528    0.9176000      47.35
   1208.28699    0.9146300      47.19
   1208.28870    0.9121800      47.07
   1208.29028    0.9098500      46.94
   1208.29199    0.9070600      46.80
   1208.29370    0.9039500      46.64
   1208.29541    0.9010200      46.49
   1208.29712    0.8981300      46.34
   1208.29871    0.8944800      46.15
   1208.30042    0.8895000      45.89
   1208.30212    0.8834000      45.58
   1208.30383    0.8766300      45.23
   1208.30554    0.8691200      44.84
   1208.30713    0.8604100      44.39
   1208.30884    0.8502200      43.87
   1208.31055    0.8385600      43.26
   1208.31226    0.8254700      42.59
   1208.31396    0.8109400      41.84
   1208.31555    0.7950500      41.02
   1208.31726    0.7781300      40.15
   1208.31897    0.7605800      39.24
   1208.32068    0.7427900      38.32
   1208.32239    0.7252100      37.42
   1208.32410    0.7084800      36.55
   1208.32568    0.6933900      35.77
   1208.32739    0.6806700      35.12
   1208.32910    0.6706600      34.60
   1208.33081    0.6631400      34.21
   1208.33252    0.6577600      33.94
   1208.33411    0.6545200      33.77
   1208.33582    0.6537500      33.73
   1208.33752    0.6554700      33.82
   1208.33923    0.6588100      33.99
   1208.34094    0.6622300      34.17
   1208.34253    0.6642200      34.27
   1208.34424    0.6637600      34.24
   1208.34595    0.6602600      34.06
   1208.34766    0.6533200      33.71
   1208.34937    0.6427000      33.16
   1208.35095    0.6283200      32.42
   1208.35266    0.6103900      31.49
   1208.35437    0.5895800      30.42
   1208.35608    0.5670300      29.25
   1208.35779    0.5441400      28.07
   1208.35950    0.5220900      26.93
   1208.36108    0.5017300      25.88
   1208.36279    0.4839000      24.96
   1208.36450    0.4695600      24.22
   1208.36621    0.4594600      23.70
   1208.36792    0.4539600      23.42
   1208.36951    0.4530800      23.37
   1208.37122    0.4569300      23.57
   1208.37292    0.4655800      24.02
   1208.37463    0.4788800      24.70
   1208.37634    0.4963500      25.61
   1208.37793    0.5174400      26.69
   1208.37964    0.5414900      27.93
   1208.38135    0.5674600      29.27
   1208.38306    0.5939800      30.64
   1208.38477    0.6199600      31.98
   1208.38647    0.6448100      33.26
   1208.38806    0.6681500      34.47
   1208.38977    0.6894100      35.56
   1208.39148    0.7082100      36.53
   1208.39319    0.7248500      37.39
   1208.39490    0.7400600      38.18
   1208.39648    0.7541800      38.91
   1208.39819    0.7670200      39.57
   1208.39990    0.7785800      40.16
   1208.40161    0.7892500      40.71
   1208.40332    0.7994000      41.24
   1208.40491    0.8089100      41.73
   1208.40662    0.8176900      42.18
   1208.40833    0.8260400      42.61
   1208.41003    0.8341600      43.03
   1208.41174    0.8416900      43.42
   1208.41333    0.8481800      43.75
   1208.41504    0.8539000      44.05
   1208.41675    0.8595400      44.34
   1208.41846    0.8651700      44.63
   1208.42017    0.8702200      44.89
   1208.42188    0.8744900      45.11
   1208.42346    0.8785200      45.32
   1208.42517    0.8827900      45.54
   1208.42688    0.8869800      45.75
   1208.42859    0.8905500      45.94
   1208.43030    0.8935100      46.09
   1208.43188    0.8962400      46.23
   1208.43359    0.8989000      46.37
   1208.43530    0.9013800      46.50
   1208.43701    0.9035800      46.61
   1208.43872    0.9054900      46.71
   1208.44031    0.9071700      46.79
   1208.44202    0.9088000      46.88
   1208.44373    0.9105500      46.97
   1208.44543    0.9123300      47.06
   1208.44714    0.9139800      47.14
   1208.44885    0.9157500      47.24
   1208.45044    0.9180500      47.35
   1208.45215    0.9205100      47.48
   1208.45386    0.9222000      47.57
   1208.45557    0.9231000      47.61
   1208.45728    0.9244600      47.68
   1208.45886    0.9268900      47.81
   1208.46057    0.9293400      47.94
   1208.46228    0.9308000      48.01
   1208.46399    0.9321500      48.08
   1208.46570    0.9345000      48.20
   1208.46729    0.9369400      48.33
   1208.46899    0.9379300      48.38
   1208.47070    0.9382700      48.40
   1208.47241    0.9401700      48.49
   1208.47412    0.9433400      48.66
   1208.47583    0.9450600      48.75
   1208.47742    0.9448200      48.73
   1208.47913    0.9453500      48.76
   1208.48083    0.9477500      48.88
   1208.48254    0.9491900      48.96
   1208.48425    0.9479200      48.89
   1208.48584    0.9467800      48.83
   1208.48755    0.9480200      48.90
   1208.48926    0.9480300      48.90
   1208.49097    0.9429300      48.63
   1208.49268    0.9364700      48.30
   1208.49426    0.9341200      48.18
   1208.49597    0.9296700      47.95
   1208.49768    0.9085100      46.86
   1208.49939    0.8698000      44.86
   1208.50110    0.8369900      43.17
   1208.50281    0.8362000      43.13
   1208.50439    0.8670500      44.72
   1208.50610    0.9040700      46.63
   1208.50781    0.9260900      47.76
   1208.50952    0.9347200      48.21
   1208.51123    0.9422200      48.60
   1208.51282    0.9519600      49.10
   1208.51453    0.9583100      49.43
   1208.51624    0.9594200      49.48
   1208.51794    0.9602800      49.53
   1208.51965    0.9638400      49.71
   1208.52136    0.9671700      49.88
   1208.52295    0.9677200      49.91
   1208.52466    0.9676700      49.91
   1208.52637    0.9696200      50.01
   1208.52808    0.9721700      50.14
   1208.52979    0.9727900      50.17
   1208.53137    0.9722000      50.14
   1208.53308    0.9728300      50.17
   1208.53479    0.9746900      50.27
   1208.53650    0.9758800      50.33
   1208.53821    0.9759000      50.33
   1208.53979    0.9760800      50.34
   1208.54150    0.9769300      50.38
   1208.54321    0.9775400      50.42
   1208.54492    0.9774600      50.41
   1208.54663    0.9774100      50.41
   1208.54834    0.9777100      50.42
   1208.54993    0.9777900      50.43
   1208.55164    0.9775600      50.42
   1208.55334    0.9779100      50.43
   1208.55505    0.9791000      50.49
   1208.55676    0.9800100      50.54
   1208.55835    0.9798100      50.53
   1208.56006    0.9792200      50.50
   1208.56177    0.9793300      50.51
   1208.56348    0.9799900      50.54
   1208.56519    0.9802600      50.55
   1208.56689    0.9800600      50.54
   1208.56848    0.9802000      50.55
   1208.57019    0.9809000      50.59
   1208.57190    0.9814100      50.61
   1208.57361    0.9811900      50.60
   1208.57532    0.9806900      50.57
   1208.57690    0.9806200      50.57
   1208.57861    0.9810000      50.59
   1208.58032    0.9813000      50.61
   1208.58203    0.9812900      50.60
   1208.58374    0.9812100      50.60
   1208.58533    0.9813600      50.61
   1208.58704    0.9817300      50.63
   1208.58875    0.9821500      50.65
   1208.59045    0.9825700      50.67
   1208.59216    0.9829100      50.69
   1208.59387    0.9830300      50.69
   1208.59546    0.9828800      50.69
   1208.59717    0.9826700      50.67
   1208.59888    0.9827600      50.68
   1208.60059    0.9832600      50.70
   1208.60229    0.9839600      50.74
   1208.60388    0.9845600      50.77
   1208.60559    0.9848900      50.79
   1208.60730    0.9848700      50.79
   1208.60901    0.9845000      50.77
   1208.61072    0.9839900      50.74
   1208.61243    0.9837900      50.73
   1208.61401    0.9841200      50.75
   1208.61572    0.9846100      50.77
   1208.61743    0.9846000      50.77
   1208.61914    0.9840100      50.74
   1208.62085    0.9833400      50.71
   1208.62244    0.9830700      50.69
   1208.62415    0.9830600      50.69
   1208.62585    0.9830000      50.69
   1208.62756    0.9829500      50.69
   1208.62927    0.9831900      50.70
   1208.63098    0.9837400      50.73
   1208.63257    0.9842700      50.75
   1208.63428    0.9845800      50.77
   1208.63599    0.9847400      50.78
   1208.63770    0.9848600      50.78
   1208.63940    0.9848200      50.78
   1208.64099    0.9845400      50.77
   1208.64270    0.9840600      50.74
   1208.64441    0.9834200      50.71
   1208.64612    0.9826300      50.67
   1208.64783    0.9817600      50.62
   1208.64941    0.9809200      50.58
   1208.65112    0.9801100      50.54
   1208.65283    0.9792400      50.49
   1208.65454    0.9784500      50.45
   1208.65625    0.9782600      50.44
   1208.65796    0.9790200      50.48
   1208.65955    0.9804200      50.55
   1208.66125    0.9817000      50.62
   1208.66296    0.9823900      50.65
   1208.66467    0.9826000      50.67
   1208.66638    0.9827000      50.67
   1208.66797    0.9829000      50.68
   1208.66968    0.9831700      50.69
   1208.67139    0.9834000      50.71
   1208.67310    0.9834700      50.71
   1208.67480    0.9833600      50.70
   1208.67651    0.9830800      50.69
   1208.67810    0.9826000      50.66
   1208.67981    0.9818100      50.62
   1208.68152    0.9807700      50.57
   1208.68323    0.9798100      50.52
   1208.68494    0.9791600      50.49
   1208.68652    0.9785400      50.45
   1208.68823    0.9774900      50.40
   1208.68994    0.9759900      50.32
   1208.69165    0.9744700      50.24
   1208.69336    0.9730900      50.17
   1208.69507    0.9714300      50.09
   1208.69666    0.9691900      49.97
   1208.69836    0.9668900      49.85
   1208.70007    0.9653700      49.77
   1208.70178    0.9648600      49.75
   1208.70349    0.9649600      49.75
   1208.70508    0.9653500      49.77
   1208.70679    0.9660000      49.81
   1208.70850    0.9667800      49.85
   1208.71021    0.9674100      49.88
   1208.71191    0.9679700      49.91
   1208.71362    0.9688900      49.95
   1208.71521    0.9702800      50.03
   1208.71692    0.9715100      50.09
   1208.71863    0.9719900      50.11
   1208.72034    0.9719700      50.11
   1208.72205    0.9720500      50.12
   1208.72363    0.9722800      50.13
   1208.72534    0.9722600      50.13
   1208.72705    0.9719300      50.11
   1208.72876    0.9717700      50.10
   1208.73047    0.9719900      50.11
   1208.73218    0.9721200      50.12
   1208.73376    0.9716600      50.10
   1208.73547    0.9707000      50.05
   1208.73718    0.9697500      50.00
   1208.73889    0.9689900      49.96
   1208.74060    0.9682200      49.92
   1208.74219    0.9671900      49.86
   1208.74390    0.9658500      49.79
   1208.74561    0.9643400      49.72
   1208.74731    0.9628600      49.64
   1208.74902    0.9615600      49.57
   1208.75073    0.9603200      49.51
   1208.75232    0.9588400      49.43
   1208.75403    0.9569200      49.33
   1208.75574    0.9547700      49.22
   1208.75745    0.9526700      49.11
   1208.75916    0.9505900      49.01
   1208.76086    0.9482500      48.89
   1208.76245    0.9455600      48.75
   1208.76416    0.9426200      48.60
   1208.76587    0.9393500      48.43
   1208.76758    0.9354400      48.22
   1208.76929    0.9309400      47.99
   1208.77087    0.9264100      47.76
   1208.77258    0.9222300      47.54
   1208.77429    0.9179900      47.32
   1208.77600    0.9129700      47.07
   1208.77771    0.9070900      46.76
   1208.77942    0.9010400      46.45
   1208.78101    0.8951700      46.15
   1208.78271    0.8888400      45.82
   1208.78442    0.8812700      45.43
   1208.78613    0.8726000      44.98
   1208.78784    0.8635200      44.52
   1208.78943    0.8540600      44.03
   1208.79114    0.8433300      43.47
   1208.79285    0.8306500      42.82
   1208.79456    0.8162400      42.08
   1208.79626    0.8004800      41.27
   1208.79797    0.7829900      40.36
   1208.79956    0.7629400      39.33
   1208.80127    0.7398300      38.14
   1208.80298    0.7132600      36.77
   1208.80469    0.6824300      35.18
   1208.80640    0.6464000      33.32
   1208.80798    0.6048200      31.18
   1208.80969    0.5575200      28.74
   1208.81140    0.5038500      25.97
   1208.81311    0.4433500      22.85
   1208.81482    0.3775400      19.46
   1208.81653    0.3100500      15.98
   1208.81812    0.2452000      12.64
   1208.81982    0.1873100       9.66
   1208.82153    0.1413700       7.29
   1208.82324    0.1122800       5.79
   1208.82495    0.1022800       5.27
   1208.82654    0.1104000       5.69
   1208.82825    0.1352200       6.97
   1208.82996    0.1763100       9.09
   1208.83167    0.2314200      11.93
   1208.83337    0.2942400      15.17
   1208.83508    0.3580000      18.45
   1208.83667    0.4202100      21.66
   1208.83838    0.4806800      24.78
   1208.84009    0.5360300      27.63
   1208.84180    0.5812000      29.96
   1208.84351    0.6168000      31.79
   1208.84521    0.6487700      33.44
   1208.84680    0.6775400      34.92
   1208.84851    0.6936100      35.75
   1208.85022    0.6909400      35.62
   1208.85193    0.6813800      35.12
   1208.85364    0.6867900      35.40
   1208.85522    0.7150300      36.86
   1208.85693    0.7512000      38.72
   1208.85864    0.7756400      39.98
   1208.86035    0.7843200      40.43
   1208.86206    0.7860500      40.52
   1208.86377    0.7858100      40.50
   1208.86536    0.7800000      40.20
   1208.86707    0.7677800      39.57
   1208.86877    0.7579300      39.07
   1208.87048    0.7605700      39.20
   1208.87219    0.7767900      40.04
   1208.87390    0.8000800      41.24
   1208.87549    0.8246200      42.50
   1208.87720    0.8481600      43.72
   1208.87891    0.8690400      44.79
   1208.88062    0.8853700      45.63
   1208.88232    0.8973900      46.25
   1208.88391    0.9074400      46.77
   1208.88562    0.9167700      47.25
   1208.88733    0.9244300      47.65
   1208.88904    0.9298300      47.93
   1208.89075    0.9340600      48.14
   1208.89246    0.9381300      48.35
   1208.89404    0.9415800      48.53
   1208.89575    0.9438200      48.65
   1208.89746    0.9454100      48.73
   1208.89917    0.9469700      48.81
   1208.90088    0.9480400      48.86
   1208.90247    0.9482200      48.87
   1208.90417    0.9483400      48.88
   1208.90588    0.9492200      48.92
   1208.90759    0.9501700      48.97
   1208.90930    0.9500800      48.97
   1208.91101    0.9494500      48.93
   1208.91260    0.9498600      48.96
   1208.91431    0.9516600      49.05
   1208.91602    0.9535600      49.15
   1208.91772    0.9547800      49.21
   1208.91943    0.9561300      49.28
   1208.92114    0.9584700      49.40
   1208.92273    0.9612700      49.54
   1208.92444    0.9635500      49.66
   1208.92615    0.9653900      49.76
   1208.92786    0.9675300      49.87
   1208.92957    0.9699800      49.99
   1208.93115    0.9720400      50.10
   1208.93286    0.9733800      50.17
   1208.93457    0.9744200      50.22
   1208.93628    0.9754600      50.27
   1208.93799    0.9762100      50.31
   1208.93970    0.9765800      50.33
   1208.94128    0.9770800      50.36
   1208.94299    0.9781600      50.41
   1208.94470    0.9794600      50.48
   1208.94641    0.9802300      50.52
   1208.94812    0.9802800      50.52
   1208.94983    0.9800300      50.51
   1208.95142    0.9798300      50.50
   1208.95312    0.9795800      50.48
   1208.95483    0.9790800      50.46
   1208.95654    0.9782700      50.42
   1208.95825    0.9771300      50.36
   1208.95984    0.9755600      50.28
   1208.96155    0.9736100      50.18
   1208.96326    0.9716000      50.07
   1208.96497    0.9696600      49.97
   1208.96667    0.9674400      49.86
   1208.96838    0.9645900      49.71
   1208.96997    0.9613200      49.54
   1208.97168    0.9584400      49.39
   1208.97339    0.9565100      49.29
   1208.97510    0.9554900      49.24
   1208.97681    0.9551300      49.22
   1208.97852    0.9554500      49.24
   1208.98010    0.9566400      49.30
   1208.98181    0.9586200      49.40
   1208.98352    0.9610900      49.53
   1208.98523    0.9638900      49.67
   1208.98694    0.9669200      49.83
   1208.98853    0.9699000      49.98
   1208.99023    0.9723000      50.11
   1208.99194    0.9738400      50.18
   1208.99365    0.9747100      50.23
   1208.99536    0.9751700      50.25
   1208.99707    0.9752800      50.26
   1208.99866    0.9750700      50.25
   1209.00037    0.9748400      50.24
   1209.00208    0.9749000      50.24
   1209.00378    0.9752800      50.26
   1209.00549    0.9758900      50.29
   1209.00720    0.9770000      50.35
   1209.00879    0.9789200      50.45
   1209.01050    0.9814100      50.57
   1209.01221    0.9836600      50.69
   1209.01392    0.9850900      50.76
   1209.01562    0.9859100      50.80
   1209.01733    0.9866400      50.84
   1209.01892    0.9873000      50.88
   1209.02063    0.9876100      50.89
   1209.02234    0.9876000      50.89
   1209.02405    0.9876500      50.89
   1209.02576    0.9878500      50.90
   1209.02734    0.9877900      50.90
   1209.02905    0.9873100      50.88
   1209.03076    0.9868900      50.85
   1209.03247    0.9870500      50.86
   1209.03418    0.9875600      50.89
   1209.03589    0.9876600      50.89
   1209.03748    0.9869300      50.86
   1209.03918    0.9856700      50.79
   1209.04089    0.9842900      50.72
   1209.04260    0.9827300      50.64
   1209.04431    0.9807900      50.54
   1209.04602    0.9786200      50.43
   1209.04761    0.9768000      50.33
   1209.04932    0.9759200      50.29
   1209.05103    0.9762600      50.30
   1209.05273    0.9777100      50.38
   1209.05444    0.9797100      50.48
   1209.05615    0.9814400      50.57
   1209.05774    0.9824300      50.62
   1209.05945    0.9829000      50.65
   1209.06116    0.9834100      50.67
   1209.06287    0.9841300      50.71
   1209.06458    0.9846800      50.74
   1209.06616    0.9847400      50.74
   1209.06787    0.9845300      50.73
   1209.06958    0.9844400      50.72
   1209.07129    0.9844800      50.73
   1209.07300    0.9843300      50.72
   1209.07471    0.9837700      50.69
   1209.07629    0.9828400      50.64
   1209.07800    0.9815100      50.57
   1209.07971    0.9796100      50.47
   1209.08142    0.9768600      50.33
   1209.08313    0.9730900      50.14
   1209.08484    0.9683300      49.89
   1209.08643    0.9631400      49.63
   1209.08813    0.9588100      49.40
   1209.08984    0.9568100      49.30
   1209.09155    0.9577900      49.35
   1209.09326    0.9610600      49.52
   1209.09497    0.9652400      49.73
   1209.09656    0.9692000      49.94
   1209.09827    0.9723700      50.10
   1209.09998    0.9745100      50.21
   1209.10168    0.9754900      50.26
   1209.10339    0.9754300      50.26
   1209.10510    0.9745100      50.21
   1209.10669    0.9727300      50.12
   1209.10840    0.9698300      49.97
   1209.11011    0.9657800      49.76
   1209.11182    0.9610900      49.52
   1209.11353    0.9568300      49.30
   1209.11511    0.9540900      49.16
   1209.11682    0.9536300      49.13
   1209.11853    0.9556000      49.23
   1209.12024    0.9594300      49.43
   1209.12195    0.9639600      49.66
   1209.12366    0.9679900      49.87
   1209.12524    0.9709600      50.02
   1209.12695    0.9731300      50.14
   1209.12866    0.9751100      50.24
   1209.13037    0.9771300      50.34
   1209.13208    0.9790100      50.44
   1209.13379    0.9805700      50.52
   1209.13538    0.9819800      50.59
   1209.13708    0.9835000      50.67
   1209.13879    0.9851700      50.76
   1209.14050    0.9868600      50.84
   1209.14221    0.9883800      50.92
   1209.14392    0.9894600      50.98
   1209.14551    0.9898800      51.00
   1209.14722    0.9899000      51.00
   1209.14893    0.9901900      51.01
   1209.15063    0.9910900      51.06
   1209.15234    0.9920500      51.11
   1209.15405    0.9923700      51.13
   1209.15564    0.9921900      51.12
   1209.15735    0.9922300      51.12
   1209.15906    0.9924900      51.13
   1209.16077    0.9923400      51.12
   1209.16248    0.9918200      51.10
   1209.16406    0.9919900      51.10
   1209.16577    0.9932600      51.17
   1209.16748    0.9944600      51.23
   1209.16919    0.9944100      51.23
   1209.17090    0.9936900      51.19
   1209.17261    0.9935200      51.18
   1209.17419    0.9938000      51.20
   1209.17590    0.9934800      51.18
   1209.17761    0.9925500      51.13
   1209.17932    0.9920100      51.10
   1209.18103    0.9919400      51.10
   1209.18274    0.9913100      51.07
   1209.18433    0.9900500      51.00
   1209.18604    0.9893300      50.97
   1209.18774    0.9893300      50.97
   1209.18945    0.9887200      50.93
   1209.19116    0.9871500      50.85
   1209.19287    0.9862700      50.81
   1209.19446    0.9866800      50.83
   1209.19617    0.9863400      50.81
   1209.19788    0.9839700      50.69
   1209.19958    0.9817500      50.57
   1209.20129    0.9815700      50.56
   1209.20300    0.9806600      50.52
   1209.20459    0.9754300      50.25
   1209.20630    0.9681200      49.87
   1209.20801    0.9632900      49.62
   1209.20972    0.9573500      49.32
   1209.21143    0.9392500      48.38
   1209.21313    0.9068000      46.71
   1209.21472    0.8763600      45.14
   1209.21643    0.8684700      44.74
   1209.21814    0.8850800      45.59
   1209.21985    0.9081600      46.78
   1209.22156    0.9211600      47.45
   1209.22327    0.9244900      47.62
   1209.22485    0.9278700      47.80
   1209.22656    0.9348700      48.16
   1209.22827    0.9414000      48.49
   1209.22998    0.9451700      48.69
   1209.23169    0.9490600      48.89
   1209.23340    0.9552400      49.21
   1209.23499    0.9618000      49.54
   1209.23669    0.9667000      49.80
   1209.23840    0.9709800      50.02
   1209.24011    0.9759500      50.27
   1209.24182    0.9804700      50.50
   1209.24341    0.9830800      50.64
   1209.24512    0.9847900      50.73
   1209.24683    0.9872900      50.86
   1209.24854    0.9901100      51.00
   1209.25024    0.9915400      51.07
   1209.25195    0.9916600      51.08
   1209.25354    0.9921000      51.10
   1209.25525    0.9933300      51.17
   1209.25696    0.9941400      51.21
   1209.25867    0.9938900      51.19
   1209.26038    0.9935400      51.18
   1209.26208    0.9939300      51.20
   1209.26367    0.9946000      51.23
   1209.26538    0.9947200      51.24
   1209.26709    0.9942900      51.21
   1209.26880    0.9937800      51.19
   1209.27051    0.9933200      51.16
   1209.27222    0.9928700      51.14
   1209.27380    0.9925100      51.12
   1209.27551    0.9920900      51.10
   1209.27722    0.9912600      51.06
   1209.27893    0.9902500      51.00
   1209.28064    0.9900700      51.00
   1209.28235    0.9912900      51.06
   1209.28394    0.9930500      51.15
   1209.28564    0.9939400      51.19
   1209.28735    0.9935900      51.18
   1209.28906    0.9928000      51.14
   1209.29077    0.9923100      51.11
   1209.29248    0.9920200      51.09
   1209.29407    0.9915900      51.07
   1209.29578    0.9911600      51.05
   1209.29749    0.9909600      51.04
   1209.29919    0.9909400      51.04
   1209.30090    0.9908200      51.03
   1209.30261    0.9906600      51.02
   1209.30420    0.9907300      51.03
   1209.30591    0.9911100      51.05
   1209.30762    0.9915000      51.07
   1209.30933    0.9917100      51.08
   1209.31104    0.9918700      51.09
   1209.31274    0.9922000      51.10
   1209.31433    0.9926200      51.12
   1209.31604    0.9928500      51.14
   1209.31775    0.9929400      51.14
   1209.31946    0.9932600      51.16
   1209.32117    0.9939500      51.19
   1209.32288    0.9946600      51.23
   1209.32446    0.9949800      51.24
   1209.32617    0.9950400      51.25
   1209.32788    0.9952700      51.26
   1209.32959    0.9956500      51.28
   1209.33130    0.9957400      51.28
   1209.33301    0.9954400      51.27
   1209.33459    0.9952500      51.26
   1209.33630    0.9955900      51.27
   1209.33801    0.9961600      51.30
   1209.33972    0.9963500      51.31
   1209.34143    0.9961200      51.30
   1209.34314    0.9959300      51.29
   1209.34473    0.9960000      51.30
   1209.34644    0.9960400      51.30
   1209.34814    0.9957300      51.28
   1209.34985    0.9951600      51.25
   1209.35156    0.9946700      51.23
   1209.35327    0.9945000      51.22
   1209.35486    0.9946200      51.22
   1209.35657    0.9948900      51.24
   1209.35828    0.9950400      51.24
   1209.35999    0.9948300      51.23
   1209.36169    0.9943000      51.21
   1209.36340    0.9937000      51.18
   1209.36499    0.9931000      51.14
   1209.36670    0.9922600      51.10
   1209.36841    0.9909000      51.03
   1209.37012    0.9890100      50.93
   1209.37183    0.9866100      50.81
   1209.37354    0.9836000      50.65
   1209.37512    0.9799300      50.46
   1209.37683    0.9757400      50.25
   1209.37854    0.9713600      50.02
   1209.38025    0.9670500      49.80
   1209.38196    0.9631800      49.60
   1209.38367    0.9603000      49.45
   1209.38525    0.9588600      49.38
   1209.38696    0.9588400      49.38
   1209.38867    0.9599900      49.44
   1209.39038    0.9622000      49.55
   1209.39209    0.9654000      49.72
   1209.39380    0.9692100      49.91
   1209.39539    0.9730100      50.11
   1209.39709    0.9764000      50.28
   1209.39880    0.9792800      50.43
   1209.40051    0.9815000      50.54
   1209.40222    0.9827100      50.61
   1209.40393    0.9829200      50.62
   1209.40552    0.9826400      50.60
   1209.40723    0.9822800      50.58
   1209.40894    0.9819000      50.56
   1209.41064    0.9815400      50.54
   1209.41235    0.9816900      50.55
   1209.41406    0.9827200      50.61
   1209.41565    0.9841600      50.68
   1209.41736    0.9852300      50.73
   1209.41907    0.9858100      50.76
   1209.42078    0.9865500      50.80
   1209.42249    0.9877900      50.87
   1209.42419    0.9890700      50.93
   1209.42578    0.9899000      50.97
   1209.42749    0.9904300      51.00
   1209.42920    0.9910400      51.03
   1209.43091    0.9916100      51.06
   1209.43262    0.9919400      51.08
   1209.43433    0.9922600      51.09
   1209.43591    0.9929200      51.13
   1209.43762    0.9936400      51.17
   1209.43933    0.9937800      51.17
   1209.44104    0.9933300      51.15
   1209.44275    0.9930600      51.14
   1209.44446    0.9934300      51.15
   1209.44604    0.9938700      51.18
   1209.44775    0.9936500      51.16
   1209.44946    0.9928400      51.12
   1209.45117    0.9921700      51.09
   1209.45288    0.9920100      51.08
   1209.45459    0.9920300      51.08
   1209.45618    0.9917300      51.07
   1209.45789    0.9910300      51.03
   1209.45959    0.9901700      50.98
   1209.46130    0.9894300      50.95
   1209.46301    0.9889800      50.92
   1209.46472    0.9888900      50.92
   1209.46631    0.9891100      50.93
   1209.46802    0.9894600      50.95
   1209.46973    0.9898400      50.97
   1209.47144    0.9902300      50.99
   1209.47314    0.9906000      51.01
   1209.47485    0.9908800      51.02
   1209.47644    0.9910800      51.03
   1209.47815    0.9913500      51.04
   1209.47986    0.9917600      51.06
   1209.48157    0.9921700      51.09
   1209.48328    0.9922800      51.09
   1209.48499    0.9919900      51.08
   1209.48657    0.9914900      51.05
   1209.48828    0.9911200      51.03
   1209.48999    0.9910500      51.03
   1209.49170    0.9911400      51.03
   1209.49341    0.9910800      51.03
   1209.49512    0.9907600      51.01
   1209.49683    0.9903500      50.99
   1209.49841    0.9901100      50.98
   1209.50012    0.9901200      50.98
   1209.50183    0.9902000      50.98
   1209.50354    0.9901000      50.98
   1209.50525    0.9896600      50.95
   1209.50696    0.9890100      50.92
   1209.50854    0.9884700      50.89
   1209.51025    0.9882800      50.88
   1209.51196    0.9883200      50.88
   1209.51367    0.9882300      50.88
   1209.51538    0.9878700      50.86
   1209.51709    0.9874500      50.84
   1209.51868    0.9871300      50.82
   1209.52039    0.9868300      50.81
   1209.52209    0.9864200      50.79
   1209.52380    0.9860500      50.77
   1209.52551    0.9858700      50.76
   1209.52722    0.9857800      50.75
   1209.52881    0.9856500      50.75
   1209.53052    0.9855200      50.74
   1209.53223    0.9853800      50.73
   1209.53394    0.9850400      50.71
   1209.53564    0.9844700      50.68
   1209.53735    0.9841000      50.67
   1209.53894    0.9841700      50.67
   1209.54065    0.9840900      50.66
   1209.54236    0.9832300      50.62
   1209.54407    0.9820000      50.56
   1209.54578    0.9813600      50.52
   1209.54749    0.9812300      50.52
   1209.54907    0.9805200      50.48
   1209.55078    0.9789500      50.40
   1209.55249    0.9775500      50.33
   1209.55420    0.9770300      50.30
   1209.55591    0.9765300      50.27
   1209.55762    0.9751500      50.20
   1209.55920    0.9733900      50.11
   1209.56091    0.9720500      50.04
   1209.56262    0.9706800      49.97
   1209.56433    0.9685000      49.86
   1209.56604    0.9660200      49.73
   1209.56775    0.9640700      49.63
   1209.56946    0.9620800      49.53
   1209.57104    0.9591700      49.38
   1209.57275    0.9564500      49.24
   1209.57446    0.9553600      49.18
   1209.57617    0.9542500      49.13
   1209.57788    0.9498300      48.90
   1209.57959    0.9426800      48.53
   1209.58118    0.9367900      48.23
   1209.58289    0.9315000      47.95
   1209.58459    0.9187700      47.30
   1209.58630    0.8939800      46.02
   1209.58801    0.8670000      44.63
   1209.58972    0.8553400      44.03
   1209.59131    0.8650300      44.53
   1209.59302    0.8838300      45.50
   1209.59473    0.8957200      46.11
   1209.59644    0.8972700      46.19
   1209.59814    0.8958000      46.11
   1209.59985    0.8961600      46.13
   1209.60144    0.8957800      46.11
   1209.60315    0.8916800      45.90
   1209.60486    0.8856100      45.59
   1209.60657    0.8803000      45.32
   1209.60828    0.8749200      45.04
   1209.60999    0.8671800      44.64
   1209.61157    0.8570900      44.12
   1209.61328    0.8459900      43.55
   1209.61499    0.8334600      42.90
   1209.61670    0.8178200      42.10
   1209.61841    0.7987800      41.12
   1209.62012    0.7771600      40.01
   1209.62183    0.7524700      38.73
   1209.62341    0.7228000      37.21
   1209.62512    0.6871700      35.37
   1209.62683    0.6460500      33.26
   1209.62854    0.5994100      30.86
   1209.63025    0.5462000      28.12
   1209.63196    0.4865800      25.05
   1209.63354    0.4233600      21.79
   1209.63525    0.3606900      18.57
   1209.63696    0.3028700      15.59
   1209.63867    0.2550300      13.13
   1209.64038    0.2236700      11.51
   1209.64209    0.2142500      11.03
   1209.64368    0.2281300      11.74
   1209.64539    0.2622000      13.50
   1209.64709    0.3112600      16.02
   1209.64880    0.3700400      19.05
   1209.65051    0.4334700      22.31
   1209.65222    0.4966800      25.57
   1209.65381    0.5558300      28.61
   1209.65552    0.6088500      31.34
   1209.65723    0.6552500      33.73
   1209.65894    0.6953500      35.79
   1209.66064    0.7298400      37.57
   1209.66235    0.7594200      39.09
   1209.66406    0.7846300      40.39
   1209.66565    0.8058200      41.48
   1209.66736    0.8234400      42.38
   1209.66907    0.8381900      43.14
   1209.67078    0.8507200      43.79
   1209.67249    0.8613200      44.33
   1209.67419    0.8698500      44.77
   1209.67578    0.8760400      45.09
   1209.67749    0.8798000      45.28
   1209.67920    0.8814300      45.37
   1209.68091    0.8812700      45.36
   1209.68262    0.8793800      45.26
   1209.68433    0.8757400      45.07
   1209.68591    0.8714000      44.85
   1209.68762    0.8689600      44.73
   1209.68933    0.8712300      44.84
   1209.69104    0.8788800      45.24
   1209.69275    0.8899400      45.81
   1209.69446    0.9016100      46.41
   1209.69604    0.9123900      46.96
   1209.69775    0.9221800      47.46
   1209.69946    0.9310100      47.92
   1209.70117    0.9384900      48.30
   1209.70288    0.9444200      48.61
   1209.70459    0.9492300      48.86
   1209.70630    0.9533600      49.07
   1209.70789    0.9568300      49.25
   1209.70959    0.9595300      49.39
   1209.71130    0.9616700      49.50
   1209.71301    0.9635700      49.59
   1209.71472    0.9652500      49.68
   1209.71643    0.9665500      49.75
   1209.71802    0.9676500      49.80
   1209.71973    0.9688800      49.87
   1209.72144    0.9703400      49.94
   1209.72314    0.9718200      50.02
   1209.72485    0.9732300      50.09
   1209.72656    0.9746700      50.16
   1209.72815    0.9760900      50.24
   1209.72986    0.9771500      50.29
   1209.73157    0.9776900      50.32
   1209.73328    0.9779900      50.33
   1209.73499    0.9783900      50.35
   1209.73669    0.9788800      50.38
   1209.73840    0.9793100      50.40
   1209.73999    0.9797100      50.42
   1209.74170    0.9802300      50.45
   1209.74341    0.9806900      50.47
   1209.74512    0.9807200      50.47
   1209.74683    0.9803500      50.45
   1209.74854    0.9800900      50.44
   1209.75012    0.9802400      50.45
   1209.75183    0.9805100      50.46
   1209.75354    0.9805200      50.46
   1209.75525    0.9803200      50.45
   1209.75696    0.9802900      50.45
   1209.75867    0.9805000      50.46
   1209.76025    0.9807000      50.47
   1209.76196    0.9807700      50.47
   1209.76367    0.9809300      50.48
   1209.76538    0.9813300      50.50
   1209.76709    0.9818400      50.53
   1209.76880    0.9823600      50.56
   1209.77051    0.9830000      50.59
   1209.77209    0.9838500      50.63
   1209.77380    0.9846500      50.67
   1209.77551    0.9851100      50.70
   1209.77722    0.9853400      50.71
   1209.77893    0.9856900      50.73
   1209.78064    0.9862200      50.75
   1209.78223    0.9865500      50.77
   1209.78394    0.9863700      50.76
   1209.78564    0.9858400      50.73
   1209.78735    0.9854000      50.71
   1209.78906    0.9852700      50.70
   1209.79077    0.9852800      50.70
   1209.79236    0.9852000      50.70
   1209.79407    0.9850600      50.69
   1209.79578    0.9850400      50.69
   1209.79749    0.9853200      50.71
   1209.79919    0.9859000      50.73
   1209.80090    0.9866700      50.77
   1209.80261    0.9873600      50.81
   1209.80420    0.9877700      50.83
   1209.80591    0.9879800      50.84
   1209.80762    0.9883300      50.86
   1209.80933    0.9891000      50.90
   1209.81104    0.9901800      50.95
   1209.81274    0.9911000      51.00
   1209.81433    0.9915700      51.03
   1209.81604    0.9917300      51.03
   1209.81775    0.9919300      51.04
   1209.81946    0.9923800      51.07
   1209.82117    0.9929600      51.10
   1209.82288    0.9934200      51.12
   1209.82458    0.9935800      51.13
   1209.82617    0.9934500      51.12
   1209.82788    0.9932500      51.11
   1209.82959    0.9932600      51.11
   1209.83130    0.9935900      51.13
   1209.83301    0.9939600      51.15
   1209.83472    0.9940700      51.15
   1209.83630    0.9939900      51.15
   1209.83801    0.9941100      51.15
   1209.83972    0.9945300      51.18
   1209.84143    0.9948100      51.19
   1209.84314    0.9945200      51.17
   1209.84485    0.9938700      51.14
   1209.84644    0.9934900      51.12
   1209.84814    0.9936900      51.13
   1209.84985    0.9941600      51.16
   1209.85156    0.9944500      51.17
   1209.85327    0.9945000      51.17
   1209.85498    0.9945000      51.17
   1209.85669    0.9945000      51.17
   1209.85828    0.9943800      51.17
   1209.85999    0.9941100      51.15
   1209.86169    0.9938600      51.14
   1209.86340    0.9938700      51.14
   1209.86511    0.9941500      51.15
   1209.86682    0.9944100      51.17
   1209.86841    0.9942200      51.16
   1209.87012    0.9935100      51.12
   1209.87183    0.9927800      51.08
   1209.87354    0.9927600      51.08
   1209.87524    0.9936000      51.12
   1209.87695    0.9947000      51.18
   1209.87866    0.9953800      51.22
   1209.88025    0.9955000      51.22
   1209.88196    0.9953900      51.22
   1209.88367    0.9952800      51.21
   1209.88538    0.9951700      51.20
   1209.88708    0.9950800      51.20
   1209.88879    0.9951200      51.20
   1209.89038    0.9952100      51.21
   1209.89209    0.9951800      51.20
   1209.89380    0.9950700      51.20
   1209.89551    0.9950800      51.20
   1209.89722    0.9952800      51.21
   1209.89893    0.9953900      51.21
   1209.90063    0.9951900      51.20
   1209.90222    0.9948100      51.18
   1209.90393    0.9945600      51.17
   1209.90564    0.9946100      51.17
   1209.90735    0.9948500      51.19
   1209.90906    0.9950500      51.20
   1209.91077    0.9950900      51.20
   1209.91235    0.9950500      51.20
   1209.91406    0.9951700      51.20
   1209.91577    0.9954900      51.22
   1209.91748    0.9956200      51.22
   1209.91919    0.9952400      51.20
   1209.92090    0.9947500      51.18
   1209.92261    0.9948500      51.18
   1209.92419    0.9954500      51.22
   1209.92590    0.9956800      51.23
   1209.92761    0.9951900      51.20
   1209.92932    0.9945800      51.17
   1209.93103    0.9942800      51.15
   1209.93274    0.9936200      51.12
   1209.93433    0.9919400      51.03
   1209.93604    0.9897000      50.92
   1209.93774    0.9876300      50.81
   1209.93945    0.9852400      50.69
   1209.94116    0.9816100      50.50
   1209.94287    0.9771600      50.27
   1209.94458    0.9731600      50.07
   1209.94617    0.9695400      49.88
   1209.94788    0.9649300      49.64
   1209.94958    0.9593900      49.36
   1209.95129    0.9548900      49.13
   1209.95300    0.9525800      49.01
   1209.95471    0.9513300      48.94
   1209.95630    0.9503800      48.89
   1209.95801    0.9512700      48.94
   1209.95972    0.9549100      49.13
   1209.96143    0.9589300      49.33
   1209.96313    0.9607100      49.42
   1209.96484    0.9616900      49.47
   1209.96655    0.9642100      49.60
   1209.96814    0.9646400      49.63
   1209.96985    0.9555100      49.16
   1209.97156    0.9371100      48.21
   1209.97327    0.9221500      47.44
   1209.97498    0.9239000      47.53
   1209.97668    0.9413600      48.43
   1209.97827    0.9609700      49.44
   1209.97998    0.9721200      50.01
   1209.98169    0.9761400      50.22
   1209.98340    0.9795200      50.39
   1209.98511    0.9841100      50.63
   1209.98682    0.9872400      50.79
   1209.98853    0.9879500      50.82
   1209.99011    0.9882300      50.84
   1209.99182    0.9891300      50.88
   1209.99353    0.9894900      50.90
   1209.99524    0.9887800      50.87
   1209.99695    0.9881300      50.83
   1209.99866    0.9880200      50.83
   1210.00024    0.9873000      50.79
   1210.00195    0.9853800      50.69
   1210.00366    0.9835200      50.59
   1210.00537    0.9828000      50.56
   1210.00708    0.9823700      50.53
   1210.00879    0.9809700      50.46
   1210.01050    0.9790400      50.36
   1210.01208    0.9777600      50.30
   1210.01379    0.9770100      50.26
   1210.01550    0.9756900      50.19
   1210.01721    0.9736500      50.09
   1210.01892    0.9717500      49.99
   1210.02063    0.9702100      49.91
   1210.02234    0.9682300      49.81
   1210.02393    0.9654600      49.66
   1210.02563    0.9626800      49.52
   1210.02734    0.9606300      49.41
   1210.02905    0.9589700      49.33
   1210.03076    0.9571000      49.23
   1210.03247    0.9552500      49.14
   1210.03406    0.9542000      49.08
   1210.03577    0.9543600      49.09
   1210.03748    0.9555500      49.15
   1210.03918    0.9575100      49.25
   1210.04089    0.9599600      49.38
   1210.04260    0.9624600      49.51
   1210.04431    0.9646800      49.62
   1210.04590    0.9667700      49.73
   1210.04761    0.9690600      49.85
   1210.04932    0.9715300      49.97
   1210.05103    0.9738200      50.09
   1210.05273    0.9758800      50.20
   1210.05444    0.9779100      50.30
   1210.05603    0.9799700      50.41
   1210.05774    0.9817300      50.50
   1210.05945    0.9829900      50.56
   1210.06116    0.9840600      50.62
   1210.06287    0.9853300      50.68
   1210.06458    0.9867500      50.76
   1210.06628    0.9879200      50.82
   1210.06787    0.9886100      50.85
   1210.06958    0.9890500      50.87
   1210.07129    0.9895800      50.90
   1210.07300    0.9902700      50.94
   1210.07471    0.9909300      50.97
   1210.07642    0.9913400      50.99
   1210.07812    0.9915900      51.00
   1210.07971    0.9919400      51.02
   1210.08142    0.9924600      51.05
   1210.08313    0.9928900      51.07
   1210.08484    0.9928800      51.07
   1210.08655    0.9925500      51.05
   1210.08826    0.9923800      51.04
   1210.08984    0.9925900      51.05
   1210.09155    0.9928400      51.07
   1210.09326    0.9927000      51.06
   1210.09497    0.9923000      51.04
   1210.09668    0.9921400      51.03
   1210.09839    0.9923500      51.04
   1210.10010    0.9924600      51.05
   1210.10168    0.9920600      51.02
   1210.10339    0.9913100      50.99
   1210.10510    0.9907500      50.96
   1210.10681    0.9906700      50.95
   1210.10852    0.9908600      50.96
   1210.11023    0.9909700      50.97
   1210.11194    0.9907700      50.96
   1210.11353    0.9902000      50.93
   1210.11523    0.9893700      50.89
   1210.11694    0.9884100      50.84
   1210.11865    0.9874100      50.78
   1210.12036    0.9862700      50.73
   1210.12207    0.9848400      50.65
   1210.12366    0.9832100      50.57
   1210.12537    0.9816400      50.49
   1210.12708    0.9802800      50.42
   1210.12878    0.9792400      50.36
   1210.13049    0.9787700      50.34
   1210.13220    0.9792400      50.36
   1210.13391    0.9805900      50.43
   1210.13550    0.9822200      50.52
   1210.13721    0.9835000      50.58
   1210.13892    0.9844500      50.63
   1210.14062    0.9854100      50.68
   1210.14233    0.9864100      50.73
   1210.14404    0.9871200      50.77
   1210.14575    0.9874700      50.78
   1210.14734    0.9877900      50.80
   1210.14905    0.9883000      50.83
   1210.15076    0.9888000      50.85
   1210.15247    0.9890700      50.87
   1210.15417    0.9892500      50.88
   1210.15588    0.9895200      50.89
   1210.15759    0.9896700      50.90
   1210.15918    0.9894400      50.89
   1210.16089    0.9889700      50.86
   1210.16260    0.9886800      50.85
   1210.16431    0.9886200      50.84
   1210.16602    0.9884300      50.83
   1210.16772    0.9880200      50.81
   1210.16931    0.9877400      50.80
   1210.17102    0.9877900      50.80
   1210.17273    0.9877500      50.80
   1210.17444    0.9871900      50.77
   1210.17615    0.9863200      50.72
   1210.17786    0.9857100      50.69
   1210.17957    0.9853900      50.67
   1210.18115    0.9847200      50.64
   1210.18286    0.9832800      50.57
   1210.18457    0.9815100      50.47
   1210.18628    0.9802300      50.41
   1210.18799    0.9798200      50.39
   1210.18970    0.9799900      50.40
   1210.19141    0.9802300      50.41
   1210.19299    0.9802200      50.41
   1210.19470    0.9798200      50.39
   1210.19641    0.9791400      50.35
   1210.19812    0.9783600      50.31
   1210.19983    0.9776500      50.28
   1210.20154    0.9768800      50.24
   1210.20325    0.9758700      50.18
   1210.20483    0.9746400      50.12
   1210.20654    0.9734500      50.06
   1210.20825    0.9724800      50.01
   1210.20996    0.9716100      49.96
   1210.21167    0.9705700      49.91
   1210.21338    0.9692400      49.84
   1210.21497    0.9675200      49.75
   1210.21667    0.9652300      49.63
   1210.21838    0.9621600      49.48
   1210.22009    0.9583300      49.28
   1210.22180    0.9539200      49.05
   1210.22351    0.9489400      48.80
   1210.22522    0.9431800      48.50
   1210.22681    0.9365100      48.16
   1210.22852    0.9289500      47.77
   1210.23022    0.9205900      47.34
   1210.23193    0.9114500      46.87
   1210.23364    0.9018300      46.37
   1210.23535    0.8924300      45.89
   1210.23706    0.8840200      45.46
   1210.23865    0.8769100      45.09
   1210.24036    0.8710300      44.79
   1210.24207    0.8665300      44.56
   1210.24377    0.8640300      44.43
   1210.24548    0.8641900      44.44
   1210.24719    0.8669800      44.58
   1210.24890    0.8717300      44.82
   1210.25049    0.8776700      45.13
   1210.25220    0.8843700      45.47
   1210.25391    0.8916700      45.85
   1210.25562    0.8993500      46.24
   1210.25732    0.9069900      46.64
   1210.25903    0.9141000      47.00
   1210.26074    0.9202500      47.32
   1210.26233    0.9253400      47.58
   1210.26404    0.9295500      47.80
   1210.26575    0.9331500      47.98
   1210.26746    0.9362400      48.14
   1210.26917    0.9386800      48.27
   1210.27087    0.9404500      48.36
   1210.27258    0.9417700      48.42
   1210.27417    0.9428400      48.48
   1210.27588    0.9435800      48.52
   1210.27759    0.9437600      48.53
   1210.27930    0.9434600      48.51
   1210.28101    0.9430900      48.49
   1210.28271    0.9428200      48.48
   1210.28430    0.9422600      48.45
   1210.28601    0.9410000      48.38
   1210.28772    0.9392900      48.30
   1210.28943    0.9377700      48.22
   1210.29114    0.9366000      48.16
   1210.29285    0.9351800      48.08
   1210.29456    0.9330000      47.97
   1210.29614    0.9303300      47.83
   1210.29785    0.9276800      47.70
   1210.29956    0.9249500      47.56
   1210.30127    0.9215100      47.38
   1210.30298    0.9171800      47.16
   1210.30469    0.9124700      46.91
   1210.30640    0.9078400      46.68
   1210.30798    0.9031100      46.43
   1210.30969    0.8979800      46.17
   1210.31140    0.8925100      45.89
   1210.31311    0.8867900      45.59
   1210.31482    0.8804300      45.27
   1210.31653    0.8729500      44.88
   1210.31824    0.8644000      44.44
   1210.31982    0.8552300      43.97
   1210.32153    0.8455100      43.47
   1210.32324    0.8349700      42.93
   1210.32495    0.8235300      42.34
   1210.32666    0.8113700      41.72
   1210.32837    0.7982700      41.04
   1210.33008    0.7836000      40.29
   1210.33167    0.7670900      39.44
   1210.33337    0.7491200      38.51
   1210.33508    0.7298100      37.52
   1210.33679    0.7085900      36.43
   1210.33850    0.6848500      35.21
   1210.34021    0.6587400      33.87
   1210.34192    0.6308400      32.43
   1210.34351    0.6017500      30.94
   1210.34521    0.5722500      29.42
   1210.34692    0.5436200      27.95
   1210.34863    0.5169700      26.58
   1210.35034    0.4928000      25.34
   1210.35205    0.4718900      24.26
   1210.35376    0.4560900      23.45
   1210.35535    0.4469400      22.98
   1210.35706    0.4441300      22.83
   1210.35876    0.4464300      22.95
   1210.36047    0.4541400      23.35
   1210.36218    0.4683800      24.08
   1210.36389    0.4877600      25.08
   1210.36560    0.5080900      26.12
   1210.36719    0.5273600      27.11
   1210.36890    0.5492800      28.24
   1210.37061    0.5791500      29.77
   1210.37231    0.6165800      31.70
   1210.37402    0.6548800      33.67
   1210.37573    0.6879100      35.36
   1210.37744    0.7151700      36.77
   1210.37903    0.7393700      38.01
   1210.38074    0.7615200      39.15
   1210.38245    0.7806900      40.13
   1210.38416    0.7969300      40.97
   1210.38586    0.8117900      41.73
   1210.38757    0.8260200      42.46
   1210.38928    0.8387600      43.12
   1210.39087    0.8495800      43.67
   1210.39258    0.8594200      44.18
   1210.39429    0.8690200      44.67
   1210.39600    0.8777900      45.12
   1210.39771    0.8850700      45.50
   1210.39941    0.8915000      45.83
   1210.40112    0.8980400      46.16
   1210.40271    0.9044800      46.50
   1210.40442    0.9099400      46.78
   1210.40613    0.9143800      47.00
   1210.40784    0.9186100      47.22
   1210.40955    0.9228900      47.44
   1210.41125    0.9267200      47.64
   1210.41296    0.9299000      47.80
   1210.41455    0.9329000      47.96
   1210.41626    0.9359300      48.11
   1210.41797    0.9386000      48.25
   1210.41968    0.9407300      48.36
   1210.42139    0.9428300      48.47
   1210.42310    0.9452400      48.59
   1210.42480    0.9475300      48.71
   1210.42639    0.9491900      48.79
   1210.42810    0.9505200      48.86
   1210.42981    0.9521300      48.94
   1210.43152    0.9539200      49.03
   1210.43323    0.9552800      49.10
   1210.43494    0.9561900      49.15
   1210.43665    0.9573000      49.21
   1210.43823    0.9589300      49.29
   1210.43994    0.9605700      49.38
   1210.44165    0.9617700      49.44
   1210.44336    0.9627500      49.49
   1210.44507    0.9639000      49.55
   1210.44678    0.9650200      49.60
   1210.44849    0.9656800      49.64
   1210.45007    0.9660000      49.65
   1210.45178    0.9665600      49.68
   1210.45349    0.9675600      49.73
   1210.45520    0.9685800      49.79
   1210.45691    0.9693500      49.83
   1210.45862    0.9701300      49.87
   1210.46033    0.9712200      49.92
   1210.46191    0.9724200      49.98
   1210.46362    0.9733800      50.03
   1210.46533    0.9741200      50.07
   1210.46704    0.9749200      50.11
   1210.46875    0.9757400      50.15
   1210.47046    0.9762000      50.18
   1210.47217    0.9763100      50.18
   1210.47375    0.9766000      50.20
   1210.47546    0.9774200      50.24
   1210.47717    0.9783600      50.29
   1210.47888    0.9787800      50.31
   1210.48059    0.9787600      50.31
   1210.48230    0.9790100      50.32
   1210.48401    0.9799400      50.37
   1210.48560    0.9810500      50.42
   1210.48730    0.9816400      50.45
   1210.48901    0.9816700      50.46
   1210.49072    0.9817600      50.46
   1210.49243    0.9823700      50.49
   1210.49414    0.9832500      50.54
   1210.49585    0.9838500      50.57
   1210.49744    0.9839100      50.57
   1210.49915    0.9836600      50.56
   1210.50085    0.9835900      50.55
   1210.50256    0.9839000      50.57
   1210.50427    0.9843700      50.59
   1210.50598    0.9845100      50.60
   1210.50769    0.9841200      50.58
   1210.50928    0.9835700      50.55
   1210.51099    0.9834300      50.54
   1210.51270    0.9838500      50.57
   1210.51440    0.9845100      50.60
   1210.51611    0.9850400      50.63
   1210.51782    0.9855100      50.65
   1210.51953    0.9860800      50.68
   1210.52112    0.9865800      50.71
   1210.52283    0.9867300      50.71
   1210.52454    0.9866100      50.71
   1210.52625    0.9866600      50.71
   1210.52795    0.9870600      50.73
   1210.52966    0.9874800      50.75
   1210.53137    0.9874800      50.75
   1210.53308    0.9870100      50.73
   1210.53467    0.9864000      50.70
   1210.53638    0.9859200      50.67
   1210.53809    0.9856900      50.66
   1210.53979    0.9857300      50.66
   1210.54150    0.9859200      50.67
   1210.54321    0.9858900      50.67
   1210.54492    0.9853500      50.64
   1210.54651    0.9844600      50.59
   1210.54822    0.9836600      50.55
   1210.54993    0.9831400      50.53
   1210.55164    0.9827300      50.51
   1210.55334    0.9821900      50.48
   1210.55505    0.9816000      50.45
   1210.55676    0.9809900      50.42
   1210.55835    0.9801100      50.37
   1210.56006    0.9785900      50.29
   1210.56177    0.9763700      50.18
   1210.56348    0.9736300      50.04
   1210.56519    0.9704200      49.87
   1210.56689    0.9665500      49.67
   1210.56860    0.9619300      49.43
   1210.57019    0.9566900      49.17
   1210.57190    0.9509500      48.87
   1210.57361    0.9447100      48.55
   1210.57532    0.9380600      48.21
   1210.57703    0.9313800      47.86
   1210.57874    0.9251400      47.54
   1210.58044    0.9196400      47.26
   1210.58203    0.9150400      47.02
   1210.58374    0.9116600      46.85
   1210.58545    0.9099300      46.76
   1210.58716    0.9102200      46.78
   1210.58887    0.9126200      46.90
   1210.59058    0.9170000      47.12
   1210.59229    0.9229900      47.43
   1210.59387    0.9299700      47.79
   1210.59558    0.9371600      48.16
   1210.59729    0.9440400      48.51
   1210.59900    0.9504800      48.84
   1210.60071    0.9565600      49.16
   1210.60242    0.9621900      49.45
   1210.60413    0.9671000      49.70
   1210.60583    0.9711500      49.91
   1210.60742    0.9743900      50.07
   1210.60913    0.9770200      50.21
   1210.61084    0.9792000      50.32
   1210.61255    0.9811000      50.42
   1210.61426    0.9828200      50.50
   1210.61597    0.9842300      50.58
   1210.61768    0.9850800      50.62
   1210.61926    0.9853700      50.64
   1210.62097    0.9855300      50.64
   1210.62268    0.9860800      50.67
   1210.62439    0.9870000      50.72
   1210.62610    0.9878200      50.76
   1210.62781    0.9881900      50.78
   1210.62952    0.9883300      50.79
   1210.63110    0.9886300      50.80
   1210.63281    0.9889700      50.82
   1210.63452    0.9888900      50.81
   1210.63623    0.9881900      50.78
   1210.63794    0.9873500      50.74
   1210.63965    0.9868800      50.71
   1210.64136    0.9868100      50.71
   1210.64294    0.9867800      50.71
   1210.64465    0.9866200      50.70
   1210.64636    0.9865900      50.70
   1210.64807    0.9869500      50.71
   1210.64978    0.9875600      50.74
   1210.65149    0.9881000      50.77
   1210.65320    0.9883200      50.78
   1210.65491    0.9882600      50.78
   1210.65649    0.9879700      50.77
   1210.65820    0.9875200      50.74
   1210.65991    0.9869900      50.71
   1210.66162    0.9865300      50.69
   1210.66333    0.9861500      50.67
   1210.66504    0.9857100      50.65
   1210.66675    0.9850500      50.61
   1210.66833    0.9841400      50.57
   1210.67004    0.9831800      50.52
   1210.67175    0.9825100      50.48
   1210.67346    0.9823600      50.48
   1210.67517    0.9827200      50.49
   1210.67688    0.9832000      50.52
   1210.67859    0.9833900      50.53
   1210.68018    0.9832200      50.52
   1210.68188    0.9829900      50.51
   1210.68359    0.9829000      50.50
   1210.68530    0.9827500      50.49
   1210.68701    0.9822500      50.47
   1210.68872    0.9815900      50.43
   1210.69043    0.9812000      50.41
   1210.69214    0.9811200      50.41
   1210.69373    0.9808400      50.40
   1210.69543    0.9799200      50.35
   1210.69714    0.9786200      50.28
   1210.69885    0.9773700      50.22
   1210.70056    0.9760300      50.15
   1210.70227    0.9739800      50.04
   1210.70398    0.9709000      49.88
   1210.70557    0.9671400      49.69
   1210.70728    0.9631800      49.49
   1210.70898    0.9594000      49.29
   1210.71069    0.9562300      49.13
   1210.71240    0.9542300      49.03
   1210.71411    0.9534600      48.99
   1210.71582    0.9531700      48.97
   1210.71741    0.9523900      48.93
   1210.71912    0.9506500      48.84
   1210.72083    0.9477600      48.69
   1210.72253    0.9431200      48.46
   1210.72424    0.9357900      48.08
   1210.72595    0.9250600      47.53
   1210.72766    0.9105200      46.78
   1210.72937    0.8913900      45.80
   1210.73096    0.8672100      44.55
   1210.73267    0.8402000      43.17
   1210.73438    0.8168500      41.97
   1210.73608    0.8055200      41.38
   1210.73779    0.8110000      41.67
   1210.73950    0.8308400      42.69
   1210.74121    0.8571900      44.04
   1210.74280    0.8825600      45.34
   1210.74451    0.9037200      46.43
   1210.74622    0.9209600      47.31
   1210.74792    0.9348900      48.03
   1210.74963    0.9453000      48.56
   1210.75134    0.9525000      48.93
   1210.75305    0.9579100      49.21
   1210.75476    0.9625800      49.45
   1210.75635    0.9661800      49.64
   1210.75806    0.9684100      49.75
   1210.75977    0.9702900      49.85
   1210.76147    0.9728000      49.98
   1210.76318    0.9748300      50.08
   1210.76489    0.9745200      50.06
   1210.76660    0.9726400      49.97
   1210.76819    0.9719600      49.93
   1210.76990    0.9722700      49.95
   1210.77161    0.9688300      49.77
   1210.77332    0.9584700      49.24
   1210.77502    0.9460100      48.60
   1210.77673    0.9409300      48.34
   1210.77844    0.9472400      48.66
   1210.78003    0.9593500      49.28
   1210.78174    0.9689700      49.78
   1210.78345    0.9736300      50.02
   1210.78516    0.9763900      50.16
   1210.78687    0.9796000      50.32
   1210.78857    0.9823000      50.46
   1210.79028    0.9833500      50.52
   1210.79199    0.9837400      50.54
   1210.79358    0.9847900      50.59
   1210.79529    0.9859700      50.65
   1210.79700    0.9861900      50.66
   1210.79871    0.9857900      50.64
   1210.80042    0.9859300      50.65
   1210.80212    0.9866800      50.69
   1210.80383    0.9871100      50.71
   1210.80542    0.9869800      50.70
   1210.80713    0.9870100      50.70
   1210.80884    0.9875600      50.73
   1210.81055    0.9881000      50.76
   1210.81226    0.9882600      50.77
   1210.81396    0.9884100      50.77
   1210.81567    0.9889400      50.80
   1210.81738    0.9896000      50.83
   1210.81897    0.9898500      50.85
   1210.82068    0.9896200      50.84
   1210.82239    0.9891700      50.81
   1210.82410    0.9886900      50.79
   1210.82581    0.9882300      50.76
   1210.82751    0.9878400      50.74
   1210.82922    0.9874600      50.72
   1210.83081    0.9869600      50.70
   1210.83252    0.9863300      50.67
   1210.83423    0.9858000      50.64
   1210.83594    0.9854200      50.62
   1210.83765    0.9850000      50.60
   1210.83936    0.9844600      50.57
   1210.84106    0.9840400      50.55
   1210.84277    0.9838100      50.54
   1210.84436    0.9833700      50.51
   1210.84607    0.9823700      50.46
   1210.84778    0.9812700      50.40
   1210.84949    0.9810400      50.39
   1210.85120    0.9819600      50.44
   1210.85291    0.9832700      50.51
   1210.85461    0.9841000      50.55
   1210.85620    0.9844000      50.56
   1210.85791    0.9846300      50.58
   1210.85962    0.9849000      50.59
   1210.86133    0.9848500      50.59
   1210.86304    0.9843300      50.56
   1210.86475    0.9837800      50.53
   1210.86646    0.9836800      50.53
   1210.86816    0.9838900      50.54
   1210.86975    0.9838200      50.53
   1210.87146    0.9832200      50.50
   1210.87317    0.9824000      50.46
   1210.87488    0.9817500      50.43
   1210.87659    0.9811900      50.40
   1210.87830    0.9804000      50.36
   1210.88000    0.9794900      50.31
   1210.88171    0.9789300      50.28
   1210.88330    0.9788800      50.28
   1210.88501    0.9789000      50.28
   1210.88672    0.9784900      50.26
   1210.88843    0.9778000      50.22
   1210.89014    0.9772800      50.20
   1210.89185    0.9769400      50.18
   1210.89355    0.9762500      50.14
   1210.89514    0.9748700      50.07
   1210.89685    0.9731400      49.98
   1210.89856    0.9715000      49.90
   1210.90027    0.9699500      49.82
   1210.90198    0.9681900      49.73
   1210.90369    0.9662000      49.63
   1210.90540    0.9642300      49.52
   1210.90710    0.9622400      49.42
   1210.90869    0.9597600      49.29
   1210.91040    0.9563800      49.12
   1210.91211    0.9522000      48.91
   1210.91382    0.9475400      48.67
   1210.91553    0.9424300      48.40
   1210.91724    0.9364000      48.09
   1210.91895    0.9288800      47.71
   1210.92053    0.9194600      47.22
   1210.92224    0.9079400      46.63
   1210.92395    0.8942500      45.93
   1210.92566    0.8783400      45.11
   1210.92737    0.8601700      44.18
   1210.92908    0.8403100      43.16
   1210.93079    0.8207000      42.15
   1210.93250    0.8048500      41.34
   1210.93408    0.7966800      40.92
   1210.93579    0.7983600      41.00
   1210.93750    0.8090300      41.55
   1210.93921    0.8255100      42.40
   1210.94092    0.8440300      43.35
   1210.94263    0.8616900      44.25
   1210.94434    0.8768800      45.03
   1210.94604    0.8890800      45.66
   1210.94763    0.8984800      46.14
   1210.94934    0.9056200      46.51
   1210.95105    0.9109300      46.78
   1210.95276    0.9146100      46.97
   1210.95447    0.9167200      47.08
   1210.95618    0.9172400      47.11
   1210.95789    0.9161600      47.05
   1210.95947    0.9135500      46.92
   1210.96118    0.9097500      46.72
   1210.96289    0.9050500      46.48
   1210.96460    0.8994200      46.19
   1210.96631    0.8925200      45.84
   1210.96802    0.8844100      45.42
   1210.96973    0.8760700      44.99
   1210.97144    0.8688800      44.62
   1210.97302    0.8638800      44.36
   1210.97473    0.8614900      44.24
   1210.97644    0.8616400      44.25
   1210.97815    0.8638800      44.36
   1210.97986    0.8671200      44.53
   1210.98157    0.8700100      44.68
   1210.98328    0.8716900      44.76
   1210.98499    0.8720800      44.78
   1210.98657    0.8711700      44.74
   1210.98828    0.8685600      44.60
   1210.98999    0.8637500      44.36
   1210.99170    0.8568800      44.00
   1210.99341    0.8485700      43.58
   1210.99512    0.8390100      43.09
   1210.99683    0.8274800      42.49
   1210.99854    0.8129000      41.74
   1211.00012    0.7945700      40.80
   1211.00183    0.7722200      39.66
   1211.00354    0.7454300      38.28
   1211.00525    0.7133500      36.63
   1211.00696    0.6748500      34.65
   1211.00867    0.6289600      32.30
   1211.01038    0.5750200      29.53
   1211.01196    0.5128200      26.33
   1211.01367    0.4430000      22.75
   1211.01538    0.3679400      18.89
   1211.01709    0.2928500      15.04
   1211.01880    0.2258000      11.60
   1211.02051    0.1759900       9.04
   1211.02222    0.1508000       7.74
   1211.02393    0.1534200       7.88
   1211.02551    0.1822300       9.36
   1211.02722    0.2317700      11.90
   1211.02893    0.2942600      15.11
   1211.03064    0.3611300      18.54
   1211.03235    0.4246200      21.80
   1211.03406    0.4792300      24.61
   1211.03577    0.5222800      26.82
   1211.03748    0.5532800      28.41
   1211.03906    0.5728600      29.42
   1211.04077    0.5819700      29.88
   1211.04248    0.5815600      29.86
   1211.04419    0.5724300      29.39
   1211.04590    0.5552100      28.51
   1211.04761    0.5309100      27.26
   1211.04932    0.5015000      25.75
   1211.05103    0.4701800      24.14
   1211.05261    0.4411700      22.65
   1211.05432    0.4190400      21.52
   1211.05603    0.4075900      20.93
   1211.05774    0.4084100      20.97
   1211.05945    0.4199900      21.57
   1211.06116    0.4386000      22.52
   1211.06287    0.4604700      23.64
   1211.06445    0.4835900      24.83
   1211.06616    0.5076600      26.07
   1211.06787    0.5327200      27.35
   1211.06958    0.5584400      28.67
   1211.07129    0.5843900      30.01
   1211.07300    0.6105500      31.35
   1211.07471    0.6370300      32.71
   1211.07642    0.6637000      34.08
   1211.07800    0.6900900      35.43
   1211.07971    0.7156600      36.75
   1211.08142    0.7399200      37.99
   1211.08313    0.7624700      39.15
   1211.08484    0.7831300      40.21
   1211.08655    0.8020000      41.18
   1211.08826    0.8191600      42.06
   1211.08997    0.8344900      42.85
   1211.09155    0.8479400      43.54
   1211.09326    0.8598100      44.15
   1211.09497    0.8704700      44.69
   1211.09668    0.8799300      45.18
   1211.09839    0.8880300      45.59
   1211.10010    0.8949900      45.95
   1211.10181    0.9014000      46.28
   1211.10352    0.9074500      46.59
   1211.10510    0.9126500      46.86
   1211.10681    0.9166200      47.06
   1211.10852    0.9197400      47.22
   1211.11023    0.9227300      47.38
   1211.11194    0.9257800      47.53
   1211.11365    0.9286200      47.68
   1211.11536    0.9312400      47.81
   1211.11707    0.9339700      47.95
   1211.11865    0.9369000      48.10
   1211.12036    0.9397000      48.25
   1211.12207    0.9421500      48.37
   1211.12378    0.9445300      48.49
   1211.12549    0.9471100      48.63
   1211.12720    0.9497700      48.76
   1211.12891    0.9522100      48.89
   1211.13062    0.9544500      49.00
   1211.13220    0.9566500      49.12
   1211.13391    0.9587800      49.22
   1211.13562    0.9606200      49.32
   1211.13733    0.9620900      49.39
   1211.13904    0.9634300      49.46
   1211.14075    0.9648400      49.54
   1211.14246    0.9661600      49.60
   1211.14417    0.9671400      49.65
   1211.14575    0.9677800      49.69
   1211.14746    0.9684000      49.72
   1211.14917    0.9692600      49.76
   1211.15088    0.9701200      49.81
   1211.15259    0.9704900      49.82
   1211.15430    0.9702500      49.81
   1211.15601    0.9699600      49.80
   1211.15771    0.9701100      49.80
   1211.15930    0.9703300      49.82
   1211.16101    0.9698800      49.79
   1211.16272    0.9687500      49.73
   1211.16443    0.9678100      49.69
   1211.16614    0.9675900      49.67
   1211.16785    0.9676600      49.68
   1211.16956    0.9674300      49.67
   1211.17126    0.9670700      49.65
   1211.17285    0.9669400      49.64
   1211.17456    0.9667700      49.63
   1211.17627    0.9662100      49.60
   1211.17798    0.9658300      49.58
   1211.17969    0.9662900      49.61
   1211.18140    0.9669000      49.64
   1211.18311    0.9663100      49.61
   1211.18481    0.9648000      49.53
   1211.18640    0.9639300      49.48
   1211.18811    0.9632700      49.45
   1211.18982    0.9595800      49.26
   1211.19153    0.9511400      48.83
   1211.19324    0.9419800      48.36
   1211.19495    0.9389700      48.20
   1211.19666    0.9444800      48.49
   1211.19836    0.9538900      48.97
   1211.19995    0.9611700      49.34
   1211.20166    0.9649300      49.53
   1211.20337    0.9676400      49.67
   1211.20508    0.9708500      49.84
   1211.20679    0.9734800      49.97
   1211.20850    0.9745000      50.03
   1211.21021    0.9748200      50.04
   1211.21191    0.9757700      50.09
   1211.21350    0.9773200      50.17
   1211.21521    0.9786100      50.24
   1211.21692    0.9794900      50.28
   1211.21863    0.9802900      50.32
   1211.22034    0.9809200      50.35
   1211.22205    0.9810100      50.36
   1211.22375    0.9808500      50.35
   1211.22546    0.9811400      50.36
   1211.22705    0.9818900      50.40
   1211.22876    0.9822400      50.42
   1211.23047    0.9817600      50.40
   1211.23218    0.9810700      50.36
   1211.23389    0.9810700      50.36
   1211.23560    0.9818000      50.40
   1211.23730    0.9825100      50.43
   1211.23901    0.9827300      50.44
   1211.24060    0.9828000      50.45
   1211.24231    0.9832800      50.47
   1211.24402    0.9841800      50.52
   1211.24573    0.9848900      50.56
   1211.24744    0.9849300      50.56
   1211.24915    0.9845300      50.54
   1211.25085    0.9843500      50.53
   1211.25256    0.9846600      50.54
   1211.25415    0.9850800      50.56
   1211.25586    0.9851700      50.57
   1211.25757    0.9850700      50.56
   1211.25928    0.9852400      50.57
   1211.26099    0.9857600      50.60
   1211.26270    0.9861800      50.62
   1211.26440    0.9861400      50.62
   1211.26611    0.9857200      50.60
   1211.26770    0.9852400      50.57
   1211.26941    0.9848100      50.55
   1211.27112    0.9843500      50.53
   1211.27283    0.9838400      50.50
   1211.27454    0.9833200      50.47
   1211.27625    0.9827900      50.44
   1211.27795    0.9823500      50.42
   1211.27966    0.9822300      50.42
   1211.28125    0.9824700      50.43
   1211.28296    0.9825800      50.43
   1211.28467    0.9819900      50.40
   1211.28638    0.9807800      50.34
   1211.28809    0.9796400      50.28
   1211.28979    0.9789600      50.25
   1211.29150    0.9782100      50.21
   1211.29321    0.9765800      50.12
   1211.29480    0.9740000      49.99
   1211.29651    0.9711300      49.84
   1211.29822    0.9683900      49.70
   1211.29993    0.9655100      49.56
   1211.30164    0.9619200      49.37
   1211.30334    0.9573900      49.14
   1211.30505    0.9519700      48.86
   1211.30676    0.9455500      48.53
   1211.30847    0.9378800      48.14
   1211.31006    0.9288600      47.67
   1211.31177    0.9186600      47.15
   1211.31348    0.9075900      46.58
   1211.31519    0.8963700      46.01
   1211.31689    0.8866500      45.51
   1211.31860    0.8807300      45.20
   1211.32031    0.8803500      45.18
   1211.32202    0.8854900      45.45
   1211.32361    0.8944300      45.91
   1211.32532    0.9048900      46.44
   1211.32703    0.9151100      46.97
   1211.32874    0.9242000      47.43
   1211.33044    0.9320200      47.83
   1211.33215    0.9388700      48.19
   1211.33386    0.9449700      48.50
   1211.33557    0.9501200      48.76
   1211.33716    0.9539100      48.96
   1211.33887    0.9563700      49.08
   1211.34058    0.9580800      49.17
   1211.34229    0.9595900      49.25
   1211.34399    0.9608100      49.31
   1211.34570    0.9614000      49.34
   1211.34741    0.9613700      49.34
   1211.34912    0.9610100      49.32
   1211.35071    0.9602800      49.28
   1211.35242    0.9587300      49.20
   1211.35413    0.9561200      49.07
   1211.35583    0.9526200      48.89
   1211.35754    0.9482800      48.67
   1211.35925    0.9425300      48.37
   1211.36096    0.9347100      47.97
   1211.36267    0.9247800      47.46
   1211.36438    0.9131700      46.86
   1211.36597    0.9003200      46.20
   1211.36768    0.8869700      45.52
   1211.36938    0.8752000      44.91
   1211.37109    0.8682400      44.56
   1211.37280    0.8686100      44.58
   1211.37451    0.8761500      44.96
   1211.37622    0.8882000      45.58
   1211.37793    0.9016300      46.27
   1211.37952    0.9145400      46.93
   1211.38123    0.9261800      47.53
   1211.38293    0.9362000      48.04
   1211.38464    0.9444200      48.47
   1211.38635    0.9511300      48.81
   1211.38806    0.9568900      49.11
   1211.38977    0.9619800      49.37
   1211.39148    0.9662800      49.59
   1211.39307    0.9696600      49.76
   1211.39478    0.9723800      49.90
   1211.39648    0.9748000      50.02
   1211.39819    0.9769900      50.14
   1211.39990    0.9788600      50.23
   1211.40161    0.9804600      50.31
   1211.40332    0.9819000      50.39
   1211.40503    0.9831200      50.45
   1211.40662    0.9839900      50.49
   1211.40833    0.9846900      50.53
   1211.41003    0.9856300      50.58
   1211.41174    0.9868500      50.64
   1211.41345    0.9878600      50.69
   1211.41516    0.9882100      50.71
   1211.41687    0.9880700      50.70
   1211.41858    0.9879300      50.70
   1211.42029    0.9879700      50.70
   1211.42188    0.9879700      50.70
   1211.42358    0.9878000      50.69
   1211.42529    0.9877500      50.69
   1211.42700    0.9879900      50.70
   1211.42871    0.9883200      50.72
   1211.43042    0.9884700      50.72
   1211.43213    0.9885900      50.73
   1211.43384    0.9889700      50.75
   1211.43542    0.9896000      50.78
   1211.43713    0.9901600      50.81
   1211.43884    0.9905400      50.83
   1211.44055    0.9909300      50.85
   1211.44226    0.9913500      50.87
   1211.44397    0.9916000      50.88
   1211.44568    0.9915200      50.88
   1211.44739    0.9912700      50.86
   1211.44910    0.9910400      50.85
   1211.45068    0.9907000      50.84
   1211.45239    0.9901400      50.81
   1211.45410    0.9896200      50.78
   1211.45581    0.9895300      50.77
   1211.45752    0.9898900      50.79
   1211.45923    0.9903000      50.81
   1211.46094    0.9904100      50.82
   1211.46265    0.9902100      50.81
   1211.46423    0.9898100      50.79
   1211.46594    0.9892800      50.76
   1211.46765    0.9886800      50.73
   1211.46936    0.9881400      50.70
   1211.47107    0.9876700      50.68
   1211.47278    0.9870700      50.65
   1211.47449    0.9862000      50.60
   1211.47620    0.9853200      50.56
   1211.47778    0.9848000      50.53
   1211.47949    0.9847500      50.53
   1211.48120    0.9848600      50.53
   1211.48291    0.9849300      50.54
   1211.48462    0.9850900      50.54
   1211.48633    0.9855600      50.57
   1211.48804    0.9862200      50.60
   1211.48975    0.9866300      50.62
   1211.49146    0.9864400      50.61
   1211.49304    0.9857100      50.58
   1211.49475    0.9847600      50.53
   1211.49646    0.9838000      50.48
   1211.49817    0.9827600      50.42
   1211.49988    0.9814800      50.36
   1211.50159    0.9799000      50.28
   1211.50330    0.9780400      50.18
   1211.50500    0.9757800      50.06
   1211.50659    0.9729800      49.92
   1211.50830    0.9695900      49.75
   1211.51001    0.9657200      49.55
   1211.51172    0.9613900      49.33
   1211.51343    0.9564200      49.07
   1211.51514    0.9506600      48.78
   1211.51685    0.9444700      48.46
   1211.51855    0.9387400      48.16
   1211.52026    0.9345000      47.95
   1211.52185    0.9327100      47.85
   1211.52356    0.9339000      47.91
   1211.52527    0.9378700      48.12
   1211.52698    0.9435500      48.41
   1211.52869    0.9495300      48.72
   1211.53040    0.9548800      48.99
   1211.53210    0.9595800      49.23
   1211.53381    0.9639000      49.45
   1211.53540    0.9677700      49.65
   1211.53711    0.9708600      49.81
   1211.53882    0.9730900      49.92
   1211.54053    0.9748000      50.01
   1211.54224    0.9762300      50.08
   1211.54395    0.9773500      50.14
   1211.54565    0.9779400      50.17
   1211.54736    0.9779600      50.17
   1211.54907    0.9774600      50.15
   1211.55066    0.9765100      50.10
   1211.55237    0.9753000      50.04
   1211.55408    0.9741700      49.98
   1211.55579    0.9732800      49.93
   1211.55750    0.9723100      49.88
   1211.55920    0.9707200      49.80
   1211.56091    0.9683200      49.68
   1211.56262    0.9654500      49.53
   1211.56433    0.9624600      49.38
   1211.56592    0.9592400      49.21
   1211.56763    0.9553400      49.01
   1211.56934    0.9505300      48.76
   1211.57104    0.9449900      48.48
   1211.57275    0.9389700      48.17
   1211.57446    0.9326500      47.85
   1211.57617    0.9261300      47.51
   1211.57788    0.9193600      47.16
   1211.57947    0.9118400      46.78
   1211.58118    0.9025100      46.30
   1211.58289    0.8903900      45.68
   1211.58459    0.8749500      44.89
   1211.58630    0.8557700      43.90
   1211.58801    0.8318600      42.67
   1211.58972    0.8016300      41.12
   1211.59143    0.7637500      39.18
   1211.59314    0.7180300      36.83
   1211.59473    0.6666300      34.20
   1211.59644    0.6158800      31.59
   1211.59814    0.5767100      29.58
   1211.59985    0.5609300      28.78
   1211.60156    0.5740400      29.45
   1211.60327    0.6111300      31.35
   1211.60498    0.6603300      33.87
   1211.60669    0.7108500      36.47
   1211.60840    0.7572700      38.85
   1211.60999    0.7976800      40.92
   1211.61169    0.8307700      42.62
   1211.61340    0.8563200      43.93
   1211.61511    0.8762000      44.95
   1211.61682    0.8924000      45.78
   1211.61853    0.9042500      46.39
   1211.62024    0.9101500      46.69
   1211.62195    0.9120700      46.79
   1211.62354    0.9157100      46.97
   1211.62524    0.9248100      47.44
   1211.62695    0.9370000      48.06
   1211.62866    0.9470800      48.58
   1211.63037    0.9530800      48.89
   1211.63208    0.9573200      49.11
   1211.63379    0.9619600      49.34
   1211.63550    0.9663300      49.57
   1211.63721    0.9689900      49.71
   1211.63879    0.9704600      49.78
   1211.64050    0.9722600      49.87
   1211.64221    0.9745300      49.99
   1211.64392    0.9762200      50.08
   1211.64563    0.9770100      50.12
   1211.64734    0.9777700      50.15
   1211.64905    0.9790700      50.22
   1211.65076    0.9803700      50.29
   1211.65247    0.9810700      50.32
   1211.65405    0.9813600      50.34
   1211.65576    0.9816300      50.35
   1211.65747    0.9818100      50.36
   1211.65918    0.9816400      50.35
   1211.66089    0.9812900      50.33
   1211.66260    0.9809400      50.32
   1211.66431    0.9803400      50.28
   1211.66602    0.9791800      50.23
   1211.66772    0.9777400      50.15
   1211.66931    0.9768100      50.10
   1211.67102    0.9767300      50.10
   1211.67273    0.9771200      50.12
   1211.67444    0.9774800      50.14
   1211.67615    0.9777100      50.15
   1211.67786    0.9780600      50.17
   1211.67957    0.9787700      50.20
   1211.68127    0.9798900      50.26
   1211.68286    0.9812700      50.33
   1211.68457    0.9825300      50.40
   1211.68628    0.9833400      50.44
   1211.68799    0.9837400      50.46
   1211.68970    0.9840900      50.47
   1211.69141    0.9846000      50.50
   1211.69312    0.9850200      50.52
   1211.69482    0.9850500      50.52
   1211.69653    0.9846700      50.50
   1211.69812    0.9841100      50.48
   1211.69983    0.9834700      50.44
   1211.70154    0.9826200      50.40
   1211.70325    0.9812800      50.33
   1211.70496    0.9791600      50.22
   1211.70667    0.9759300      50.05
   1211.70837    0.9714700      49.83
   1211.71008    0.9661400      49.55
   1211.71179    0.9605800      49.27
   1211.71338    0.9554900      49.01
   1211.71509    0.9517200      48.81
   1211.71680    0.9503500      48.74
   1211.71851    0.9521300      48.83
   1211.72021    0.9565900      49.06
   1211.72192    0.9621000      49.34
   1211.72363    0.9670500      49.60
   1211.72534    0.9709800      49.80
   1211.72705    0.9743900      49.97
   1211.72864    0.9776000      50.14
   1211.73035    0.9804500      50.28
   1211.73206    0.9827800      50.40
   1211.73376    0.9848300      50.51
   1211.73547    0.9868500      50.61
   1211.73718    0.9886700      50.71
   1211.73889    0.9899100      50.77
   1211.74060    0.9905300      50.80
   1211.74231    0.9908400      50.82
   1211.74390    0.9911300      50.83
   1211.74561    0.9913800      50.84
   1211.74731    0.9915200      50.85
   1211.74902    0.9915900      50.85
   1211.75073    0.9916900      50.86
   1211.75244    0.9918100      50.87
   1211.75415    0.9918900      50.87
   1211.75586    0.9918400      50.87
   1211.75757    0.9917200      50.86
   1211.75916    0.9915500      50.85
   1211.76086    0.9913300      50.84
   1211.76257    0.9908800      50.82
   1211.76428    0.9900000      50.77
   1211.76599    0.9886300      50.70
   1211.76770    0.9869300      50.61
   1211.76941    0.9851200      50.52
   1211.77112    0.9831700      50.42
   1211.77283    0.9808400      50.30
   1211.77441    0.9779800      50.15
   1211.77612    0.9746100      49.98
   1211.77783    0.9708600      49.79
   1211.77954    0.9668100      49.58
   1211.78125    0.9625400      49.36
   1211.78296    0.9582600      49.14
   1211.78467    0.9542000      48.93
   1211.78638    0.9506500      48.75
   1211.78809    0.9479800      48.61
   1211.78967    0.9466600      48.55
   1211.79138    0.9470300      48.57
   1211.79309    0.9489700      48.66
   1211.79480    0.9520700      48.82
   1211.79651    0.9559800      49.02
   1211.79822    0.9605700      49.26
   1211.79993    0.9656200      49.52
   1211.80164    0.9706200      49.77
   1211.80334    0.9751100      50.00
   1211.80493    0.9790000      50.20
   1211.80664    0.9825200      50.38
   1211.80835    0.9857100      50.55
   1211.81006    0.9881900      50.67
   1211.81177    0.9896800      50.75
   1211.81348    0.9904700      50.79
   1211.81519    0.9912200      50.83
   1211.81689    0.9922700      50.88
   1211.81860    0.9932800      50.93
   1211.82019    0.9938100      50.96
   1211.82190    0.9938700      50.96
   1211.82361    0.9938600      50.96
   1211.82532    0.9939600      50.97
   1211.82703    0.9940000      50.97
   1211.82874    0.9938700      50.96
   1211.83044    0.9937400      50.96
   1211.83215    0.9937900      50.96
   1211.83386    0.9938300      50.96
   1211.83545    0.9936600      50.95
   1211.83716    0.9934000      50.94
   1211.83887    0.9933600      50.94
   1211.84058    0.9934700      50.94
   1211.84229    0.9933400      50.94
   1211.84399    0.9927800      50.91
   1211.84570    0.9921000      50.87
   1211.84741    0.9916000      50.85
   1211.84912    0.9912100      50.83
   1211.85071    0.9907800      50.80
   1211.85242    0.9905000      50.79
   1211.85413    0.9906200      50.80
   1211.85583    0.9909000      50.81
   1211.85754    0.9907800      50.80
   1211.85925    0.9900800      50.77
   1211.86096    0.9891600      50.72
   1211.86267    0.9882400      50.67
   1211.86438    0.9870000      50.61
   1211.86597    0.9850600      50.51
   1211.86768    0.9823400      50.37
   1211.86938    0.9789000      50.19
   1211.87109    0.9746200      49.97
   1211.87280    0.9697500      49.72
   1211.87451    0.9655600      49.51
   1211.87622    0.9637000      49.41
   1211.87793    0.9646900      49.46
   1211.87964    0.9673200      49.60
   1211.88123    0.9699200      49.73
   1211.88293    0.9716700      49.82
   1211.88464    0.9725600      49.87
   1211.88635    0.9724400      49.86
   1211.88806    0.9708400      49.78
   1211.88977    0.9676700      49.62
   1211.89148    0.9634600      49.40
   1211.89319    0.9585900      49.15
   1211.89490    0.9530200      48.86
   1211.89648    0.9471100      48.56
   1211.89819    0.9423200      48.32
   1211.89990    0.9404300      48.22
   1211.90161    0.9420200      48.30
   1211.90332    0.9460000      48.50
   1211.90503    0.9507800      48.75
   1211.90674    0.9554600      48.99
   1211.90845    0.9597800      49.21
   1211.91016    0.9635600      49.40
   1211.91187    0.9665100      49.55
   1211.91345    0.9685900      49.66
   1211.91516    0.9700700      49.74
   1211.91687    0.9712400      49.80
   1211.91858    0.9721900      49.84
   1211.92029    0.9729400      49.88
   1211.92200    0.9735100      49.91
   1211.92371    0.9737700      49.93
   1211.92542    0.9734300      49.91
   1211.92712    0.9722200      49.85
   1211.92871    0.9700300      49.73
   1211.93042    0.9667700      49.57
   1211.93213    0.9621400      49.33
   1211.93384    0.9556500      49.00
   1211.93555    0.9468900      48.55
   1211.93726    0.9357900      47.98
   1211.93896    0.9227000      47.31
   1211.94067    0.9081900      46.56
   1211.94238    0.8928000      45.77
   1211.94397    0.8771300      44.97
   1211.94568    0.8622200      44.20
   1211.94739    0.8495800      43.56
   1211.94910    0.8407000      43.10
   1211.95081    0.8363200      42.88
   1211.95251    0.8363300      42.88
   1211.95422    0.8404500      43.09
   1211.95593    0.8483700      43.49
   1211.95764    0.8592700      44.05
   1211.95923    0.8714300      44.68
   1211.96094    0.8829700      45.27
   1211.96265    0.8928400      45.77
   1211.96436    0.9008600      46.18
   1211.96606    0.9068500      46.49
   1211.96777    0.9104000      46.67
   1211.96948    0.9113000      46.72
   1211.97119    0.9097100      46.64
   1211.97290    0.9056900      46.43
   1211.97461    0.8988900      46.08
   1211.97620    0.8889800      45.57
   1211.97791    0.8760200      44.91
   1211.97961    0.8599600      44.09
   1211.98132    0.8401700      43.07
   1211.98303    0.8159300      41.83
   1211.98474    0.7872200      40.36
   1211.98645    0.7547600      38.69
   1211.98816    0.7197100      36.90
   1211.98987    0.6845700      35.09
   1211.99146    0.6543900      33.55
   1211.99316    0.6359600      32.60
   1211.99487    0.6343100      32.52
   1211.99658    0.6494800      33.29
   1211.99829    0.6767700      34.69
   1212.00000    0.7098100      36.39
   1212.00171    0.7435200      38.12
   1212.00342    0.7750600      39.73
   1212.00513    0.8032200      41.18
   1212.00684    0.8276400      42.43
   1212.00842    0.8483300      43.49
   1212.01013    0.8654200      44.36
   1212.01184    0.8793400      45.08
   1212.01355    0.8908200      45.67
   1212.01526    0.9005400      46.16
   1212.01697    0.9086600      46.58
   1212.01868    0.9150500      46.91
   1212.02039    0.9199000      47.16
   1212.02209    0.9238300      47.36
   1212.02368    0.9271700      47.53
   1212.02539    0.9296800      47.66
   1212.02710    0.9311400      47.73
   1212.02881    0.9318900      47.77
   1212.03052    0.9323900      47.79
   1212.03223    0.9325300      47.80
   1212.03394    0.9318600      47.77
   1212.03564    0.9302600      47.69
   1212.03735    0.9280100      47.57
   1212.03894    0.9251100      47.42
   1212.04065    0.9211600      47.22
   1212.04236    0.9159100      46.95
   1212.04407    0.9096400      46.63
   1212.04578    0.9026000      46.27
   1212.04749    0.8943000      45.84
   1212.04919    0.8837700      45.30
   1212.05090    0.8702500      44.61
   1212.05261    0.8534900      43.75
   1212.05432    0.8332600      42.71
   1212.05591    0.8088400      41.46
   1212.05762    0.7791700      39.94
   1212.05933    0.7435200      38.11
   1212.06104    0.7026900      36.02
   1212.06274    0.6599800      33.83
   1212.06445    0.6212100      31.84
   1212.06616    0.5929300      30.39
   1212.06787    0.5798000      29.72
   1212.06958    0.5825800      29.86
   1212.07117    0.5980500      30.65
   1212.07288    0.6204000      31.80
   1212.07458    0.6432700      32.97
   1212.07629    0.6617900      33.92
   1212.07800    0.6741300      34.55
   1212.07971    0.6820000      34.96
   1212.08142    0.6894400      35.34
   1212.08313    0.7005400      35.91
   1212.08484    0.7173400      36.77
   1212.08655    0.7393200      37.89
   1212.08813    0.7643600      39.18
   1212.08984    0.7900900      40.50
   1212.09155    0.8146400      41.75
   1212.09326    0.8367200      42.89
   1212.09497    0.8557300      43.86
   1212.09668    0.8719600      44.69
   1212.09839    0.8862700      45.43
